75 -3 -23.4 -23.4 -3.321 -6.396 0.0 0.0 0.0 36.7155550 -4.4901500 5.00 287.45 0.08 36.7157276 -4.4908784 0.00 94.67 0.94 0.000 37.598 11:21:54.84
75 -3 -23.4 -23.4 -2.706 -10.332 0.0 0.0 0.0 36.7155550 -4.4901500 5.00 287.45 0.08 36.7157276 -4.4908773 0.00 94.23 0.95 0.000 37.598 11:21:54.93
75 -3 -23.4 -23.4 -2.706 -5.043 0.0 0.0 0.0 36.7155550 -4.4901500 5.00 287.45 0.08 36.7157276 -4.4908773 0.00 94.23 0.95 0.000 37.598 11:21:55.04
75 -2 -23.4 -23.4 -2.337 -10.824 0.0 0.0 0.0 36.7155550 -4.4901500 5.00 287.45 0.08 36.7157276 -4.4908762 0.00 93.77 0.98 0.000 37.598 11:21:55.14
75 -2 -23.4 -23.4 -2.829 -7.749 0.0 0.0 0.0 36.7155550 -4.4901500 5.00 287.45 0.08 36.7157276 -4.4908762 0.00 93.77 0.98 0.000 37.598 11:21:55.25
75 -2 -23.4 -23.4 -0.492 -8.364 0.0 0.0 0.0 36.7155550 -4.4901500 5.00 287.45 0.08 36.7157276 -4.4908750 0.00 93.30 0.99 0.000 37.598 11:21:55.34
75 -2 -23.4 -23.4 -1.599 -7.995 0.0 0.0 0.0 36.7155550 -4.4901500 5.00 287.45 0.08 36.7157276 -4.4908750 0.00 93.30 0.99 0.000 37.598 11:21:55.43
75 -1 -23.4 -23.4 -0.615 -6.027 0.0 0.0 0.0 36.7155550 -4.4901500 5.00 287.45 0.08 36.7157275 -4.4908739 0.00 92.99 0.97 0.000 37.598 11:21:55.54
75 -1 -23.4 -23.4 -2.706 -9.471 0.0 0.0 0.0 36.7155550 -4.4901500 5.00 287.45 0.08 36.7157275 -4.4908739 0.00 92.99 0.97 0.000 37.598 11:21:55.64
75 -1 -23.4 -23.4 1.599 -7.257 0.0 0.0 0.0 36.7155550 -4.4901500 5.00 287.45 0.08 36.7157275 -4.4908728 0.00 92.71 0.95 0.000 37.598 11:21:55.75
75 -1 -23.4 -23.4 -1.722 -4.551 0.0 0.0 0.0 36.7155550 -4.4901500 5.00 287.45 0.08 36.7157275 -4.4908728 0.00 92.71 0.95 0.000 37.598 11:21:55.84
75 -1 -23.4 -23.4 1.107 -3.198 0.0 0.0 0.0 36.7155550 -4.4901500 5.00 287.45 0.08 36.7157275 -4.4908716 0.00 92.54 0.92 0.000 37.598 11:21:55.93
75 -1 -23.4 -23.4 -1.476 -7.011 0.0 0.0 0.0 36.7155550 -4.4901500 5.00 287.45 0.08 36.7157275 -4.4908716 0.00 92.54 0.92 0.000 37.598 11:21:56.04
75 -1 -23.4 -23.4 1.845 -6.273 0.0 0.0 0.0 36.7155550 -4.4901500 5.00 287.45 0.08 36.7157275 -4.4908705 0.00 92.32 0.92 0.000 37.598 11:21:56.14
75 -1 -23.4 -23.4 -1.353 -5.412 0.0 0.0 0.0 36.7155550 -4.4901500 5.00 287.45 0.08 36.7157275 -4.4908705 0.00 92.32 0.92 0.000 37.598 11:21:56.25
75 0 -23.4 -23.4 -0.246 -5.412 0.0 0.0 0.0 36.7155550 -4.4901500 5.00 287.45 0.08 36.7157274 -4.4908694 0.00 92.11 0.91 0.000 37.598 11:21:56.34
75 0 -22.6 -23.0 0.984 -6.888 0.0 0.0 0.0 36.7155550 -4.4901500 5.00 287.45 0.08 36.7157274 -4.4908694 0.00 92.11 0.91 0.000 37.598 11:21:56.43
75 0 -22.6 -23.0 -1.353 -4.305 0.0 0.0 0.0 36.7155550 -4.4901500 5.00 287.45 0.08 36.7157274 -4.4908683 0.00 91.89 0.91 0.000 37.598 11:21:56.54
75 0 -22.6 -23.0 0.738 -7.995 0.0 0.0 0.0 36.7155550 -4.4901500 5.00 287.45 0.08 36.7157274 -4.4908683 0.00 91.89 0.91 0.000 37.598 11:21:56.64
75 0 -22.6 -23.0 1.230 -1.107 0.0 0.0 0.0 36.7155550 -4.4901500 5.00 287.45 0.08 36.7157274 -4.4908672 0.00 91.85 0.95 0.000 37.598 11:21:56.75
75 0 -22.6 -23.0 -0.246 -7.011 0.0 0.0 0.0 36.7155550 -4.4901500 5.00 287.45 0.08 36.7157274 -4.4908672 0.00 91.85 0.95 0.000 37.598 11:21:56.84
75 0 -22.6 -23.0 -0.492 -2.706 0.0 0.0 0.0 36.7155550 -4.4901500 5.00 287.45 0.08 36.7157273 -4.4908661 0.00 91.82 0.91 0.000 37.598 11:21:56.93
75 0 -22.6 -23.0 1.107 -5.781 0.0 0.0 0.0 36.7155550 -4.4901500 5.00 287.45 0.08 36.7157273 -4.4908661 0.00 91.82 0.91 0.000 37.598 11:21:57.04
75 -3 -22.6 -23.0 0.492 -2.829 0.0 0.0 0.0 36.7155550 -4.4901500 5.00 287.45 0.08 36.7157273 -4.4908650 0.00 91.82 0.97 0.000 37.598 11:21:57.14
75 -3 -22.6 -23.0 -1.230 -7.011 0.0 0.0 0.0 36.7155550 -4.4901500 5.00 287.45 0.08 36.7157273 -4.4908650 0.00 91.82 0.97 0.000 37.598 11:21:57.25
75 -3 -22.6 -23.0 0.738 -5.043 0.0 0.0 0.0 36.7155550 -4.4901500 5.00 287.45 0.08 36.7157273 -4.4908639 0.00 91.84 0.98 0.000 37.598 11:21:57.34
75 -3 -22.6 -23.0 -1.722 -6.765 0.0 0.0 0.0 36.7155550 -4.4901500 5.00 287.45 0.08 36.7157273 -4.4908639 0.00 91.84 0.98 0.000 37.598 11:21:57.43
75 -3 -22.6 -23.0 -1.599 -6.765 0.0 0.0 0.0 36.7155550 -4.4901500 5.00 287.45 0.08 36.7157273 -4.4908627 0.00 91.65 0.96 0.000 37.598 11:21:57.54
75 -3 -22.6 -23.0 -0.369 -7.503 0.0 0.0 0.0 36.7155550 -4.4901500 5.00 287.45 0.08 36.7157273 -4.4908627 0.00 91.65 0.96 0.000 37.598 11:21:57.64
75 -3 -22.6 -23.0 -2.829 -6.642 0.0 0.0 0.0 36.7155550 -4.4901500 5.00 287.45 0.08 36.7157273 -4.4908616 0.00 91.27 0.99 0.000 37.598 11:21:57.75
75 -3 -22.6 -23.0 -4.305 -9.594 0.0 0.0 0.0 36.7155550 -4.4901500 5.00 287.45 0.08 36.7157273 -4.4908616 0.00 91.27 0.99 0.000 37.598 11:21:57.84
75 -2 -22.6 -23.0 -3.321 -5.904 0.0 0.0 0.0 36.7155550 -4.4901500 5.00 287.45 0.08 36.7157274 -4.4908605 0.00 90.82 0.99 0.000 37.598 11:21:57.93
75 -2 -22.6 -23.0 0.984 -7.011 0.0 0.0 0.0 36.7155550 -4.4901500 5.00 287.45 0.08 36.7157274 -4.4908605 0.00 90.82 0.99 0.000 37.598 11:21:58.04
75 -2 -22.6 -23.0 -3.567 -8.856 0.0 0.0 0.0 36.7155550 -4.4901500 5.00 287.45 0.08 36.7157274 -4.4908594 0.00 90.49 0.98 0.000 37.598 11:21:58.14
75 -2 -22.6 -23.0 0.369 -5.904 0.0 0.0 0.0 36.7155550 -4.4901500 5.00 287.45 0.08 36.7157274 -4.4908594 0.00 90.49 0.98 0.000 37.598 11:21:58.25
75 -2 -22.6 -23.0 -2.214 -6.765 0.0 0.0 0.0 36.7155550 -4.4901500 5.00 287.45 0.08 36.7157274 -4.4908583 0.00 90.19 0.90 0.000 37.598 11:21:58.34
75 -2 -22.6 -23.0 1.845 -2.583 0.0 0.0 0.0 36.7155550 -4.4901500 5.00 287.45 0.08 36.7157274 -4.4908583 0.00 90.19 0.90 0.000 37.598 11:21:58.43
75 -1 -22.6 -23.0 -1.230 -7.503 0.0 0.0 0.0 36.7155550 -4.4901500 5.00 287.45 0.08 36.7157274 -4.4908571 0.00 89.97 0.91 0.000 37.598 11:21:58.54
75 -1 -22.6 -23.0 0.000 -6.642 0.0 0.0 0.0 36.7155550 -4.4901500 5.00 287.45 0.08 36.7157274 -4.4908571 0.00 89.97 0.91 0.000 37.598 11:21:58.64
75 -1 -22.6 -23.0 -1.722 -7.134 0.0 0.0 0.0 36.7155550 -4.4901500 5.00 287.45 0.08 36.7157274 -4.4908560 0.00 89.79 0.92 0.000 37.598 11:21:58.75
75 -1 -22.6 -23.0 -0.615 -7.134 0.0 0.0 0.0 36.7155550 -4.4901500 5.00 287.45 0.08 36.7157274 -4.4908560 0.00 89.79 0.92 0.000 37.598 11:21:58.84
75 -1 -22.6 -23.0 0.615 -5.904 0.0 0.0 0.0 36.7155550 -4.4901500 5.00 287.45 0.08 36.7157274 -4.4908548 0.00 89.50 1.02 0.000 37.598 11:21:58.93
75 -1 -22.6 -23.0 0.492 -4.551 0.0 0.0 0.0 36.7155550 -4.4901500 5.00 287.45 0.08 36.7157274 -4.4908548 0.00 89.50 1.02 0.000 37.598 11:21:59.04
75 -1 -22.6 -23.0 0.246 -6.396 0.0 0.0 0.0 36.7155550 -4.4901500 5.00 287.45 0.08 36.7157274 -4.4908537 0.00 89.33 0.96 0.000 37.598 11:21:59.14
75 -1 -22.6 -23.0 1.230 -4.674 0.0 0.0 0.0 36.7155550 -4.4901500 5.00 287.45 0.08 36.7157274 -4.4908537 0.00 89.33 0.96 0.000 37.598 11:21:59.25
75 -1 -22.6 -23.0 -0.615 -7.380 0.0 0.0 0.0 36.7155550 -4.4901500 5.00 287.45 0.08 36.7157275 -4.4908526 0.00 89.11 0.97 0.000 37.598 11:21:59.34
75 -1 -22.6 -23.0 2.214 -3.690 0.0 0.0 0.0 36.7155550 -4.4901500 5.00 287.45 0.08 36.7157275 -4.4908526 0.00 89.11 0.97 0.000 37.598 11:21:59.43
75 -1 -22.6 -23.0 -2.460 -7.257 0.0 0.0 0.0 36.7155550 -4.4901500 5.00 287.45 0.08 36.7157275 -4.4908514 0.00 89.01 0.98 0.000 37.598 11:21:59.54
75 -1 -22.6 -23.0 2.091 -1.353 0.0 0.0 0.0 36.7155550 -4.4901500 5.00 287.45 0.08 36.7157275 -4.4908514 0.00 89.01 0.98 0.000 37.598 11:21:59.64
75 0 -22.6 -23.0 -0.738 -6.642 0.0 0.0 0.0 36.7155550 -4.4901500 5.00 287.45 0.08 36.7157275 -4.4908503 0.00 88.77 0.96 0.000 37.598 11:21:59.75
75 0 -22.6 -23.0 0.000 -3.444 0.0 0.0 0.0 36.7155550 -4.4901500 5.00 287.45 0.08 36.7157275 -4.4908503 0.00 88.77 0.96 0.000 37.598 11:21:59.84
75 0 -22.6 -23.0 -0.984 -5.781 0.0 0.0 0.0 36.7155550 -4.4901500 5.00 287.45 0.08 36.7157276 -4.4908491 0.00 88.62 0.96 0.000 37.598 11:21:59.93
75 0 -22.6 -23.0 2.829 -5.166 0.0 0.0 0.0 36.7155550 -4.4901500 5.00 287.45 0.08 36.7157276 -4.4908491 0.00 88.62 0.96 0.000 37.598 11:22:00.04
75 0 -22.6 -23.0 2.583 -5.289 0.0 0.0 0.0 36.7155550 -4.4901500 5.00 287.45 0.08 36.7157276 -4.4908481 0.00 88.48 1.02 0.000 37.598 11:22:00.14
75 0 -22.6 -23.0 1.722 -3.198 0.0 0.0 0.0 36.7155550 -4.4901500 5.00 287.45 0.08 36.7157276 -4.4908481 0.00 88.48 1.02 0.000 37.598 11:22:00.25
75 0 -22.6 -23.0 1.722 -5.043 0.0 0.0 0.0 36.7155550 -4.4901500 5.00 287.45 0.08 36.7157276 -4.4908470 0.00 88.55 0.99 0.000 37.598 11:22:00.34
75 0 -22.6 -23.0 1.476 -2.337 0.0 0.0 0.0 36.7155550 -4.4901500 5.00 287.45 0.08 36.7157276 -4.4908470 0.00 88.55 0.99 0.000 37.598 11:22:00.43
75 0 -22.6 -23.0 0.492 -5.412 0.0 0.0 0.0 36.7155550 -4.4901500 5.00 287.45 0.08 36.7157276 -4.4908459 0.00 88.47 0.92 0.000 37.598 11:22:00.54
75 0 -22.6 -23.0 4.428 -0.615 0.0 0.0 0.0 36.7155550 -4.4901500 5.00 287.45 0.08 36.7157276 -4.4908459 0.00 88.47 0.92 0.000 37.598 11:22:00.64
75 0 -22.6 -23.0 -0.123 -7.626 0.0 0.0 0.0 36.7155550 -4.4901500 5.00 287.45 0.08 36.7157276 -4.4908448 0.00 88.46 0.98 0.000 37.598 11:22:00.75
75 0 -22.6 -23.0 4.059 0.000 0.0 0.0 0.0 36.7155550 -4.4901500 5.00 287.45 0.08 36.7157276 -4.4908448 0.00 88.46 0.98 0.000 37.598 11:22:00.84
75 0 -22.6 -23.0 0.123 -5.904 0.0 0.0 0.0 36.7155550 -4.4901500 5.00 287.45 0.08 36.7157276 -4.4908436 0.00 88.45 0.96 0.000 37.598 11:22:00.93
75 0 -22.6 -23.0 2.952 -1.722 0.0 0.0 0.0 36.7155550 -4.4901500 5.00 287.45 0.08 36.7157276 -4.4908436 0.00 88.45 0.96 0.000 37.598 11:22:01.04
75 0 -22.6 -23.0 0.000 -4.182 0.0 0.0 0.0 36.7155550 -4.4901500 5.00 287.45 0.08 36.7157276 -4.4908425 0.00 88.39 0.98 0.000 37.598 11:22:01.14
75 0 -22.6 -23.0 3.321 -2.583 0.0 0.0 0.0 36.7155550 -4.4901500 5.00 287.45 0.08 36.7157276 -4.4908425 0.00 88.39 0.98 0.000 37.598 11:22:01.25
75 0 -22.6 -23.0 2.583 -3.321 0.0 0.0 0.0 36.7155550 -4.4901500 5.00 287.45 0.08 36.7157277 -4.4908414 0.00 88.40 0.93 0.000 37.598 11:22:01.34
75 0 -22.6 -23.0 0.615 -3.567 0.0 0.0 0.0 36.7155550 -4.4901500 5.00 287.45 0.08 36.7157277 -4.4908414 0.00 88.40 0.93 0.000 37.598 11:22:01.43
75 0 -22.6 -23.0 2.214 -3.936 0.0 0.0 0.0 36.7155550 -4.4901500 5.00 287.45 0.08 36.7157277 -4.4908403 0.00 88.35 0.99 0.000 37.598 11:22:01.54
75 0 -22.6 -23.0 3.567 -3.198 0.0 0.0 0.0 36.7155550 -4.4901500 5.00 287.45 0.08 36.7157277 -4.4908403 0.00 88.35 0.99 0.000 37.598 11:22:01.64
75 0 -22.6 -23.0 2.583 -5.043 0.0 0.0 0.0 36.7155550 -4.4901500 5.00 287.45 0.08 36.7157278 -4.4908392 0.00 88.38 1.05 0.000 37.598 11:22:01.75
75 0 -22.6 -23.0 0.000 -1.845 0.0 0.0 0.0 36.7155550 -4.4901500 5.00 287.45 0.08 36.7157278 -4.4908392 0.00 88.38 1.05 0.000 37.598 11:22:01.84
75 -1 -22.6 -23.0 2.583 -5.781 0.0 0.0 0.0 36.7155550 -4.4901500 5.00 287.45 0.08 36.7157278 -4.4908381 0.00 88.45 1.04 0.000 37.598 11:22:01.93
75 -1 -22.6 -23.0 -2.337 -1.476 0.0 0.0 0.0 36.7155550 -4.4901500 5.00 287.45 0.08 36.7157278 -4.4908381 0.00 88.45 1.04 0.000 37.598 11:22:02.04
75 -2 -22.6 -23.0 0.000 -6.642 0.0 0.0 0.0 36.7155550 -4.4901500 5.00 287.45 0.08 36.7157279 -4.4908370 0.00 88.50 0.79 0.000 37.598 11:22:02.14
75 -2 -22.6 -23.0 2.706 -2.460 0.0 0.0 0.0 36.7155550 -4.4901500 5.00 287.45 0.08 36.7157279 -4.4908370 0.00 88.50 0.79 0.000 37.598 11:22:02.25
75 -2 -22.6 -23.0 -0.861 -6.888 0.0 0.0 0.0 36.7155550 -4.4901500 5.00 287.45 0.08 36.7157279 -4.4908359 0.00 88.39 1.17 0.000 37.598 11:22:02.34
75 -2 -22.6 -23.0 -2.706 -3.936 0.0 0.0 0.0 36.7155550 -4.4901500 5.00 287.45 0.08 36.7157279 -4.4908359 0.00 88.39 1.17 0.000 37.598 11:22:02.43
75 -2 -22.6 -23.0 -1.353 -5.658 0.0 0.0 0.0 36.7155550 -4.4901500 5.00 287.45 0.08 36.7157280 -4.4908348 0.00 88.27 0.79 0.000 37.598 11:22:02.54
75 -2 -22.6 -23.0 -0.492 -6.150 0.0 0.0 0.0 36.7155550 -4.4901500 5.00 287.45 0.08 36.7157280 -4.4908348 0.00 88.27 0.79 0.000 37.598 11:22:02.64
75 -1 -22.6 -23.0 0.369 -4.428 0.0 0.0 0.0 36.7155550 -4.4901500 5.00 287.45 0.08 36.7157280 -4.4908336 0.00 88.05 0.99 0.000 37.598 11:22:02.75
75 -1 -22.6 -23.0 -2.829 -7.257 0.0 0.0 0.0 36.7155550 -4.4901500 5.00 287.45 0.08 36.7157280 -4.4908336 0.00 88.05 0.99 0.000 37.598 11:22:02.84
75 -1 -22.6 -23.0 2.214 -7.503 0.0 0.0 0.0 36.7155550 -4.4901500 5.00 287.45 0.08 36.7157281 -4.4908325 0.00 87.92 1.08 0.000 37.598 11:22:02.93
75 -1 -22.6 -23.0 -2.829 -5.166 0.0 0.0 0.0 36.7155550 -4.4901500 5.00 287.45 0.08 36.7157281 -4.4908325 0.00 87.92 1.08 0.000 37.598 11:22:03.04
75 -1 -22.6 -23.0 2.214 -7.503 0.0 0.0 0.0 36.7155550 -4.4901500 5.00 287.45 0.08 36.7157281 -4.4908313 0.00 87.69 1.12 0.000 37.598 11:22:03.14
75 -1 -22.6 -23.0 -1.968 -4.551 0.0 0.0 0.0 36.7155550 -4.4901500 5.00 287.45 0.08 36.7157281 -4.4908313 0.00 87.69 1.12 0.000 37.598 11:22:03.25
75 -1 -22.6 -23.0 0.000 -7.503 0.0 0.0 0.0 36.7155550 -4.4901500 5.00 287.45 0.08 36.7157282 -4.4908302 0.00 87.45 0.87 0.000 37.598 11:22:03.34
75 -1 -22.6 -23.0 1.599 -5.904 0.0 0.0 0.0 36.7155550 -4.4901500 5.00 287.45 0.08 36.7157282 -4.4908302 0.00 87.45 0.87 0.000 37.598 11:22:03.43
75 -1 -22.6 -23.0 1.722 -4.797 0.0 0.0 0.0 36.7155550 -4.4901500 5.00 287.45 0.08 36.7157282 -4.4908291 0.00 87.27 1.01 0.000 37.598 11:22:03.54
75 -1 -22.6 -23.0 -1.722 -6.273 0.0 0.0 0.0 36.7155550 -4.4901500 5.00 287.45 0.08 36.7157282 -4.4908291 0.00 87.27 1.01 0.000 37.598 11:22:03.64
75 0 -22.6 -23.0 0.246 -4.182 0.0 0.0 0.0 36.7155550 -4.4901500 5.00 287.45 0.08 36.7157283 -4.4908280 0.00 87.02 0.95 0.000 37.598 11:22:03.75
75 0 -22.6 -23.0 -0.738 -5.781 0.0 0.0 0.0 36.7155550 -4.4901500 5.00 287.45 0.08 36.7157283 -4.4908280 0.00 87.02 0.95 0.000 37.598 11:22:03.84
75 0 -22.6 -23.0 1.230 -4.059 0.0 0.0 0.0 36.7155550 -4.4901500 5.00 287.45 0.08 36.7157283 -4.4908269 0.00 86.86 0.98 0.000 37.598 11:22:03.93
75 0 -22.6 -23.0 -0.492 -3.567 0.0 0.0 0.0 36.7155550 -4.4901500 5.00 287.45 0.08 36.7157283 -4.4908269 0.00 86.86 0.98 0.000 37.598 11:22:04.04
75 0 -22.6 -23.0 1.353 -4.551 0.0 0.0 0.0 36.7155550 -4.4901500 5.00 287.45 0.08 36.7157284 -4.4908258 0.00 86.79 0.93 0.000 37.598 11:22:04.14
75 0 -22.6 -23.0 -0.369 -3.690 0.0 0.0 0.0 36.7155550 -4.4901500 5.00 287.45 0.08 36.7157284 -4.4908258 0.00 86.79 0.93 0.000 37.598 11:22:04.25
75 0 -22.6 -23.0 1.845 -5.904 0.0 0.0 0.0 36.7155550 -4.4901500 5.00 287.45 0.08 36.7157284 -4.4908247 0.00 86.70 0.95 0.000 37.598 11:22:04.34
75 0 -22.6 -23.0 0.984 -1.845 0.0 0.0 0.0 36.7155550 -4.4901500 5.00 287.45 0.08 36.7157284 -4.4908247 0.00 86.70 0.95 0.000 37.598 11:22:04.43
75 0 -22.6 -23.0 2.583 -7.995 0.0 0.0 0.0 36.7155550 -4.4901500 5.00 287.45 0.08 36.7157285 -4.4908236 0.00 86.69 0.92 0.000 37.598 11:22:04.54
75 0 -22.6 -23.0 -0.738 -2.214 0.0 0.0 0.0 36.7155550 -4.4901500 5.00 287.45 0.08 36.7157285 -4.4908236 0.00 86.69 0.92 0.000 37.598 11:22:04.64
75 1 -22.6 -23.0 0.615 -4.428 0.0 0.0 0.0 36.7155550 -4.4901500 5.00 287.45 0.08 36.7157285 -4.4908225 0.00 86.69 0.99 0.000 37.598 11:22:04.75
75 1 -22.6 -23.0 1.845 -2.091 0.0 0.0 0.0 36.7155550 -4.4901500 5.00 287.45 0.08 36.7157285 -4.4908225 0.00 86.69 0.99 0.000 37.598 11:22:04.84
75 1 -22.6 -23.0 3.321 -4.674 0.0 0.0 0.0 36.7155550 -4.4901500 5.00 287.45 0.08 36.7157285 -4.4908214 0.00 86.72 0.98 0.000 37.598 11:22:04.93
75 1 -22.6 -23.0 3.198 -2.091 0.0 0.0 0.0 36.7155550 -4.4901500 5.00 287.45 0.08 36.7157285 -4.4908214 0.00 86.72 0.98 0.000 37.598 11:22:05.04
75 1 -22.6 -23.0 2.829 -3.075 0.0 0.0 0.0 36.7155550 -4.4901500 5.00 287.45 0.08 36.7157286 -4.4908203 0.00 86.72 1.00 0.000 37.598 11:22:05.14
75 1 -22.6 -23.0 2.583 0.000 0.0 0.0 0.0 36.7155550 -4.4901500 5.00 287.45 0.08 36.7157286 -4.4908203 0.00 86.72 1.00 0.000 37.598 11:22:05.25
75 1 -22.6 -23.0 6.396 -2.091 0.0 0.0 0.0 36.7155550 -4.4901500 5.00 287.45 0.08 36.7157286 -4.4908191 0.00 86.95 0.99 0.000 37.598 11:22:05.34
75 1 -22.6 -23.0 2.583 0.984 0.0 0.0 0.0 36.7155550 -4.4901500 5.00 287.45 0.08 36.7157286 -4.4908191 0.00 86.95 0.99 0.000 37.598 11:22:05.43
75 1 -22.6 -23.0 5.781 -2.583 0.0 0.0 0.0 36.7155550 -4.4901500 5.00 287.45 0.08 36.7157286 -4.4908180 0.00 87.08 1.00 0.000 37.598 11:22:05.54
75 1 -22.6 -23.0 2.952 0.369 0.0 0.0 0.0 36.7155550 -4.4901500 5.00 287.45 0.08 36.7157286 -4.4908180 0.00 87.08 1.00 0.000 37.598 11:22:05.64
75 1 -22.6 -23.0 8.610 -2.583 0.0 0.0 0.0 36.7155550 -4.4901500 5.00 287.45 0.08 36.7157287 -4.4908169 0.00 87.26 0.99 0.000 37.598 11:22:05.75
75 1 -22.6 -23.0 4.920 -0.984 0.0 0.0 0.0 36.7155550 -4.4901500 5.00 287.45 0.08 36.7157287 -4.4908169 0.00 87.26 0.99 0.000 37.598 11:22:05.84
75 0 -22.6 -23.0 6.150 -2.706 0.0 0.0 0.0 36.7155550 -4.4901500 5.00 287.45 0.08 36.7157287 -4.4908157 0.00 87.42 0.99 0.000 37.598 11:22:05.93
75 0 -22.6 -23.0 4.551 0.000 0.0 0.0 0.0 36.7155550 -4.4901500 5.00 287.45 0.08 36.7157287 -4.4908157 0.00 87.42 0.99 0.000 37.598 11:22:06.04
75 0 -22.6 -23.0 4.674 -2.583 0.0 0.0 0.0 36.7155550 -4.4901500 5.00 287.45 0.08 36.7157288 -4.4908146 0.00 87.66 1.00 0.000 37.598 11:22:06.14
75 0 -22.6 -23.0 2.829 -1.845 0.0 0.0 0.0 36.7155550 -4.4901500 5.00 287.45 0.08 36.7157288 -4.4908146 0.00 87.66 1.00 0.000 37.598 11:22:06.25
75 0 -22.6 -23.0 5.535 -1.722 0.0 0.0 0.0 36.7155550 -4.4901500 5.00 287.45 0.08 36.7157288 -4.4908134 0.00 87.85 1.00 0.000 37.598 11:22:06.34
75 0 -22.2 -22.6 2.214 -4.551 0.0 0.0 0.0 36.7155550 -4.4901500 5.00 287.45 0.08 36.7157288 -4.4908134 0.00 87.85 1.00 0.000 37.598 11:22:06.43
75 0 -22.2 -22.6 4.305 -2.952 0.0 0.0 0.0 36.7155550 -4.4901500 5.00 287.45 0.08 36.7157289 -4.4908123 0.00 87.91 1.00 0.000 37.598 11:22:06.54
75 0 -22.2 -22.6 1.107 -2.091 0.0 0.0 0.0 36.7155550 -4.4901500 5.00 287.45 0.08 36.7157289 -4.4908123 0.00 87.91 1.00 0.000 37.598 11:22:06.64
75 0 -22.2 -22.6 6.642 -1.968 0.0 0.0 0.0 36.7155550 -4.4901500 5.00 287.45 0.08 36.7157289 -4.4908112 0.00 87.94 0.96 0.000 37.598 11:22:06.75
75 0 -22.2 -22.6 -0.738 -2.460 0.0 0.0 0.0 36.7155550 -4.4901500 5.00 287.45 0.08 36.7157289 -4.4908112 0.00 87.94 0.96 0.000 37.598 11:22:06.84
75 0 -22.2 -22.6 5.166 -1.845 0.0 0.0 0.0 36.7155550 -4.4901500 5.00 287.45 0.08 36.7157289 -4.4908100 0.00 87.98 1.03 0.000 37.598 11:22:06.93
75 0 -22.2 -22.6 0.246 -3.813 0.0 0.0 0.0 36.7155550 -4.4901500 5.00 287.45 0.08 36.7157289 -4.4908100 0.00 87.98 1.03 0.000 37.598 11:22:07.04
75 0 -22.2 -22.6 5.412 -5.412 0.0 0.0 0.0 36.7155550 -4.4901500 5.00 287.45 0.08 36.7157290 -4.4908089 0.00 87.95 1.02 0.000 37.598 11:22:07.14
75 0 -22.2 -22.6 1.968 -0.984 0.0 0.0 0.0 36.7155550 -4.4901500 5.00 287.45 0.08 36.7157290 -4.4908089 0.00 87.95 1.02 0.000 37.598 11:22:07.25
75 0 -22.2 -22.6 1.845 -2.829 0.0 0.0 0.0 36.7155550 -4.4901500 5.00 287.45 0.08 36.7157290 -4.4908077 0.00 87.94 1.02 0.000 37.598 11:22:07.34
75 0 -22.2 -22.6 2.091 -3.690 0.0 0.0 0.0 36.7155550 -4.4901500 5.00 287.45 0.08 36.7157290 -4.4908077 0.00 87.94 1.02 0.000 37.598 11:22:07.43
75 0 -22.2 -22.6 2.706 -1.845 0.0 0.0 0.0 36.7155550 -4.4901500 5.00 287.45 0.08 36.7157290 -4.4908065 0.00 87.94 0.98 0.000 37.598 11:22:07.54
75 0 -22.2 -22.6 3.198 -4.305 0.0 0.0 0.0 36.7155550 -4.4901500 5.00 287.45 0.08 36.7157290 -4.4908065 0.00 87.94 0.98 0.000 37.598 11:22:07.64
75 0 -22.2 -22.6 2.706 -0.861 0.0 0.0 0.0 36.7155550 -4.4901500 5.00 287.45 0.08 36.7157291 -4.4908055 0.00 87.98 0.97 0.000 37.598 11:22:07.75
75 0 -22.2 -22.6 1.599 -5.043 0.0 0.0 0.0 36.7155550 -4.4901500 5.00 287.45 0.08 36.7157291 -4.4908055 0.00 87.98 0.97 0.000 37.598 11:22:07.84
75 0 -22.2 -22.6 0.246 -1.107 0.0 0.0 0.0 36.7155550 -4.4901500 5.00 287.45 0.08 36.7157291 -4.4908044 0.00 87.97 0.98 0.000 37.598 11:22:07.95
75 0 -22.2 -22.6 0.492 -6.150 0.0 0.0 0.0 36.7155550 -4.4901500 5.00 287.45 0.08 36.7157291 -4.4908044 0.00 87.97 0.98 0.000 37.598 11:22:08.04
75 0 -22.2 -22.6 0.861 -1.353 0.0 0.0 0.0 36.7155550 -4.4901500 5.00 287.45 0.08 36.7157291 -4.4908033 0.00 88.02 0.99 0.000 37.598 11:22:08.14
75 0 -22.2 -22.6 0.123 -3.444 0.0 0.0 0.0 36.7155550 -4.4901500 5.00 287.45 0.08 36.7157291 -4.4908033 0.00 88.02 0.99 0.000 37.598 11:22:08.25
75 0 -22.2 -22.6 2.337 -3.075 0.0 0.0 0.0 36.7155550 -4.4901500 5.00 287.45 0.08 36.7157292 -4.4908022 0.00 88.05 0.95 0.000 37.598 11:22:08.34
75 0 -22.2 -22.6 0.615 -4.920 0.0 0.0 0.0 36.7155550 -4.4901500 5.00 287.45 0.08 36.7157292 -4.4908022 0.00 88.05 0.95 0.000 37.598 11:22:08.45
75 0 -22.2 -22.6 1.476 -5.658 0.0 0.0 0.0 36.7155550 -4.4901500 5.00 287.45 0.08 36.7157292 -4.4908011 0.00 88.05 1.00 0.000 37.598 11:22:08.54
75 0 -22.2 -22.6 2.091 -3.813 0.0 0.0 0.0 36.7155550 -4.4901500 5.00 287.45 0.08 36.7157292 -4.4908011 0.00 88.05 1.00 0.000 37.598 11:22:08.65
75 0 -22.2 -22.6 -1.845 -3.321 0.0 0.0 0.0 36.7155550 -4.4901500 5.00 287.45 0.08 36.7157292 -4.4908000 0.00 88.04 0.94 0.000 37.598 11:22:08.75
75 0 -22.2 -22.6 1.476 -5.166 0.0 0.0 0.0 36.7155550 -4.4901500 5.00 287.45 0.08 36.7157292 -4.4908000 0.00 88.04 0.94 0.000 37.598 11:22:08.84
75 0 -22.2 -22.6 0.000 -2.337 0.0 0.0 0.0 36.7155550 -4.4901500 5.00 287.45 0.08 36.7157292 -4.4907989 0.00 88.07 0.94 0.000 37.598 11:22:08.95
75 0 -22.2 -22.6 2.091 -5.289 0.0 0.0 0.0 36.7155550 -4.4901500 5.00 287.45 0.08 36.7157292 -4.4907989 0.00 88.07 0.94 0.000 37.598 11:22:09.04
75 0 -22.2 -22.6 0.369 -0.861 0.0 0.0 0.0 36.7155550 -4.4901500 5.00 287.45 0.08 36.7157293 -4.4907978 0.00 88.00 0.87 0.000 37.598 11:22:09.15
75 0 -22.2 -22.6 1.968 -6.642 0.0 0.0 0.0 36.7155550 -4.4901500 5.00 287.45 0.08 36.7157293 -4.4907978 0.00 88.00 0.87 0.000 37.598 11:22:09.25
75 0 -22.2 -22.6 -0.369 -3.690 0.0 0.0 0.0 36.7155550 -4.4901500 5.00 287.45 0.08 36.7157293 -4.4907970 0.00 88.03 0.95 0.000 37.598 11:22:09.34
75 0 -22.2 -22.6 -1.722 -4.797 0.0 0.0 0.0 36.7155550 -4.4901500 5.00 287.45 0.08 36.7157293 -4.4907970 0.00 88.03 0.95 0.000 37.598 11:22:09.45
75 0 -22.2 -22.6 0.738 -2.214 0.0 0.0 0.0 36.7155550 -4.4901500 5.00 287.45 0.08 36.7157293 -4.4907974 0.00 88.01 0.80 0.000 37.598 11:22:09.54
75 0 -22.2 -22.6 0.492 -4.797 0.0 0.0 0.0 36.7155550 -4.4901500 5.00 287.45 0.08 36.7157293 -4.4907974 0.00 88.01 0.80 0.000 37.598 11:22:09.65
75 0 -22.2 -22.6 -0.369 -3.936 0.0 0.0 0.0 36.7155550 -4.4901500 5.00 287.45 0.08 36.7157294 -4.4907970 0.00 87.94 0.73 0.000 37.598 11:22:09.75
75 0 -22.2 -22.6 0.369 -5.412 0.0 0.0 0.0 36.7155550 -4.4901500 5.00 287.45 0.08 36.7157294 -4.4907970 0.00 87.94 0.73 0.000 37.598 11:22:09.85
75 0 -22.2 -22.6 2.460 -4.797 0.0 0.0 0.0 36.7155550 -4.4901500 5.00 287.45 0.08 36.7157294 -4.4907961 0.00 87.90 0.73 0.000 37.598 11:22:09.95
75 0 -22.2 -22.6 1.107 -6.396 0.0 0.0 0.0 36.7155550 -4.4901500 5.00 287.45 0.08 36.7157294 -4.4907961 0.00 87.90 0.73 0.000 37.598 11:22:10.04
75 0 -22.2 -22.6 1.107 -3.198 0.0 0.0 0.0 36.7155550 -4.4901500 5.00 287.45 0.08 36.7157294 -4.4907958 0.00 87.93 0.65 0.000 37.598 11:22:10.15
75 0 -22.2 -22.6 2.091 -8.118 0.0 0.0 0.0 36.7155550 -4.4901500 5.00 287.45 0.08 36.7157294 -4.4907958 0.00 87.93 0.65 0.000 37.598 11:22:10.25
75 0 -22.2 -22.6 0.246 -2.583 0.0 0.0 0.0 36.7155550 -4.4901500 5.00 287.45 0.08 36.7157294 -4.4907956 0.00 87.93 0.61 0.000 37.598 11:22:10.35
75 0 -22.2 -22.6 -0.123 -5.658 0.0 0.0 0.0 36.7155550 -4.4901500 5.00 287.45 0.08 36.7157294 -4.4907956 0.00 87.93 0.61 0.000 37.598 11:22:10.45
75 0 -22.2 -22.6 1.599 -1.722 0.0 0.0 0.0 36.7155550 -4.4901500 5.00 287.45 0.08 36.7157295 -4.4907948 0.00 87.91 0.64 0.000 37.598 11:22:10.54
75 0 -22.2 -22.6 1.107 -5.904 0.0 0.0 0.0 36.7155550 -4.4901500 5.00 287.45 0.08 36.7157295 -4.4907948 0.00 87.91 0.64 0.000 37.598 11:22:10.65
75 0 -22.2 -22.6 0.492 -2.829 0.0 0.0 0.0 36.7155550 -4.4901500 5.00 287.45 0.08 36.7157295 -4.4907940 0.00 87.91 0.63 0.000 37.598 11:22:10.75
75 0 -22.2 -22.6 1.599 -4.551 0.0 0.0 0.0 36.7155550 -4.4901500 5.00 287.45 0.08 36.7157295 -4.4907940 0.00 87.91 0.63 0.000 37.598 11:22:10.85
75 0 -22.2 -22.6 0.861 -4.059 0.0 0.0 0.0 36.7155550 -4.4901500 5.00 287.45 0.08 36.7157295 -4.4907932 0.00 87.86 0.65 0.000 37.598 11:22:10.95
75 0 -22.2 -22.6 -1.845 -4.920 0.0 0.0 0.0 36.7155550 -4.4901500 5.00 287.45 0.08 36.7157295 -4.4907932 0.00 87.86 0.65 0.000 37.598 11:22:11.06
75 0 -22.2 -22.6 -0.492 -3.321 0.0 0.0 0.0 36.7155550 -4.4901500 5.00 287.45 0.08 36.7157295 -4.4907925 0.00 87.91 0.62 0.000 37.598 11:22:11.15
75 0 -22.2 -22.6 1.968 -5.166 0.0 0.0 0.0 36.7155550 -4.4901500 5.00 287.45 0.08 36.7157295 -4.4907925 0.00 87.91 0.62 0.000 37.598 11:22:11.25
75 0 -22.2 -22.6 -0.615 -3.198 0.0 0.0 0.0 36.7155550 -4.4901500 5.00 287.45 0.08 36.7157296 -4.4907917 0.00 87.85 0.55 0.000 37.598 11:22:11.35
75 0 -23.4 -22.6 1.845 -6.273 0.0 0.0 0.0 36.7155550 -4.4901500 5.00 287.45 0.08 36.7157296 -4.4907917 0.00 87.85 0.55 0.000 37.812 11:22:11.45
75 0 -23.4 -22.6 -0.984 -2.829 0.0 0.0 0.0 36.7155550 -4.4901500 5.00 287.45 0.08 36.7157296 -4.4907909 0.00 87.89 0.58 0.000 37.812 11:22:11.56
75 0 -23.4 -22.6 1.353 -5.781 0.0 0.0 0.0 36.7155550 -4.4901500 5.00 287.45 0.08 36.7157296 -4.4907909 0.00 87.89 0.58 0.000 37.812 11:22:11.65
75 1 -23.4 -22.6 0.738 -0.984 0.0 0.0 0.0 36.7155550 -4.4901500 5.00 287.45 0.08 36.7157297 -4.4907901 0.00 87.91 0.58 0.000 37.812 11:22:11.76
75 1 -23.4 -22.6 2.214 -3.690 0.0 0.0 0.0 36.7155550 -4.4901500 5.00 287.45 0.08 36.7157297 -4.4907901 0.00 87.91 0.58 0.000 37.812 11:22:11.85
75 1 -23.4 -22.6 1.230 -2.706 0.0 0.0 0.0 36.7155550 -4.4901500 5.00 287.45 0.08 36.7157297 -4.4907894 0.00 87.86 0.59 0.000 37.812 11:22:11.95
75 1 -23.4 -22.6 3.690 -2.583 0.0 0.0 0.0 36.7155550 -4.4901500 5.00 287.45 0.08 36.7157297 -4.4907894 0.00 87.86 0.59 0.000 37.812 11:22:12.06
75 1 -23.4 -22.6 3.813 -2.091 0.0 0.0 0.0 36.7155550 -4.4901500 5.00 287.45 0.08 36.7157298 -4.4907886 0.00 88.01 0.62 0.000 37.812 11:22:12.15
75 1 -23.4 -22.6 5.658 -0.984 0.0 0.0 0.0 36.7155550 -4.4901500 5.00 287.45 0.08 36.7157298 -4.4907886 0.00 88.01 0.62 0.000 37.812 11:22:12.26
75 1 -23.4 -22.6 2.214 -3.813 0.0 0.0 0.0 36.7155550 -4.4901500 5.00 287.45 0.08 36.7157298 -4.4907879 0.00 88.22 0.57 0.000 37.812 11:22:12.35
75 1 -23.4 -22.6 4.674 0.492 0.0 0.0 0.0 36.7155550 -4.4901500 5.00 287.45 0.08 36.7157298 -4.4907879 0.00 88.22 0.57 0.000 37.812 11:22:12.45
75 1 -23.4 -22.6 1.353 -0.738 0.0 0.0 0.0 36.7155550 -4.4901500 5.00 287.45 0.08 36.7157298 -4.4907871 0.00 88.40 0.58 0.000 37.812 11:22:12.56
75 1 -23.4 -22.6 7.134 -1.107 0.0 0.0 0.0 36.7155550 -4.4901500 5.00 287.45 0.08 36.7157298 -4.4907871 0.00 88.40 0.58 0.000 37.812 11:22:12.65
75 1 -23.4 -22.6 1.230 -1.599 0.0 0.0 0.0 36.7155550 -4.4901500 5.00 287.45 0.08 36.7157298 -4.4907863 0.00 88.69 0.60 0.000 37.812 11:22:12.76
75 1 -23.4 -22.6 5.535 -1.107 0.0 0.0 0.0 36.7155550 -4.4901500 5.00 287.45 0.08 36.7157298 -4.4907863 0.00 88.69 0.60 0.000 37.812 11:22:12.85
75 1 -23.4 -22.6 3.321 -0.492 0.0 0.0 0.0 36.7155550 -4.4901500 5.00 287.45 0.08 36.7157298 -4.4907855 0.00 88.88 0.62 0.000 37.812 11:22:12.96
75 1 -23.4 -22.6 5.166 -0.615 0.0 0.0 0.0 36.7155550 -4.4901500 5.00 287.45 0.08 36.7157298 -4.4907855 0.00 88.88 0.62 0.000 37.812 11:22:13.06
75 1 -23.4 -22.6 4.305 -0.492 0.0 0.0 0.0 36.7155550 -4.4901500 5.00 287.45 0.08 36.7157298 -4.4907847 0.00 89.12 0.62 0.000 37.812 11:22:13.15
75 1 -23.4 -22.6 6.150 -1.722 0.0 0.0 0.0 36.7155550 -4.4901500 5.00 287.45 0.08 36.7157298 -4.4907847 0.00 89.12 0.62 0.000 37.812 11:22:13.26
75 0 -23.4 -22.6 3.567 -2.091 0.0 0.0 0.0 36.7155550 -4.4901500 5.00 287.45 0.08 36.7157298 -4.4907839 0.00 89.35 0.58 0.000 37.812 11:22:13.35
75 0 -23.4 -22.6 3.936 -0.492 0.0 0.0 0.0 36.7155550 -4.4901500 5.00 287.45 0.08 36.7157298 -4.4907839 0.00 89.35 0.58 0.000 37.812 11:22:13.46
75 0 -23.4 -22.6 0.369 -2.952 0.0 0.0 0.0 36.7155550 -4.4901500 5.00 287.45 0.08 36.7157299 -4.4907830 0.00 89.52 0.56 0.000 37.812 11:22:13.56
75 0 -23.4 -22.6 4.797 -0.492 0.0 0.0 0.0 36.7155550 -4.4901500 5.00 287.45 0.08 36.7157299 -4.4907830 0.00 89.52 0.56 0.000 37.812 11:22:13.67
75 0 -23.4 -22.6 0.861 -2.091 0.0 0.0 0.0 36.7155550 -4.4901500 5.00 287.45 0.08 36.7157299 -4.4907822 0.00 89.63 0.61 0.000 37.812 11:22:13.76
75 0 -23.4 -22.6 3.936 -2.583 0.0 0.0 0.0 36.7155550 -4.4901500 5.00 287.45 0.08 36.7157299 -4.4907822 0.00 89.63 0.61 0.000 37.812 11:22:13.85
75 0 -23.4 -22.6 -0.984 -3.075 0.0 0.0 0.0 36.7155550 -4.4901500 5.00 287.45 0.08 36.7157299 -4.4907814 0.00 89.70 0.61 0.000 37.812 11:22:13.96
75 0 -23.4 -22.6 2.829 -2.583 0.0 0.0 0.0 36.7155550 -4.4901500 5.00 287.45 0.08 36.7157299 -4.4907814 0.00 89.70 0.61 0.000 37.812 11:22:14.06
75 0 -23.4 -22.6 1.230 -0.615 0.0 0.0 0.0 36.7155550 -4.4901500 5.00 287.45 0.08 36.7157299 -4.4907807 0.00 89.67 0.69 0.000 37.812 11:22:14.17
75 0 -23.4 -22.6 0.738 -4.674 0.0 0.0 0.0 36.7155550 -4.4901500 5.00 287.45 0.08 36.7157299 -4.4907807 0.00 89.67 0.69 0.000 37.812 11:22:14.26
75 0 -23.4 -22.6 1.476 -1.968 0.0 0.0 0.0 36.7155550 -4.4901500 5.00 287.45 0.08 36.7157299 -4.4907797 0.00 89.75 0.67 0.000 37.812 11:22:14.37
75 0 -23.4 -22.6 3.198 -5.658 0.0 0.0 0.0 36.7155550 -4.4901500 5.00 287.45 0.08 36.7157299 -4.4907797 0.00 89.75 0.67 0.000 37.812 11:22:14.46
75 0 -23.4 -22.6 2.091 -3.321 0.0 0.0 0.0 36.7155550 -4.4901500 5.00 287.45 0.08 36.7157299 -4.4907789 0.00 89.83 0.57 0.000 37.812 11:22:14.57
75 0 -23.4 -22.6 3.075 -4.920 0.0 0.0 0.0 36.7155550 -4.4901500 5.00 287.45 0.08 36.7157299 -4.4907789 0.00 89.83 0.57 0.000 37.812 11:22:14.67
75 0 -23.4 -22.6 0.369 -3.198 0.0 0.0 0.0 36.7155550 -4.4901500 5.00 287.45 0.08 36.7157299 -4.4907780 0.00 89.88 0.61 0.000 37.812 11:22:14.76
75 0 -23.4 -22.6 2.583 -5.535 0.0 0.0 0.0 36.7155550 -4.4901500 5.00 287.45 0.08 36.7157299 -4.4907780 0.00 89.88 0.61 0.000 37.812 11:22:14.87
75 0 -23.4 -22.6 0.000 -3.075 0.0 0.0 0.0 36.7155550 -4.4901500 5.00 287.45 0.08 36.7157299 -4.4907772 0.00 89.91 0.60 0.000 37.812 11:22:14.96
75 0 -23.4 -22.6 0.123 -4.428 0.0 0.0 0.0 36.7155550 -4.4901500 5.00 287.45 0.08 36.7157299 -4.4907772 0.00 89.91 0.60 0.000 37.812 11:22:15.07
75 0 -23.4 -22.6 -1.722 -3.690 0.0 0.0 0.0 36.7155550 -4.4901500 5.00 287.45 0.08 36.7157299 -4.4907764 0.00 89.93 0.67 0.000 37.812 11:22:15.17
75 0 -23.4 -22.6 1.353 -4.674 0.0 0.0 0.0 36.7155550 -4.4901500 5.00 287.45 0.08 36.7157299 -4.4907764 0.00 89.93 0.67 0.000 37.812 11:22:15.28
75 0 -23.4 -22.6 2.952 -1.476 0.0 0.0 0.0 36.7155550 -4.4901500 5.00 287.45 0.08 36.7157299 -4.4907756 0.00 89.90 0.74 0.000 37.812 11:22:15.37
75 0 -23.4 -22.6 -0.246 -4.797 0.0 0.0 0.0 36.7155550 -4.4901500 5.00 287.45 0.08 36.7157299 -4.4907756 0.00 89.90 0.74 0.000 37.812 11:22:15.46
75 0 -23.4 -22.6 -0.738 -2.583 0.0 0.0 0.0 36.7155550 -4.4901500 5.00 287.45 0.08 36.7157299 -4.4907748 0.00 89.98 0.70 0.000 37.812 11:22:15.57
75 0 -23.4 -22.6 1.353 -5.535 0.0 0.0 0.0 36.7155550 -4.4901500 5.00 287.45 0.08 36.7157299 -4.4907748 0.00 89.98 0.70 0.000 37.812 11:22:15.67
75 0 -23.4 -22.6 2.337 -1.353 0.0 0.0 0.0 36.7155550 -4.4901500 5.00 287.45 0.08 36.7157299 -4.4907740 0.00 89.93 0.61 0.000 37.812 11:22:15.78
75 0 -23.4 -22.6 1.107 -6.519 0.0 0.0 0.0 36.7155550 -4.4901500 5.00 287.45 0.08 36.7157299 -4.4907740 0.00 89.93 0.61 0.000 37.812 11:22:15.87
75 0 -23.4 -22.6 0.123 -2.706 0.0 0.0 0.0 36.7155550 -4.4901500 5.00 287.45 0.08 36.7157299 -4.4907731 0.00 89.92 0.64 0.000 37.812 11:22:15.96
75 0 -23.4 -22.6 1.230 -5.535 0.0 0.0 0.0 36.7155550 -4.4901500 5.00 287.45 0.08 36.7157299 -4.4907731 0.00 89.92 0.64 0.000 37.812 11:22:16.07
75 0 -23.4 -22.6 -1.107 -2.214 0.0 0.0 0.0 36.7155550 -4.4901500 5.00 287.45 0.08 36.7157299 -4.4907722 0.00 89.91 0.64 0.000 37.812 11:22:16.17
75 0 -23.4 -22.6 -1.107 -2.214 0.0 0.0 0.0 36.7155550 -4.4901500 5.00 287.45 0.08 36.7157299 -4.4907722 0.00 89.91 0.64 0.000 37.812 11:22:16.28
75 0 -23.4 -22.6 -0.492 -4.305 0.0 0.0 0.0 36.7155550 -4.4901500 5.00 287.45 0.08 36.7157299 -4.4907714 0.00 89.83 0.71 0.000 37.812 11:22:16.37
75 0 -22.2 -23.4 4.305 -1.845 0.0 0.0 0.0 36.7155550 -4.4901500 5.00 287.45 0.08 36.7157299 -4.4907714 0.00 89.83 0.71 0.000 37.598 11:22:16.48
75 0 -22.2 -23.4 -2.091 -2.460 0.0 0.0 0.0 36.7155550 -4.4901500 5.00 287.45 0.08 36.7157299 -4.4907705 0.00 89.86 0.70 0.000 37.598 11:22:16.57
75 0 -22.2 -23.4 1.968 -4.182 0.0 0.0 0.0 36.7155550 -4.4901500 5.00 287.45 0.08 36.7157299 -4.4907705 0.00 89.86 0.70 0.000 37.598 11:22:16.68
75 0 -22.2 -23.4 0.123 -1.722 0.0 0.0 0.0 36.7155550 -4.4901500 5.00 287.45 0.08 36.7157299 -4.4907698 0.00 89.92 0.75 0.000 37.598 11:22:16.78
75 0 -22.2 -23.4 2.829 -2.706 0.0 0.0 0.0 36.7155550 -4.4901500 5.00 287.45 0.08 36.7157299 -4.4907698 0.00 89.92 0.75 0.000 37.598 11:22:16.87
75 -1 -22.2 -23.4 1.476 -2.706 0.0 0.0 0.0 36.7155550 -4.4901500 5.00 287.45 0.08 36.7157299 -4.4907689 0.00 89.93 0.67 0.000 37.598 11:22:16.98
75 -1 -22.2 -23.4 2.337 -4.428 0.0 0.0 0.0 36.7155550 -4.4901500 5.00 287.45 0.08 36.7157299 -4.4907689 0.00 89.93 0.67 0.000 37.598 11:22:17.07
75 -1 -22.2 -23.4 -0.246 -5.412 0.0 0.0 0.0 36.7155550 -4.4901500 5.00 287.45 0.08 36.7157299 -4.4907681 0.00 90.02 0.58 0.000 37.598 11:22:17.18
75 -1 -22.2 -23.4 -0.246 -5.412 0.0 0.0 0.0 36.7155550 -4.4901500 5.00 287.45 0.08 36.7157299 -4.4907681 0.00 90.02 0.58 0.000 37.598 11:22:17.28
75 3 -22.2 -23.4 0.615 -4.551 0.0 0.0 0.0 36.7155550 -4.4901500 5.00 287.45 0.08 36.7157299 -4.4907671 0.00 89.88 0.63 0.000 37.598 11:22:17.39
75 3 -22.2 -23.4 4.674 -1.845 0.0 0.0 0.0 36.7155550 -4.4901500 5.00 287.45 0.08 36.7157299 -4.4907671 0.00 89.88 0.63 0.000 37.598 11:22:17.48
75 3 -22.2 -23.4 2.091 -3.567 0.0 0.0 0.0 36.7155550 -4.4901500 5.00 287.45 0.08 36.7157299 -4.4907662 0.00 89.68 0.73 0.000 37.598 11:22:17.57
75 3 -22.2 -23.4 5.043 1.353 0.0 0.0 0.0 36.7155550 -4.4901500 5.00 287.45 0.08 36.7157299 -4.4907662 0.00 89.68 0.73 0.000 37.598 11:22:17.68
75 3 -22.2 -23.4 0.615 -2.829 0.0 0.0 0.0 36.7155550 -4.4901500 5.00 287.45 0.08 36.7157299 -4.4907652 0.00 89.88 0.70 0.000 37.598 11:22:17.78
75 3 -22.2 -23.4 2.091 0.246 0.0 0.0 0.0 36.7155550 -4.4901500 5.00 287.45 0.08 36.7157299 -4.4907652 0.00 89.88 0.70 0.000 37.598 11:22:17.89
75 3 -22.2 -23.4 3.198 -3.813 0.0 0.0 0.0 36.7155550 -4.4901500 5.00 287.45 0.08 36.7157298 -4.4907644 0.00 90.11 0.67 0.000 37.598 11:22:17.98
75 3 -22.2 -23.4 4.674 -0.123 0.0 0.0 0.0 36.7155550 -4.4901500 5.00 287.45 0.08 36.7157298 -4.4907644 0.00 90.11 0.67 0.000 37.598 11:22:18.07
75 3 -22.2 -23.4 5.289 -3.198 0.0 0.0 0.0 36.7155550 -4.4901500 5.00 287.45 0.08 36.7157298 -4.4907636 0.00 90.41 0.66 0.000 37.598 11:22:18.18
75 3 -22.2 -23.4 4.059 0.615 0.0 0.0 0.0 36.7155550 -4.4901500 5.00 287.45 0.08 36.7157298 -4.4907636 0.00 90.41 0.66 0.000 37.598 11:22:18.28
75 3 -22.2 -23.4 7.626 -1.353 0.0 0.0 0.0 36.7155550 -4.4901500 5.00 287.45 0.08 36.7157298 -4.4907628 0.00 90.80 0.63 0.000 37.598 11:22:18.39
75 3 -22.2 -23.4 3.321 -1.107 0.0 0.0 0.0 36.7155550 -4.4901500 5.00 287.45 0.08 36.7157298 -4.4907628 0.00 90.80 0.63 0.000 37.598 11:22:18.48
75 2 -22.2 -23.4 7.872 -1.230 0.0 0.0 0.0 36.7155550 -4.4901500 5.00 287.45 0.08 36.7157298 -4.4907619 0.00 91.14 0.64 0.000 37.598 11:22:18.59
75 2 -22.2 -23.4 6.273 -0.246 0.0 0.0 0.0 36.7155550 -4.4901500 5.00 287.45 0.08 36.7157298 -4.4907619 0.00 91.14 0.64 0.000 37.598 11:22:18.68
75 2 -22.2 -23.4 5.658 -2.583 0.0 0.0 0.0 36.7155550 -4.4901500 5.00 287.45 0.08 36.7157297 -4.4907609 0.00 91.61 0.61 0.000 37.598 11:22:18.79
75 2 -22.2 -23.4 5.658 -2.583 0.0 0.0 0.0 36.7155550 -4.4901500 5.00 287.45 0.08 36.7157297 -4.4907609 0.00 91.61 0.61 0.000 37.598 11:22:18.89
75 2 -22.2 -23.4 7.134 -2.214 0.0 0.0 0.0 36.7155550 -4.4901500 5.00 287.45 0.08 36.7157297 -4.4907601 0.00 91.88 0.68 0.000 37.598 11:22:18.98
75 2 -22.2 -23.4 2.091 0.615 0.0 0.0 0.0 36.7155550 -4.4901500 5.00 287.45 0.08 36.7157297 -4.4907601 0.00 91.88 0.68 0.000 37.598 11:22:19.09
75 2 -22.2 -23.4 6.273 -4.059 0.0 0.0 0.0 36.7155550 -4.4901500 5.00 287.45 0.08 36.7157297 -4.4907592 0.00 92.20 0.66 0.000 37.598 11:22:19.18
75 2 -22.2 -23.4 6.273 -4.059 0.0 0.0 0.0 36.7155550 -4.4901500 5.00 287.45 0.08 36.7157297 -4.4907592 0.00 92.20 0.66 0.000 37.598 11:22:19.29
75 2 -22.2 -23.4 7.134 -3.198 0.0 0.0 0.0 36.7155550 -4.4901500 5.00 287.45 0.08 36.7157296 -4.4907584 0.00 92.54 0.64 0.000 37.598 11:22:19.39
75 -3 -22.2 -23.4 7.134 -3.198 0.0 0.0 0.0 36.7155550 -4.4901500 5.00 287.45 0.08 36.7157296 -4.4907584 0.00 92.54 0.64 0.000 37.598 11:22:19.48
75 -3 -22.2 -23.4 5.412 -1.722 0.0 0.0 0.0 36.7155550 -4.4901500 5.00 287.45 0.08 36.7157296 -4.4907576 0.00 92.81 0.72 0.000 37.598 11:22:19.59
75 -4 -22.2 -23.4 5.412 -1.722 0.0 0.0 0.0 36.7155550 -4.4901500 5.00 287.45 0.08 36.7157296 -4.4907576 0.00 92.81 0.72 0.000 37.598 11:22:19.68
75 -4 -22.2 -23.4 0.984 -2.337 0.0 0.0 0.0 36.7155550 -4.4901500 5.00 287.45 0.08 36.7157296 -4.4907566 0.00 93.04 0.76 0.000 37.598 11:22:19.79
75 -4 -22.2 -23.4 1.230 -5.166 0.0 0.0 0.0 36.7155550 -4.4901500 5.00 287.45 0.08 36.7157296 -4.4907566 0.00 93.04 0.76 0.000 37.598 11:22:19.89
75 -4 -22.2 -23.4 -1.845 -6.027 0.0 0.0 0.0 36.7155550 -4.4901500 5.00 287.45 0.08 36.7157295 -4.4907557 0.00 92.89 0.75 0.000 37.598 11:22:19.98
75 -4 -22.2 -23.4 0.984 -4.059 0.0 0.0 0.0 36.7155550 -4.4901500 5.00 287.45 0.08 36.7157295 -4.4907557 0.00 92.89 0.75 0.000 37.598 11:22:20.09
75 -4 -22.2 -23.4 -2.091 -7.626 0.0 0.0 0.0 36.7155550 -4.4901500 5.00 287.45 0.08 36.7157295 -4.4907548 0.00 92.66 0.71 0.000 37.598 11:22:20.18
75 -4 -22.2 -23.4 0.123 -7.995 0.0 0.0 0.0 36.7155550 -4.4901500 5.00 287.45 0.08 36.7157295 -4.4907548 0.00 92.66 0.71 0.000 37.598 11:22:20.29
75 -4 -22.2 -23.4 -1.353 -7.011 0.0 0.0 0.0 36.7155550 -4.4901500 5.00 287.45 0.08 36.7157295 -4.4907540 0.00 92.25 0.68 0.000 37.598 11:22:20.39
75 -4 -22.2 -23.4 -0.369 -7.134 0.0 0.0 0.0 36.7155550 -4.4901500 5.00 287.45 0.08 36.7157295 -4.4907540 0.00 92.25 0.68 0.000 37.598 11:22:20.48
75 -4 -22.2 -23.4 -2.460 -4.797 0.0 0.0 0.0 36.7155550 -4.4901500 5.00 287.45 0.08 36.7157295 -4.4907531 0.00 91.83 0.65 0.000 37.598 11:22:20.59
75 -4 -22.2 -23.4 -0.492 -6.396 0.0 0.0 0.0 36.7155550 -4.4901500 5.00 287.45 0.08 36.7157295 -4.4907531 0.00 91.83 0.65 0.000 37.598 11:22:20.68
75 -4 -22.2 -23.4 -3.321 -8.856 0.0 0.0 0.0 36.7155550 -4.4901500 5.00 287.45 0.08 36.7157295 -4.4907522 0.00 91.39 0.72 0.000 37.598 11:22:20.79
75 -3 -22.2 -23.4 -0.123 -4.305 0.0 0.0 0.0 36.7155550 -4.4901500 5.00 287.45 0.08 36.7157295 -4.4907522 0.00 91.39 0.72 0.000 37.598 11:22:20.89
75 -3 -22.2 -23.4 -3.075 -8.733 0.0 0.0 0.0 36.7155550 -4.4901500 5.00 287.45 0.08 36.7157295 -4.4907512 0.00 91.07 0.65 0.000 37.598 11:22:20.98
75 -3 -22.2 -23.4 2.214 -5.658 0.0 0.0 0.0 36.7155550 -4.4901500 5.00 287.45 0.08 36.7157295 -4.4907512 0.00 91.07 0.65 0.000 37.598 11:22:21.09
75 -3 -22.2 -23.4 -2.583 -7.995 0.0 0.0 0.0 36.7155550 -4.4901500 5.00 287.45 0.08 36.7157295 -4.4907503 0.00 90.75 0.68 0.000 37.598 11:22:21.18
75 -3 -22.2 -23.4 1.107 -5.904 0.0 0.0 0.0 36.7155550 -4.4901500 5.00 287.45 0.08 36.7157295 -4.4907503 0.00 90.75 0.68 0.000 37.598 11:22:21.29
75 -3 -23.0 -22.6 -2.952 -8.610 0.0 0.0 0.0 36.7155550 -4.4901500 5.00 287.45 0.08 36.7157295 -4.4907494 0.00 90.38 0.75 0.000 37.598 11:22:21.39
75 -3 -23.0 -22.6 0.369 -6.519 0.0 0.0 0.0 36.7155550 -4.4901500 5.00 287.45 0.08 36.7157295 -4.4907494 0.00 90.38 0.75 0.000 37.598 11:22:21.48
75 -3 -23.0 -22.6 -3.075 -6.519 0.0 0.0 0.0 36.7155550 -4.4901500 5.00 287.45 0.08 36.7157295 -4.4907484 0.00 89.95 0.77 0.000 37.598 11:22:21.59
75 -1 -23.0 -22.6 -2.583 -7.503 0.0 0.0 0.0 36.7155550 -4.4901500 5.00 287.45 0.08 36.7157295 -4.4907484 0.00 89.95 0.77 0.000 37.598 11:22:21.68
75 -1 -23.0 -22.6 -2.460 -8.733 0.0 0.0 0.0 36.7155550 -4.4901500 5.00 287.45 0.08 36.7157296 -4.4907475 0.00 89.47 0.74 0.000 37.598 11:22:21.79
75 -1 -23.0 -22.6 -0.984 -5.166 0.0 0.0 0.0 36.7155550 -4.4901500 5.00 287.45 0.08 36.7157296 -4.4907475 0.00 89.47 0.74 0.000 37.598 11:22:21.89
75 -1 -23.0 -22.6 -2.460 -7.011 0.0 0.0 0.0 36.7155550 -4.4901500 5.00 287.45 0.08 36.7157296 -4.4907467 0.00 88.98 0.79 0.000 37.598 11:22:21.98
75 0 -23.0 -22.6 -0.246 -6.150 0.0 0.0 0.0 36.7155550 -4.4901500 5.00 287.45 0.08 36.7157296 -4.4907467 0.00 88.98 0.79 0.000 37.598 11:22:22.09
75 0 -23.0 -22.6 -3.075 -7.995 0.0 0.0 0.0 36.7155550 -4.4901500 5.00 287.45 0.08 36.7157296 -4.4907457 0.00 88.71 0.81 0.000 37.598 11:22:22.18
75 0 -23.0 -22.6 1.476 -1.476 0.0 0.0 0.0 36.7155550 -4.4901500 5.00 287.45 0.08 36.7157296 -4.4907457 0.00 88.71 0.81 0.000 37.598 11:22:22.29
75 0 -23.0 -22.6 -2.214 -6.765 0.0 0.0 0.0 36.7155550 -4.4901500 5.00 287.45 0.08 36.7157297 -4.4907447 0.00 88.45 0.77 0.000 37.598 11:22:22.39
75 0 -23.0 -22.6 -0.123 -3.444 0.0 0.0 0.0 36.7155550 -4.4901500 5.00 287.45 0.08 36.7157297 -4.4907447 0.00 88.45 0.77 0.000 37.598 11:22:22.48
75 0 -23.0 -22.6 -0.738 -6.273 0.0 0.0 0.0 36.7155550 -4.4901500 5.00 287.45 0.08 36.7157297 -4.4907437 0.00 88.34 0.77 0.000 37.598 11:22:22.59
75 0 -23.0 -22.6 1.107 -3.321 0.0 0.0 0.0 36.7155550 -4.4901500 5.00 287.45 0.08 36.7157297 -4.4907437 0.00 88.34 0.77 0.000 37.598 11:22:22.68
75 0 -23.0 -22.6 1.230 -4.305 0.0 0.0 0.0 36.7155550 -4.4901500 5.00 287.45 0.08 36.7157297 -4.4907428 0.00 88.29 0.78 0.000 37.598 11:22:22.79
75 0 -23.0 -22.6 -2.091 -3.444 0.0 0.0 0.0 36.7155550 -4.4901500 5.00 287.45 0.08 36.7157297 -4.4907428 0.00 88.29 0.78 0.000 37.598 11:22:22.89
75 0 -23.0 -22.6 2.214 -5.289 0.0 0.0 0.0 36.7155550 -4.4901500 5.00 287.45 0.08 36.7157297 -4.4907418 0.00 88.22 0.79 0.000 37.598 11:22:22.98
75 1 -23.0 -22.6 -0.861 -2.460 0.0 0.0 0.0 36.7155550 -4.4901500 5.00 287.45 0.08 36.7157297 -4.4907418 0.00 88.22 0.79 0.000 37.598 11:22:23.09
75 1 -23.0 -22.6 2.583 -6.396 0.0 0.0 0.0 36.7155550 -4.4901500 5.00 287.45 0.08 36.7157298 -4.4907408 0.00 88.16 0.74 0.000 37.598 11:22:23.18
75 1 -23.0 -22.6 0.738 -1.845 0.0 0.0 0.0 36.7155550 -4.4901500 5.00 287.45 0.08 36.7157298 -4.4907408 0.00 88.16 0.74 0.000 37.598 11:22:23.29
75 1 -23.0 -22.6 3.567 -6.150 0.0 0.0 0.0 36.7155550 -4.4901500 5.00 287.45 0.08 36.7157298 -4.4907398 0.00 88.19 0.81 0.000 37.598 11:22:23.39
75 1 -23.0 -22.6 0.615 -1.353 0.0 0.0 0.0 36.7155550 -4.4901500 5.00 287.45 0.08 36.7157298 -4.4907398 0.00 88.19 0.81 0.000 37.598 11:22:23.48
75 1 -23.0 -22.6 2.583 -3.321 0.0 0.0 0.0 36.7155550 -4.4901500 5.00 287.45 0.08 36.7157298 -4.4907387 0.00 88.27 0.79 0.000 37.598 11:22:23.59
75 1 -23.0 -22.6 2.091 -0.738 0.0 0.0 0.0 36.7155550 -4.4901500 5.00 287.45 0.08 36.7157298 -4.4907387 0.00 88.27 0.79 0.000 37.598 11:22:23.68
75 1 -23.0 -22.6 5.043 -2.091 0.0 0.0 0.0 36.7155550 -4.4901500 5.00 287.45 0.08 36.7157298 -4.4907377 0.00 88.48 0.78 0.000 37.598 11:22:23.79
75 1 -23.0 -22.6 3.444 -1.968 0.0 0.0 0.0 36.7155550 -4.4901500 5.00 287.45 0.08 36.7157298 -4.4907377 0.00 88.48 0.78 0.000 37.598 11:22:23.89
75 1 -23.0 -22.6 5.166 -1.107 0.0 0.0 0.0 36.7155550 -4.4901500 5.00 287.45 0.08 36.7157298 -4.4907367 0.00 88.72 0.85 0.000 37.598 11:22:23.98
75 1 -23.0 -22.6 1.476 -2.214 0.0 0.0 0.0 36.7155550 -4.4901500 5.00 287.45 0.08 36.7157298 -4.4907367 0.00 88.72 0.85 0.000 37.598 11:22:24.09
75 1 -23.0 -22.6 5.781 -1.107 0.0 0.0 0.0 36.7155550 -4.4901500 5.00 287.45 0.08 36.7157298 -4.4907357 0.00 88.88 0.84 0.000 37.598 11:22:24.18
75 0 -23.0 -22.6 1.230 -0.615 0.0 0.0 0.0 36.7155550 -4.4901500 5.00 287.45 0.08 36.7157298 -4.4907357 0.00 88.88 0.84 0.000 37.598 11:22:24.29
75 0 -23.0 -22.6 4.428 -0.615 0.0 0.0 0.0 36.7155550 -4.4901500 5.00 287.45 0.08 36.7157299 -4.4907347 0.00 89.10 0.80 0.000 37.598 11:22:24.39
75 0 -23.0 -22.6 1.476 -2.337 0.0 0.0 0.0 36.7155550 -4.4901500 5.00 287.45 0.08 36.7157299 -4.4907347 0.00 89.10 0.80 0.000 37.598 11:22:24.48
75 0 -23.0 -22.6 3.567 -4.674 0.0 0.0 0.0 36.7155550 -4.4901500 5.00 287.45 0.08 36.7157298 -4.4907337 0.00 89.23 0.80 0.000 37.598 11:22:24.59
75 0 -23.0 -22.6 0.492 -1.599 0.0 0.0 0.0 36.7155550 -4.4901500 5.00 287.45 0.08 36.7157298 -4.4907337 0.00 89.23 0.80 0.000 37.598 11:22:24.68
75 0 -23.0 -22.6 4.428 -5.289 0.0 0.0 0.0 36.7155550 -4.4901500 5.00 287.45 0.08 36.7157299 -4.4907328 0.00 89.34 0.82 0.000 37.598 11:22:24.79
75 0 -23.0 -22.6 3.321 0.246 0.0 0.0 0.0 36.7155550 -4.4901500 5.00 287.45 0.08 36.7157299 -4.4907328 0.00 89.34 0.82 0.000 37.598 11:22:24.89
75 0 -23.0 -22.6 1.230 -3.444 0.0 0.0 0.0 36.7155550 -4.4901500 5.00 287.45 0.08 36.7157298 -4.4907318 0.00 89.44 0.76 0.000 37.598 11:22:24.98
75 0 -23.0 -22.6 2.952 -1.845 0.0 0.0 0.0 36.7155550 -4.4901500 5.00 287.45 0.08 36.7157298 -4.4907318 0.00 89.44 0.76 0.000 37.598 11:22:25.09
75 0 -23.0 -22.6 3.690 -4.305 0.0 0.0 0.0 36.7155550 -4.4901500 5.00 287.45 0.08 36.7157299 -4.4907308 0.00 89.45 0.87 0.000 37.598 11:22:25.18
75 0 -23.0 -22.6 1.107 -3.075 0.0 0.0 0.0 36.7155550 -4.4901500 5.00 287.45 0.08 36.7157299 -4.4907308 0.00 89.45 0.87 0.000 37.598 11:22:25.29
75 0 -23.0 -22.6 1.353 -3.321 0.0 0.0 0.0 36.7155550 -4.4901500 5.00 287.45 0.08 36.7157299 -4.4907299 0.00 89.52 0.89 0.000 37.598 11:22:25.39
75 0 -23.0 -22.6 -0.369 -2.829 0.0 0.0 0.0 36.7155550 -4.4901500 5.00 287.45 0.08 36.7157299 -4.4907299 0.00 89.52 0.89 0.000 37.598 11:22:25.48
75 0 -23.0 -22.6 2.706 -4.797 0.0 0.0 0.0 36.7155550 -4.4901500 5.00 287.45 0.08 36.7157299 -4.4907290 0.00 89.53 0.86 0.000 37.598 11:22:25.59
75 0 -23.0 -22.6 -0.123 -2.583 0.0 0.0 0.0 36.7155550 -4.4901500 5.00 287.45 0.08 36.7157299 -4.4907290 0.00 89.53 0.86 0.000 37.598 11:22:25.68
75 0 -23.0 -22.6 2.214 -4.920 0.0 0.0 0.0 36.7155550 -4.4901500 5.00 287.45 0.08 36.7157299 -4.4907281 0.00 89.61 0.86 0.000 37.598 11:22:25.79
75 0 -23.0 -22.6 0.861 -2.091 0.0 0.0 0.0 36.7155550 -4.4901500 5.00 287.45 0.08 36.7157299 -4.4907281 0.00 89.61 0.86 0.000 37.598 11:22:25.89
75 0 -23.0 -22.6 2.214 -5.904 0.0 0.0 0.0 36.7155550 -4.4901500 5.00 287.45 0.08 36.7157299 -4.4907272 0.00 89.58 0.78 0.000 37.598 11:22:25.98
75 0 -23.0 -22.6 -1.107 -2.337 0.0 0.0 0.0 36.7155550 -4.4901500 5.00 287.45 0.08 36.7157299 -4.4907272 0.00 89.58 0.78 0.000 37.598 11:22:26.09
75 0 -23.0 -22.6 0.861 -4.182 0.0 0.0 0.0 36.7155550 -4.4901500 5.00 287.45 0.08 36.7157299 -4.4907263 0.00 89.60 0.78 0.000 37.598 11:22:26.18
75 0 -23.0 -22.6 0.369 -2.829 0.0 0.0 0.0 36.7155550 -4.4901500 5.00 287.45 0.08 36.7157299 -4.4907263 0.00 89.60 0.78 0.000 37.598 11:22:26.29
75 0 -23.4 -22.6 0.615 -4.674 0.0 0.0 0.0 36.7155550 -4.4901500 5.00 287.45 0.08 36.7157299 -4.4907253 0.00 89.69 0.86 0.000 37.812 11:22:26.39
75 0 -23.4 -22.6 -0.615 -4.797 0.0 0.0 0.0 36.7155550 -4.4901500 5.00 287.45 0.08 36.7157299 -4.4907253 0.00 89.69 0.86 0.000 37.812 11:22:26.48
75 0 -23.4 -22.6 2.214 -5.043 0.0 0.0 0.0 36.7155550 -4.4901500 5.00 287.45 0.08 36.7157299 -4.4907243 0.00 89.63 0.84 0.000 37.812 11:22:26.59
75 0 -23.4 -22.6 -0.369 -2.337 0.0 0.0 0.0 36.7155550 -4.4901500 5.00 287.45 0.08 36.7157299 -4.4907243 0.00 89.63 0.84 0.000 37.812 11:22:26.68
75 0 -23.4 -22.6 3.444 -3.321 0.0 0.0 0.0 36.7155550 -4.4901500 5.00 287.45 0.08 36.7157299 -4.4907233 0.00 89.73 0.83 0.000 37.812 11:22:26.79
75 0 -23.4 -22.6 0.000 -3.567 0.0 0.0 0.0 36.7155550 -4.4901500 5.00 287.45 0.08 36.7157299 -4.4907233 0.00 89.73 0.83 0.000 37.812 11:22:26.89
75 0 -23.4 -22.6 3.321 -4.428 0.0 0.0 0.0 36.7155550 -4.4901500 5.00 287.45 0.08 36.7157299 -4.4907223 0.00 89.73 0.84 0.000 37.812 11:22:26.98
75 0 -23.4 -22.6 -1.476 -4.551 0.0 0.0 0.0 36.7155550 -4.4901500 5.00 287.45 0.08 36.7157299 -4.4907223 0.00 89.73 0.84 0.000 37.812 11:22:27.09
75 0 -23.4 -22.6 1.353 -6.519 0.0 0.0 0.0 36.7155550 -4.4901500 5.00 287.45 0.08 36.7157299 -4.4907213 0.00 89.66 0.76 0.000 37.812 11:22:27.18
75 0 -23.4 -22.6 0.615 -1.353 0.0 0.0 0.0 36.7155550 -4.4901500 5.00 287.45 0.08 36.7157299 -4.4907213 0.00 89.66 0.76 0.000 37.812 11:22:27.29
75 0 -23.4 -22.6 4.305 -3.321 0.0 0.0 0.0 36.7155550 -4.4901500 5.00 287.45 0.08 36.7157299 -4.4907203 0.00 89.66 0.80 0.000 37.812 11:22:27.39
75 0 -23.4 -22.6 1.230 -0.861 0.0 0.0 0.0 36.7155550 -4.4901500 5.00 287.45 0.08 36.7157299 -4.4907203 0.00 89.66 0.80 0.000 37.812 11:22:27.48
75 0 -23.4 -22.6 2.214 -5.166 0.0 0.0 0.0 36.7155550 -4.4901500 5.00 287.45 0.08 36.7157299 -4.4907193 0.00 89.67 0.81 0.000 37.812 11:22:27.59
75 0 -23.4 -22.6 2.214 -2.583 0.0 0.0 0.0 36.7155550 -4.4901500 5.00 287.45 0.08 36.7157299 -4.4907193 0.00 89.67 0.81 0.000 37.812 11:22:27.68
75 0 -23.4 -22.6 3.936 -2.952 0.0 0.0 0.0 36.7155550 -4.4901500 5.00 287.45 0.08 36.7157299 -4.4907184 0.00 89.67 0.85 0.000 37.812 11:22:27.79
75 0 -23.4 -22.6 -0.246 -4.674 0.0 0.0 0.0 36.7155550 -4.4901500 5.00 287.45 0.08 36.7157299 -4.4907184 0.00 89.67 0.85 0.000 37.812 11:22:27.89
75 0 -23.4 -22.6 3.936 -2.460 0.0 0.0 0.0 36.7155550 -4.4901500 5.00 287.45 0.08 36.7157299 -4.4907172 0.00 89.80 0.82 0.000 37.812 11:22:27.98
75 0 -23.4 -22.6 0.000 -3.321 0.0 0.0 0.0 36.7155550 -4.4901500 5.00 287.45 0.08 36.7157299 -4.4907172 0.00 89.80 0.82 0.000 37.812 11:22:28.09
75 0 -23.4 -22.6 4.305 -3.813 0.0 0.0 0.0 36.7155550 -4.4901500 5.00 287.45 0.08 36.7157299 -4.4907161 0.00 89.74 0.80 0.000 37.812 11:22:28.18
75 0 -23.4 -22.6 -0.492 -2.214 0.0 0.0 0.0 36.7155550 -4.4901500 5.00 287.45 0.08 36.7157299 -4.4907161 0.00 89.74 0.80 0.000 37.812 11:22:28.29
75 0 -23.4 -22.6 2.337 -5.289 0.0 0.0 0.0 36.7155550 -4.4901500 5.00 287.45 0.08 36.7157299 -4.4907151 0.00 89.74 0.80 0.000 37.812 11:22:28.39
75 0 -23.4 -22.6 0.123 -2.337 0.0 0.0 0.0 36.7155550 -4.4901500 5.00 287.45 0.08 36.7157299 -4.4907151 0.00 89.74 0.80 0.000 37.812 11:22:28.48
75 0 -23.4 -22.6 0.246 -6.273 0.0 0.0 0.0 36.7155550 -4.4901500 5.00 287.45 0.08 36.7157300 -4.4907140 0.00 89.72 0.81 0.000 37.812 11:22:28.59
75 0 -23.4 -22.6 0.123 -1.845 0.0 0.0 0.0 36.7155550 -4.4901500 5.00 287.45 0.08 36.7157300 -4.4907140 0.00 89.72 0.81 0.000 37.812 11:22:28.68
75 0 -23.4 -22.6 1.353 -4.920 0.0 0.0 0.0 36.7155550 -4.4901500 5.00 287.45 0.08 36.7157299 -4.4907130 0.00 89.72 0.85 0.000 37.812 11:22:28.79
75 0 -23.4 -22.6 4.059 -1.353 0.0 0.0 0.0 36.7155550 -4.4901500 5.00 287.45 0.08 36.7157299 -4.4907130 0.00 89.72 0.85 0.000 37.812 11:22:28.89
75 0 -23.4 -22.6 3.567 -1.230 0.0 0.0 0.0 36.7155550 -4.4901500 5.00 287.45 0.08 36.7157299 -4.4907120 0.00 89.80 0.86 0.000 37.812 11:22:28.98
75 0 -23.4 -22.6 2.460 -4.551 0.0 0.0 0.0 36.7155550 -4.4901500 5.00 287.45 0.08 36.7157299 -4.4907120 0.00 89.80 0.86 0.000 37.812 11:22:29.09
75 0 -23.4 -22.6 3.936 -3.321 0.0 0.0 0.0 36.7155550 -4.4901500 5.00 287.45 0.08 36.7157299 -4.4907110 0.00 89.77 0.84 0.000 37.812 11:22:29.18
75 0 -23.4 -22.6 -0.492 -2.952 0.0 0.0 0.0 36.7155550 -4.4901500 5.00 287.45 0.08 36.7157299 -4.4907110 0.00 89.77 0.84 0.000 37.812 11:22:29.29
75 0 -23.4 -22.6 2.337 -2.091 0.0 0.0 0.0 36.7155550 -4.4901500 5.00 287.45 0.08 36.7157299 -4.4907100 0.00 89.82 0.76 0.000 37.812 11:22:29.39
75 0 -23.4 -22.6 -1.230 -4.059 0.0 0.0 0.0 36.7155550 -4.4901500 5.00 287.45 0.08 36.7157299 -4.4907100 0.00 89.82 0.76 0.000 37.812 11:22:29.48
75 0 -23.4 -22.6 3.936 -2.460 0.0 0.0 0.0 36.7155550 -4.4901500 5.00 287.45 0.08 36.7157300 -4.4907090 0.00 89.84 0.77 0.000 37.812 11:22:29.59
75 0 -23.4 -22.6 -0.123 -3.444 0.0 0.0 0.0 36.7155550 -4.4901500 5.00 287.45 0.08 36.7157300 -4.4907090 0.00 89.84 0.77 0.000 37.812 11:22:29.68
75 0 -23.4 -22.6 2.706 -4.674 0.0 0.0 0.0 36.7155550 -4.4901500 5.00 287.45 0.08 36.7157300 -4.4907081 0.00 89.79 0.75 0.000 37.812 11:22:29.79
75 0 -23.4 -22.6 0.123 -1.599 0.0 0.0 0.0 36.7155550 -4.4901500 5.00 287.45 0.08 36.7157300 -4.4907081 0.00 89.79 0.75 0.000 37.812 11:22:29.89
75 0 -23.4 -22.6 0.123 -5.166 0.0 0.0 0.0 36.7155550 -4.4901500 5.00 287.45 0.08 36.7157300 -4.4907071 0.00 89.80 0.82 0.000 37.812 11:22:29.98
75 0 -23.4 -22.6 -0.492 -1.476 0.0 0.0 0.0 36.7155550 -4.4901500 5.00 287.45 0.08 36.7157300 -4.4907071 0.00 89.80 0.82 0.000 37.812 11:22:30.09
75 0 -23.4 -22.6 1.230 -5.289 0.0 0.0 0.0 36.7155550 -4.4901500 5.00 287.45 0.08 36.7157300 -4.4907061 0.00 89.84 0.90 0.000 37.812 11:22:30.18
75 0 -23.4 -22.6 2.583 -2.214 0.0 0.0 0.0 36.7155550 -4.4901500 5.00 287.45 0.08 36.7157300 -4.4907061 0.00 89.84 0.90 0.000 37.812 11:22:30.29
75 0 -23.4 -22.6 1.722 -5.781 0.0 0.0 0.0 36.7155550 -4.4901500 5.00 287.45 0.08 36.7157300 -4.4907051 0.00 89.89 0.90 0.000 37.812 11:22:30.39
75 0 -23.4 -22.6 0.615 -3.567 0.0 0.0 0.0 36.7155550 -4.4901500 5.00 287.45 0.08 36.7157300 -4.4907051 0.00 89.89 0.90 0.000 37.812 11:22:30.48
75 0 -23.4 -22.6 3.813 -3.321 0.0 0.0 0.0 36.7155550 -4.4901500 5.00 287.45 0.08 36.7157300 -4.4907041 0.00 89.89 0.90 0.000 37.812 11:22:30.59
75 0 -23.4 -22.6 -0.123 -3.690 0.0 0.0 0.0 36.7155550 -4.4901500 5.00 287.45 0.08 36.7157300 -4.4907041 0.00 89.89 0.90 0.000 37.812 11:22:30.68
75 0 -23.4 -22.6 0.738 -4.920 0.0 0.0 0.0 36.7155550 -4.4901500 5.00 287.45 0.08 36.7157300 -4.4907031 0.00 89.86 0.78 0.000 37.812 11:22:30.79
75 0 -23.4 -22.6 -0.984 -3.075 0.0 0.0 0.0 36.7155550 -4.4901500 5.00 287.45 0.08 36.7157300 -4.4907031 0.00 89.86 0.78 0.000 37.812 11:22:30.89
75 0 -23.4 -22.6 4.305 -4.428 0.0 0.0 0.0 36.7155550 -4.4901500 5.00 287.45 0.08 36.7157300 -4.4907021 0.00 89.81 0.82 0.000 37.812 11:22:30.98
75 0 -23.4 -22.6 0.246 -2.706 0.0 0.0 0.0 36.7155550 -4.4901500 5.00 287.45 0.08 36.7157300 -4.4907021 0.00 89.81 0.82 0.000 37.812 11:22:31.09
75 0 -23.4 -22.6 4.059 -3.813 0.0 0.0 0.0 36.7155550 -4.4901500 5.00 287.45 0.08 36.7157300 -4.4907012 0.00 89.84 0.82 0.000 37.812 11:22:31.18
75 0 -23.4 -22.6 1.476 -1.353 0.0 0.0 0.0 36.7155550 -4.4901500 5.00 287.45 0.08 36.7157300 -4.4907012 0.00 89.84 0.82 0.000 37.812 11:22:31.29
75 0 -23.7 -23.4 2.583 -5.658 0.0 0.0 0.0 36.7155550 -4.4901500 5.00 287.45 0.08 36.7157300 -4.4907001 0.00 89.75 0.85 0.000 37.812 11:22:31.39
75 0 -23.7 -23.4 0.492 -1.968 0.0 0.0 0.0 36.7155550 -4.4901500 5.00 287.45 0.08 36.7157300 -4.4907001 0.00 89.75 0.85 0.000 37.812 11:22:31.48
75 0 -23.7 -23.4 3.198 -4.674 0.0 0.0 0.0 36.7155550 -4.4901500 5.00 287.45 0.08 36.7157300 -4.4906991 0.00 89.77 0.87 0.000 37.812 11:22:31.59
75 0 -23.7 -23.4 1.107 -4.305 0.0 0.0 0.0 36.7155550 -4.4901500 5.00 287.45 0.08 36.7157300 -4.4906991 0.00 89.77 0.87 0.000 37.812 11:22:31.68
75 0 -23.7 -23.4 6.150 -2.214 0.0 0.0 0.0 36.7155550 -4.4901500 5.00 287.45 0.08 36.7157300 -4.4906980 0.00 89.78 0.89 0.000 37.812 11:22:31.79
75 0 -23.7 -23.4 1.722 -4.059 0.0 0.0 0.0 36.7155550 -4.4901500 5.00 287.45 0.08 36.7157300 -4.4906980 0.00 89.78 0.89 0.000 37.812 11:22:31.89
75 0 -23.7 -23.4 3.936 -2.952 0.0 0.0 0.0 36.7155550 -4.4901500 5.00 287.45 0.08 36.7157301 -4.4906970 0.00 89.80 0.87 0.000 37.812 11:22:31.98
75 0 -23.7 -23.4 -1.476 -6.027 0.0 0.0 0.0 36.7155550 -4.4901500 5.00 287.45 0.08 36.7157301 -4.4906970 0.00 89.80 0.87 0.000 37.812 11:22:32.09
75 0 -23.7 -23.4 3.813 -1.722 0.0 0.0 0.0 36.7155550 -4.4901500 5.00 287.45 0.08 36.7157301 -4.4906959 0.00 89.85 0.86 0.000 37.812 11:22:32.18
75 0 -23.7 -23.4 0.123 -6.888 0.0 0.0 0.0 36.7155550 -4.4901500 5.00 287.45 0.08 36.7157301 -4.4906959 0.00 89.85 0.86 0.000 37.812 11:22:32.29
75 0 -23.7 -23.4 3.567 -2.706 0.0 0.0 0.0 36.7155550 -4.4901500 5.00 287.45 0.08 36.7157301 -4.4906948 0.00 89.83 0.85 0.000 37.812 11:22:32.39
75 0 -23.7 -23.4 0.123 -2.706 0.0 0.0 0.0 36.7155550 -4.4901500 5.00 287.45 0.08 36.7157301 -4.4906948 0.00 89.83 0.85 0.000 37.812 11:22:32.48
75 0 -23.7 -23.4 0.861 -2.583 0.0 0.0 0.0 36.7155550 -4.4901500 5.00 287.45 0.08 36.7157301 -4.4906938 0.00 89.86 0.89 0.000 37.812 11:22:32.59
75 0 -23.7 -23.4 1.722 -3.936 0.0 0.0 0.0 36.7155550 -4.4901500 5.00 287.45 0.08 36.7157301 -4.4906938 0.00 89.86 0.89 0.000 37.812 11:22:32.68
75 0 -23.7 -23.4 1.476 -4.182 0.0 0.0 0.0 36.7155550 -4.4901500 5.00 287.45 0.08 36.7157301 -4.4906928 0.00 89.86 0.92 0.000 37.812 11:22:32.79
75 0 -23.7 -23.4 1.107 -4.674 0.0 0.0 0.0 36.7155550 -4.4901500 5.00 287.45 0.08 36.7157301 -4.4906928 0.00 89.86 0.92 0.000 37.812 11:22:32.89
75 0 -23.7 -23.4 2.706 -2.460 0.0 0.0 0.0 36.7155550 -4.4901500 5.00 287.45 0.08 36.7157301 -4.4906917 0.00 89.92 0.90 0.000 37.812 11:22:32.98
75 0 -23.7 -23.4 0.000 -5.535 0.0 0.0 0.0 36.7155550 -4.4901500 5.00 287.45 0.08 36.7157301 -4.4906917 0.00 89.92 0.90 0.000 37.812 11:22:33.09
75 0 -23.7 -23.4 1.476 -2.460 0.0 0.0 0.0 36.7155550 -4.4901500 5.00 287.45 0.08 36.7157301 -4.4906906 0.00 89.89 0.87 0.000 37.812 11:22:33.18
75 0 -23.7 -23.4 1.230 -5.658 0.0 0.0 0.0 36.7155550 -4.4901500 5.00 287.45 0.08 36.7157301 -4.4906906 0.00 89.89 0.87 0.000 37.812 11:22:33.29
75 0 -23.7 -23.4 -0.738 -2.460 0.0 0.0 0.0 36.7155550 -4.4901500 5.00 287.45 0.08 36.7157301 -4.4906896 0.00 89.90 0.88 0.000 37.812 11:22:33.39
75 0 -23.7 -23.4 0.861 -5.412 0.0 0.0 0.0 36.7155550 -4.4901500 5.00 287.45 0.08 36.7157301 -4.4906896 0.00 89.90 0.88 0.000 37.812 11:22:33.48
75 0 -23.7 -23.4 2.091 -2.337 0.0 0.0 0.0 36.7155550 -4.4901500 5.00 287.45 0.08 36.7157301 -4.4906885 0.00 89.89 0.86 0.000 37.812 11:22:33.59
75 0 -23.7 -23.4 0.123 -4.059 0.0 0.0 0.0 36.7155550 -4.4901500 5.00 287.45 0.08 36.7157301 -4.4906885 0.00 89.89 0.86 0.000 37.812 11:22:33.68
75 0 -23.7 -23.4 0.492 -3.198 0.0 0.0 0.0 36.7155550 -4.4901500 5.00 287.45 0.08 36.7157301 -4.4906875 0.00 89.80 0.94 0.000 37.812 11:22:33.79
75 1 -23.7 -23.4 5.166 -0.984 0.0 0.0 0.0 36.7155550 -4.4901500 5.00 287.45 0.08 36.7157301 -4.4906875 0.00 89.80 0.94 0.000 37.812 11:22:33.89
75 1 -23.7 -23.4 0.000 -2.460 0.0 0.0 0.0 36.7155550 -4.4901500 5.00 287.45 0.08 36.7157301 -4.4906864 0.00 89.77 0.91 0.000 37.812 11:22:33.98
75 1 -23.7 -23.4 4.428 -4.920 0.0 0.0 0.0 36.7155550 -4.4901500 5.00 287.45 0.08 36.7157301 -4.4906864 0.00 89.77 0.91 0.000 37.812 11:22:34.09
75 1 -23.7 -23.4 1.476 -2.583 0.0 0.0 0.0 36.7155550 -4.4901500 5.00 287.45 0.08 36.7157301 -4.4906855 0.00 89.78 0.92 0.000 37.812 11:22:34.18
75 -4 -23.7 -23.4 7.257 -2.091 0.0 0.0 0.0 36.7155550 -4.4901500 5.00 287.45 0.08 36.7157301 -4.4906855 0.00 89.78 0.92 0.000 37.812 11:22:34.29
75 -4 -23.7 -23.4 1.968 -2.214 0.0 0.0 0.0 36.7155550 -4.4901500 5.00 287.45 0.08 36.7157301 -4.4906844 0.00 89.90 0.88 0.000 37.812 11:22:34.39
0 0 -23.7 -23.4 2.952 -5.658 0.0 0.0 0.0 36.7155550 -4.4901500 5.00 287.45 0.08 36.7157301 -4.4906844 0.00 89.90 0.88 0.000 37.812 11:22:34.48
0 0 -23.7 -23.4 -52.152 54.243 0.0 0.0 0.0 36.7155550 -4.4901500 5.00 287.45 0.08 36.7157301 -4.4906833 0.00 90.14 0.80 0.000 37.812 11:22:34.59
0 0 -23.7 -23.4 -2.460 1.107 0.0 0.0 0.0 36.7155550 -4.4901500 5.00 287.45 0.08 36.7157301 -4.4906833 0.00 90.14 0.80 0.000 37.812 11:22:34.68
0 0 -23.7 -23.4 -2.337 -0.369 0.0 0.0 0.0 36.7155550 -4.4901500 5.00 287.45 0.08 36.7157302 -4.4906824 0.00 90.06 0.26 0.000 37.812 11:22:34.79
0 0 -23.7 -23.4 0.738 -2.952 0.0 0.0 0.0 36.7155550 -4.4901500 5.00 287.45 0.08 36.7157302 -4.4906824 0.00 90.06 0.26 0.000 37.812 11:22:34.89
0 0 -23.7 -23.4 -3.075 -0.369 0.0 0.0 0.0 36.7155550 -4.4901500 5.00 287.45 0.08 36.7157301 -4.4906828 0.00 89.76 0.35 0.000 37.812 11:22:34.98
0 0 -23.7 -23.4 -1.722 -1.722 0.0 0.0 0.0 36.7155550 -4.4901500 5.00 287.45 0.08 36.7157301 -4.4906828 0.00 89.76 0.35 0.000 37.812 11:22:35.09
0 0 -23.7 -23.4 -1.968 -1.599 0.0 0.0 0.0 36.7155550 -4.4901500 5.00 287.45 0.08 36.7157302 -4.4906808 0.00 89.91 0.07 0.000 37.812 11:22:35.18
0 0 -23.7 -23.4 -2.214 -1.353 0.0 0.0 0.0 36.7155550 -4.4901500 5.00 287.45 0.08 36.7157302 -4.4906808 0.00 89.91 0.07 0.000 37.812 11:22:35.29
0 0 -23.7 -23.4 -1.722 -1.599 0.0 0.0 0.0 36.7155550 -4.4901500 5.00 287.45 0.08 36.7157302 -4.4906805 0.00 89.91 0.09 0.000 37.812 11:22:35.39
0 0 -23.7 -23.4 -1.599 -1.353 0.0 0.0 0.0 36.7155550 -4.4901500 5.00 287.45 0.08 36.7157302 -4.4906805 0.00 89.91 0.09 0.000 37.812 11:22:35.48
0 0 -23.7 -23.4 -1.599 -1.599 0.0 0.0 0.0 36.7155550 -4.4901500 5.00 287.45 0.08 36.7157302 -4.4906804 0.00 89.87 0.07 0.000 37.812 11:22:35.59
0 0 -23.7 -23.4 -1.107 -1.476 0.0 0.0 0.0 36.7155550 -4.4901500 5.00 287.45 0.08 36.7157302 -4.4906804 0.00 89.87 0.07 0.000 37.812 11:22:35.68
0 0 -23.7 -23.4 -1.476 -1.353 0.0 0.0 0.0 36.7155550 -4.4901500 5.00 287.45 0.08 36.7157302 -4.4906805 0.00 89.88 0.06 0.000 37.812 11:22:35.79
0 0 -23.7 -23.4 -1.722 -1.107 0.0 0.0 0.0 36.7155550 -4.4901500 5.00 287.45 0.08 36.7157302 -4.4906805 0.00 89.88 0.06 0.000 37.812 11:22:35.89
0 0 -23.7 -23.4 -1.722 -0.984 0.0 0.0 0.0 36.7155550 -4.4901500 5.00 287.45 0.08 36.7157302 -4.4906805 0.00 89.88 0.00 0.000 37.812 11:22:35.98
0 0 -23.7 -23.4 -1.599 -1.722 0.0 0.0 0.0 36.7155550 -4.4901500 5.00 287.45 0.08 36.7157302 -4.4906805 0.00 89.88 0.00 0.000 37.812 11:22:36.09
0 0 -23.7 -23.4 -1.599 -1.353 0.0 0.0 0.0 36.7155550 -4.4901500 5.00 287.45 0.08 36.7157302 -4.4906804 0.00 89.87 0.04 0.000 37.812 11:22:36.18
0 0 -23.7 -23.4 -1.353 -1.353 0.0 0.0 0.0 36.7155550 -4.4901500 5.00 287.45 0.08 36.7157302 -4.4906804 0.00 89.87 0.04 0.000 37.812 11:22:36.29
0 0 0.0 0.0 -1.599 -1.722 0.0 0.0 0.0 36.7155550 -4.4901500 5.00 287.45 0.08 36.7157302 -4.4906803 0.00 89.87 0.01 0.000 38.027 11:22:36.39
0 0 0.0 0.0 -1.353 -1.845 0.0 0.0 0.0 36.7155550 -4.4901500 5.00 287.45 0.08 36.7157302 -4.4906803 0.00 89.87 0.01 0.000 38.027 11:22:36.48
0 0 0.0 0.0 -1.968 -1.599 0.0 0.0 0.0 36.7155550 -4.4901500 5.00 287.45 0.08 36.7157302 -4.4906803 0.00 89.85 0.02 0.000 38.027 11:22:36.59
0 0 0.0 0.0 -1.353 -1.599 0.0 0.0 0.0 36.7155550 -4.4901500 5.00 287.45 0.08 36.7157302 -4.4906803 0.00 89.85 0.02 0.000 38.027 11:22:36.68
0 0 0.0 0.0 -1.722 -1.230 0.0 0.0 0.0 36.7155550 -4.4901500 5.00 287.45 0.08 36.7157302 -4.4906802 0.00 89.85 0.00 0.000 38.027 11:22:36.79
0 0 0.0 0.0 -1.599 -1.230 0.0 0.0 0.0 36.7155550 -4.4901500 5.00 287.45 0.08 36.7157302 -4.4906802 0.00 89.85 0.00 0.000 38.027 11:22:36.89
0 0 0.0 0.0 -1.353 -1.845 0.0 0.0 0.0 36.7155550 -4.4901500 5.00 287.45 0.08 36.7157302 -4.4906802 0.00 89.85 0.01 0.000 38.027 11:22:37.00
0 0 0.0 0.0 -1.476 -1.599 0.0 0.0 0.0 36.7155550 -4.4901500 5.00 287.45 0.08 36.7157302 -4.4906802 0.00 89.85 0.01 0.000 38.027 11:22:37.09
0 0 0.0 0.0 -1.476 -1.599 0.0 0.0 0.0 36.7155550 -4.4901500 5.00 287.45 0.08 36.7157302 -4.4906802 0.00 89.85 0.00 0.000 38.027 11:22:37.18
0 0 0.0 0.0 -1.722 -1.107 0.0 0.0 0.0 36.7155550 -4.4901500 5.00 287.45 0.08 36.7157302 -4.4906802 0.00 89.85 0.00 0.000 38.027 11:22:37.29
0 0 0.0 0.0 -1.722 -1.599 0.0 0.0 0.0 36.7155550 -4.4901500 5.00 287.45 0.08 36.7157302 -4.4906802 0.00 89.85 0.01 0.000 38.027 11:22:37.39
0 0 0.0 0.0 -1.353 -1.599 0.0 0.0 0.0 36.7155550 -4.4901500 5.00 287.45 0.08 36.7157302 -4.4906802 0.00 89.85 0.01 0.000 38.027 11:22:37.50
0 0 0.0 0.0 -1.353 -1.353 0.0 0.0 0.0 36.7155550 -4.4901500 5.00 287.45 0.08 36.7157302 -4.4906802 0.00 89.84 0.00 0.000 38.027 11:22:37.59
0 0 0.0 0.0 -1.845 -1.107 0.0 0.0 0.0 36.7155550 -4.4901500 5.00 287.45 0.08 36.7157302 -4.4906802 0.00 89.84 0.00 0.000 38.027 11:22:37.68
0 0 0.0 0.0 -0.984 -1.353 0.0 0.0 0.0 36.7155550 -4.4901500 5.00 287.45 0.08 36.7157302 -4.4906802 0.00 89.84 0.00 0.000 38.027 11:22:37.79
0 0 0.0 0.0 -1.353 -1.968 0.0 0.0 0.0 36.7155550 -4.4901500 5.00 287.45 0.08 36.7157302 -4.4906802 0.00 89.84 0.00 0.000 38.027 11:22:37.89
0 0 0.0 0.0 -1.722 -0.984 0.0 0.0 0.0 36.7155550 -4.4901500 5.00 287.45 0.08 36.7157302 -4.4906802 0.00 89.84 0.00 0.000 38.027 11:22:38.00
0 0 0.0 0.0 -1.599 -1.599 0.0 0.0 0.0 36.7155550 -4.4901500 5.00 287.45 0.08 36.7157302 -4.4906802 0.00 89.84 0.00 0.000 38.027 11:22:38.09
0 0 0.0 0.0 -1.230 -1.599 0.0 0.0 0.0 36.7155550 -4.4901500 5.00 287.45 0.08 36.7157302 -4.4906802 0.00 89.84 0.00 0.000 38.027 11:22:38.18
0 0 0.0 0.0 -1.476 -1.968 0.0 0.0 0.0 36.7155550 -4.4901500 5.00 287.45 0.08 36.7157302 -4.4906802 0.00 89.84 0.00 0.000 38.027 11:22:38.29
0 0 0.0 0.0 -1.353 -1.353 0.0 0.0 0.0 36.7155550 -4.4901500 5.00 287.45 0.08 36.7157302 -4.4906802 0.00 89.84 0.00 0.000 38.027 11:22:38.39
0 0 0.0 0.0 -1.230 -0.861 0.0 0.0 0.0 36.7155550 -4.4901500 5.00 287.45 0.08 36.7157302 -4.4906802 0.00 89.84 0.00 0.000 38.027 11:22:38.50
0 0 0.0 0.0 -1.599 -1.230 0.0 0.0 0.0 36.7155550 -4.4901500 5.00 287.45 0.08 36.7157302 -4.4906802 0.00 89.83 0.00 0.000 38.027 11:22:38.59
0 0 0.0 0.0 -1.230 -1.230 0.0 0.0 0.0 36.7155550 -4.4901500 5.00 287.45 0.08 36.7157302 -4.4906802 0.00 89.83 0.00 0.000 38.027 11:22:38.68
0 0 0.0 0.0 -1.722 -0.984 0.0 0.0 0.0 36.7155550 -4.4901500 5.00 287.45 0.08 36.7157302 -4.4906802 0.00 89.84 0.00 0.000 38.027 11:22:38.79
0 0 0.0 0.0 -2.214 -1.353 0.0 0.0 0.0 36.7155550 -4.4901500 5.00 287.45 0.08 36.7157302 -4.4906802 0.00 89.84 0.00 0.000 38.027 11:22:38.89
0 0 0.0 0.0 -2.214 -1.353 0.0 0.0 0.0 36.7155550 -4.4901500 5.00 287.45 0.08 36.7157302 -4.4906802 0.00 89.84 0.00 0.000 38.027 11:22:39.00
0 0 0.0 0.0 -1.476 -0.984 0.0 0.0 0.0 36.7155550 -4.4901500 5.00 287.45 0.08 36.7157302 -4.4906802 0.00 89.84 0.00 0.000 38.027 11:22:39.09
0 0 0.0 0.0 -1.476 -1.476 0.0 0.0 0.0 36.7155550 -4.4901500 5.00 287.45 0.08 36.7157302 -4.4906802 0.00 89.84 0.00 0.000 38.027 11:22:39.18
0 0 0.0 0.0 -1.230 -1.353 0.0 0.0 0.0 36.7155550 -4.4901500 5.00 287.45 0.08 36.7157302 -4.4906802 0.00 89.84 0.00 0.000 38.027 11:22:39.29
0 0 0.0 0.0 -1.968 -1.476 0.0 0.0 0.0 36.7155550 -4.4901500 5.00 287.45 0.08 36.7157302 -4.4906802 0.00 89.83 0.00 0.000 38.027 11:22:39.39
0 0 0.0 0.0 -1.968 -1.476 0.0 0.0 0.0 36.7155550 -4.4901500 5.00 287.45 0.08 36.7157302 -4.4906802 0.00 89.83 0.00 0.000 38.027 11:22:39.50
0 0 0.0 0.0 -1.353 -1.107 0.0 0.0 0.0 36.7155550 -4.4901500 5.00 287.45 0.08 36.7157302 -4.4906802 0.00 89.84 0.00 0.000 38.027 11:22:39.59
0 0 0.0 0.0 -1.353 -1.599 0.0 0.0 0.0 36.7155550 -4.4901500 5.00 287.45 0.08 36.7157302 -4.4906802 0.00 89.84 0.00 0.000 38.027 11:22:39.68
0 0 0.0 0.0 -1.722 -1.476 0.0 0.0 0.0 36.7155550 -4.4901500 5.00 287.45 0.08 36.7157302 -4.4906802 0.00 89.84 0.00 0.000 38.027 11:22:39.79
0 0 0.0 0.0 -1.230 -1.230 0.0 0.0 0.0 36.7155550 -4.4901500 5.00 287.45 0.08 36.7157302 -4.4906802 0.00 89.84 0.00 0.000 38.027 11:22:39.89
0 0 0.0 0.0 -1.353 -1.230 0.0 0.0 0.0 36.7155550 -4.4901500 5.00 287.45 0.08 36.7157302 -4.4906802 0.00 89.84 0.00 0.000 38.027 11:22:40.00
0 0 0.0 0.0 -1.845 -1.230 0.0 0.0 0.0 36.7155550 -4.4901500 5.00 287.45 0.08 36.7157302 -4.4906802 0.00 89.84 0.00 0.000 38.027 11:22:40.09
0 0 0.0 0.0 -1.599 -1.476 0.0 0.0 0.0 36.7155550 -4.4901500 5.00 287.45 0.08 36.7157302 -4.4906802 0.00 89.84 0.00 0.000 38.027 11:22:40.18
0 0 0.0 0.0 -1.599 -1.230 0.0 0.0 0.0 36.7155550 -4.4901500 5.00 287.45 0.08 36.7157302 -4.4906802 0.00 89.84 0.00 0.000 38.027 11:22:40.29
0 0 0.0 0.0 -1.107 -1.722 0.0 0.0 0.0 36.7155550 -4.4901500 5.00 287.45 0.08 36.7157302 -4.4906802 0.00 89.84 0.00 0.000 38.027 11:22:40.39
0 0 0.0 0.0 -1.845 -1.230 0.0 0.0 0.0 36.7155550 -4.4901500 5.00 287.45 0.08 36.7157302 -4.4906802 0.00 89.84 0.00 0.000 38.027 11:22:40.50
0 0 0.0 0.0 -1.845 -1.353 0.0 0.0 0.0 36.7155550 -4.4901500 5.00 287.45 0.08 36.7157302 -4.4906802 0.00 89.84 0.00 0.000 38.027 11:22:40.59
0 0 0.0 0.0 -1.107 -1.968 0.0 0.0 0.0 36.7155550 -4.4901500 5.00 287.45 0.08 36.7157302 -4.4906802 0.00 89.84 0.00 0.000 38.027 11:22:40.68
0 0 0.0 0.0 -1.722 -1.845 0.0 0.0 0.0 36.7155550 -4.4901500 5.00 287.45 0.08 36.7157302 -4.4906802 0.00 89.84 0.00 0.000 38.027 11:22:40.79
0 0 0.0 0.0 -1.845 -1.599 0.0 0.0 0.0 36.7155550 -4.4901500 5.00 287.45 0.08 36.7157302 -4.4906802 0.00 89.84 0.00 0.000 38.027 11:22:40.89
0 0 0.0 0.0 -1.599 -1.230 0.0 0.0 0.0 36.7155550 -4.4901500 5.00 287.45 0.08 36.7157302 -4.4906802 0.00 89.84 0.00 0.000 38.027 11:22:41.00
0 0 0.0 0.0 -0.984 -1.107 0.0 0.0 0.0 36.7155550 -4.4901500 5.00 287.45 0.08 36.7157302 -4.4906802 0.00 89.84 0.00 0.000 38.027 11:22:41.09
0 0 0.0 0.0 -1.353 -1.476 0.0 0.0 0.0 36.7155550 -4.4901500 5.00 287.45 0.08 36.7157302 -4.4906802 0.00 89.84 0.00 0.000 38.027 11:22:41.18
0 0 0.0 0.0 -1.722 -1.599 0.0 0.0 0.0 36.7155550 -4.4901500 5.00 287.45 0.08 36.7157302 -4.4906802 0.00 89.84 0.00 0.000 38.027 11:22:41.29
0 0 0.0 0.0 -1.476 -1.476 0.0 0.0 0.0 36.7155550 -4.4901500 5.00 287.45 0.08 36.7157302 -4.4906802 0.00 89.84 0.00 0.000 38.027 11:22:41.39
0 0 0.0 0.0 -1.476 -1.599 0.0 0.0 0.0 36.7155550 -4.4901500 5.00 287.45 0.08 36.7157302 -4.4906802 0.00 89.84 0.00 0.000 38.027 11:22:41.50
0 0 0.0 0.0 -1.353 -1.230 0.0 0.0 0.0 36.7155550 -4.4901500 5.00 287.45 0.08 36.7157302 -4.4906802 0.00 89.84 0.00 0.000 38.027 11:22:41.59
0 0 0.0 0.0 -1.722 -1.722 0.0 0.0 0.0 36.7155550 -4.4901500 5.00 287.45 0.08 36.7157302 -4.4906802 0.00 89.84 0.00 0.000 38.027 11:22:41.68
0 0 0.0 0.0 -1.845 -1.476 0.0 0.0 0.0 36.7155550 -4.4901500 5.00 287.45 0.08 36.7157302 -4.4906802 0.00 89.84 0.00 0.000 38.027 11:22:41.79
0 0 0.0 0.0 -1.845 -1.845 0.0 0.0 0.0 36.7155550 -4.4901500 5.00 287.45 0.08 36.7157302 -4.4906802 0.00 89.84 0.00 0.000 38.027 11:22:41.89
0 0 0.0 0.0 -2.091 -1.107 0.0 0.0 0.0 36.7155550 -4.4901500 5.00 287.45 0.08 36.7157302 -4.4906802 0.00 89.84 0.00 0.000 38.027 11:22:42.00
0 0 0.0 0.0 -1.845 -1.353 0.0 0.0 0.0 36.7155550 -4.4901500 5.00 287.45 0.08 36.7157302 -4.4906802 0.00 89.84 0.00 0.000 38.027 11:22:42.09
0 0 0.0 0.0 -1.599 -1.599 0.0 0.0 0.0 36.7155550 -4.4901500 5.00 287.45 0.08 36.7157302 -4.4906802 0.00 89.84 0.00 0.000 38.027 11:22:42.18
0 0 0.0 0.0 -1.599 -1.353 0.0 0.0 0.0 36.7155550 -4.4901500 5.00 287.45 0.08 36.7157302 -4.4906802 0.00 89.84 0.00 0.000 38.027 11:22:42.29
0 0 0.0 0.0 -1.599 -0.984 0.0 0.0 0.0 36.7155550 -4.4901500 5.00 287.45 0.08 36.7157302 -4.4906802 0.00 89.84 0.00 0.000 38.027 11:22:42.39
0 0 0.0 0.0 -1.599 -0.738 0.0 0.0 0.0 36.7155550 -4.4901500 5.00 287.45 0.08 36.7157302 -4.4906802 0.00 89.84 0.00 0.000 38.027 11:22:42.50
0 0 0.0 0.0 -1.722 -1.599 0.0 0.0 0.0 36.7155550 -4.4901500 5.00 287.45 0.08 36.7157302 -4.4906802 0.00 89.84 0.00 0.000 38.027 11:22:42.59
0 0 0.0 0.0 -1.968 -1.599 0.0 0.0 0.0 36.7155550 -4.4901500 5.00 287.45 0.08 36.7157302 -4.4906802 0.00 89.84 0.00 0.000 38.027 11:22:42.68
0 0 0.0 0.0 -1.599 -1.476 0.0 0.0 0.0 36.7155550 -4.4901500 5.00 287.45 0.08 36.7157302 -4.4906802 0.00 89.84 0.00 0.000 38.027 11:22:42.79
0 0 0.0 0.0 -1.107 -1.353 0.0 0.0 0.0 36.7155550 -4.4901500 5.00 287.45 0.08 36.7157302 -4.4906802 0.00 89.84 0.00 0.000 38.027 11:22:42.89
0 0 0.0 0.0 -1.599 -2.091 0.0 0.0 0.0 36.7155550 -4.4901500 5.00 287.45 0.08 36.7157302 -4.4906802 0.00 89.84 0.00 0.000 38.027 11:22:43.00
0 0 0.0 0.0 -1.845 -1.353 0.0 0.0 0.0 36.7155550 -4.4901500 5.00 287.45 0.08 36.7157302 -4.4906802 0.00 89.84 0.00 0.000 38.027 11:22:43.09
0 0 0.0 0.0 -1.968 -1.353 0.0 0.0 0.0 36.7155550 -4.4901500 5.00 287.45 0.08 36.7157301 -4.4906802 0.00 89.84 0.00 0.000 38.027 11:22:43.18
0 0 0.0 0.0 -1.476 -1.968 0.0 0.0 0.0 36.7155550 -4.4901500 5.00 287.45 0.08 36.7157301 -4.4906802 0.00 89.84 0.00 0.000 38.027 11:22:43.29
0 0 0.0 0.0 -1.476 -1.599 0.0 0.0 0.0 36.7155550 -4.4901500 5.00 287.45 0.08 36.7157301 -4.4906802 0.00 89.84 0.00 0.000 38.027 11:22:43.39
0 0 0.0 0.0 -1.107 -2.214 0.0 0.0 0.0 36.7155550 -4.4901500 5.00 287.45 0.08 36.7157301 -4.4906802 0.00 89.84 0.00 0.000 38.027 11:22:43.50
0 0 0.0 0.0 -1.476 -1.230 0.0 0.0 0.0 36.7155550 -4.4901500 5.00 287.45 0.08 36.7157301 -4.4906802 0.00 89.84 0.00 0.000 38.027 11:22:43.59
0 0 0.0 0.0 -1.107 -1.476 0.0 0.0 0.0 36.7155550 -4.4901500 5.00 287.45 0.08 36.7157301 -4.4906802 0.00 89.84 0.00 0.000 38.027 11:22:43.68
0 0 0.0 0.0 -1.599 -1.599 0.0 0.0 0.0 36.7155550 -4.4901500 5.00 287.45 0.08 36.7157301 -4.4906802 0.00 89.84 0.00 0.000 38.027 11:22:43.79
0 0 0.0 0.0 -1.353 -1.845 0.0 0.0 0.0 36.7155550 -4.4901500 5.00 287.45 0.08 36.7157301 -4.4906802 0.00 89.84 0.00 0.000 38.027 11:22:43.89
0 0 0.0 0.0 -1.968 -1.599 0.0 0.0 0.0 36.7155550 -4.4901500 5.00 287.45 0.08 36.7157301 -4.4906802 0.00 89.83 0.00 0.000 38.027 11:22:44.00
0 0 0.0 0.0 -1.599 -1.599 0.0 0.0 0.0 36.7155550 -4.4901500 5.00 287.45 0.08 36.7157301 -4.4906802 0.00 89.83 0.00 0.000 38.027 11:22:44.09
0 0 0.0 0.0 -1.476 -1.722 0.0 0.0 0.0 36.7155550 -4.4901500 5.00 287.45 0.08 36.7157301 -4.4906802 0.00 89.83 0.00 0.000 38.027 11:22:44.18
0 0 0.0 0.0 -1.722 -1.476 0.0 0.0 0.0 36.7155550 -4.4901500 5.00 287.45 0.08 36.7157301 -4.4906802 0.00 89.83 0.00 0.000 38.027 11:22:44.29
0 0 0.0 0.0 -1.599 -1.599 0.0 0.0 0.0 36.7155550 -4.4901500 5.00 287.45 0.08 36.7157301 -4.4906802 0.00 89.83 0.00 0.000 38.027 11:22:44.39
0 0 0.0 0.0 -1.476 -1.845 0.0 0.0 0.0 36.7155550 -4.4901500 5.00 287.45 0.08 36.7157301 -4.4906802 0.00 89.83 0.00 0.000 38.027 11:22:44.50
0 0 0.0 0.0 -1.476 -1.476 0.0 0.0 0.0 36.7155550 -4.4901500 5.00 287.45 0.08 36.7157301 -4.4906802 0.00 89.84 0.00 0.000 38.027 11:22:44.59
0 0 0.0 0.0 -1.722 -2.091 0.0 0.0 0.0 36.7155550 -4.4901500 5.00 287.45 0.08 36.7157301 -4.4906802 0.00 89.84 0.00 0.000 38.027 11:22:44.68
0 0 0.0 0.0 -1.353 -1.722 0.0 0.0 0.0 36.7155550 -4.4901500 5.00 287.45 0.08 36.7157301 -4.4906802 0.00 89.83 0.00 0.000 38.027 11:22:44.79
0 0 0.0 0.0 -2.091 -1.476 0.0 0.0 0.0 36.7155550 -4.4901500 5.00 287.45 0.08 36.7157301 -4.4906802 0.00 89.83 0.00 0.000 38.027 11:22:44.89
0 0 0.0 0.0 -1.230 -1.107 0.0 0.0 0.0 36.7155550 -4.4901500 5.00 287.45 0.08 36.7157301 -4.4906802 0.00 89.83 0.00 0.000 38.027 11:22:45.00
0 0 0.0 0.0 -1.722 -1.599 0.0 0.0 0.0 36.7155550 -4.4901500 5.00 287.45 0.08 36.7157301 -4.4906802 0.00 89.83 0.00 0.000 38.027 11:22:45.09
0 0 0.0 0.0 -1.230 -1.476 0.0 0.0 0.0 36.7155550 -4.4901500 5.00 287.45 0.08 36.7157301 -4.4906802 0.00 89.83 0.00 0.000 38.027 11:22:45.18
0 0 0.0 0.0 -1.722 -2.091 0.0 0.0 0.0 36.7155550 -4.4901500 5.00 287.45 0.08 36.7157301 -4.4906802 0.00 89.83 0.00 0.000 38.027 11:22:45.29
0 0 0.0 0.0 -1.968 -1.353 0.0 0.0 0.0 36.7155550 -4.4901500 5.00 287.45 0.08 36.7157301 -4.4906802 0.00 89.83 0.00 0.000 38.027 11:22:45.39
0 0 0.0 0.0 -1.968 -1.476 0.0 0.0 0.0 36.7155550 -4.4901500 5.00 287.45 0.08 36.7157301 -4.4906802 0.00 89.83 0.00 0.000 38.027 11:22:45.50
0 0 0.0 0.0 -2.337 -1.476 0.0 0.0 0.0 36.7155550 -4.4901500 5.00 287.45 0.08 36.7157301 -4.4906802 0.00 89.84 0.00 0.000 38.027 11:22:45.59
0 0 0.0 0.0 -1.599 -1.230 0.0 0.0 0.0 36.7155550 -4.4901500 5.00 287.45 0.08 36.7157301 -4.4906802 0.00 89.84 0.00 0.000 38.027 11:22:45.68
0 0 0.0 0.0 -2.337 -1.353 0.0 0.0 0.0 36.7155550 -4.4901500 5.00 287.45 0.08 36.7157301 -4.4906802 0.00 89.84 0.00 0.000 38.027 11:22:45.79
0 0 0.0 0.0 -1.599 -1.476 0.0 0.0 0.0 36.7155550 -4.4901500 5.00 287.45 0.08 36.7157301 -4.4906802 0.00 89.84 0.00 0.000 38.027 11:22:45.89
0 0 0.0 0.0 -1.845 -1.476 0.0 0.0 0.0 36.7155550 -4.4901500 5.00 287.45 0.08 36.7157301 -4.4906802 0.00 89.84 0.00 0.000 38.027 11:22:46.00
0 0 0.0 0.0 -1.230 -1.845 0.0 0.0 0.0 36.7155550 -4.4901500 5.00 287.45 0.08 36.7157301 -4.4906802 0.00 89.84 0.00 0.000 38.027 11:22:46.09
0 0 0.0 0.0 -1.353 -1.476 0.0 0.0 0.0 36.7155550 -4.4901500 5.00 287.45 0.08 36.7157301 -4.4906802 0.00 89.84 0.00 0.000 38.027 11:22:46.18
0 0 0.0 0.0 -1.722 -1.107 0.0 0.0 0.0 36.7155550 -4.4901500 5.00 287.45 0.08 36.7157301 -4.4906802 0.00 89.84 0.00 0.000 38.027 11:22:46.29
0 0 0.0 0.0 -2.214 -1.107 0.0 0.0 0.0 36.7155550 -4.4901500 5.00 287.45 0.08 36.7157301 -4.4906802 0.00 89.83 0.00 0.000 38.027 11:22:46.39
0 0 0.0 0.0 -1.476 -1.845 0.0 0.0 0.0 36.7155550 -4.4901500 5.00 287.45 0.08 36.7157301 -4.4906802 0.00 89.83 0.00 0.000 38.027 11:22:46.50
0 0 0.0 0.0 -1.599 -1.476 0.0 0.0 0.0 36.7155550 -4.4901500 5.00 287.45 0.08 36.7157301 -4.4906802 0.00 89.83 0.00 0.000 38.027 11:22:46.59
0 0 0.0 0.0 -1.107 -1.845 0.0 0.0 0.0 36.7155550 -4.4901500 5.00 287.45 0.08 36.7157301 -4.4906802 0.00 89.83 0.00 0.000 38.027 11:22:46.68
0 0 0.0 0.0 -1.599 -1.845 0.0 0.0 0.0 36.7155550 -4.4901500 5.00 287.45 0.08 36.7157301 -4.4906802 0.00 89.83 0.00 0.000 38.027 11:22:46.79
0 0 0.0 0.0 -1.722 -1.230 0.0 0.0 0.0 36.7155550 -4.4901500 5.00 287.45 0.08 36.7157301 -4.4906802 0.00 89.83 0.00 0.000 38.027 11:22:46.89
0 0 0.0 0.0 -1.599 -1.230 0.0 0.0 0.0 36.7155550 -4.4901500 5.00 287.45 0.08 36.7157301 -4.4906802 0.00 89.83 0.00 0.000 38.027 11:22:47.00
0 0 0.0 0.0 -1.599 -1.107 0.0 0.0 0.0 36.7155550 -4.4901500 5.00 287.45 0.08 36.7157301 -4.4906802 0.00 89.83 0.00 0.000 38.027 11:22:47.09
0 0 0.0 0.0 -0.861 -1.845 0.0 0.0 0.0 36.7155550 -4.4901500 5.00 287.45 0.08 36.7157301 -4.4906802 0.00 89.83 0.00 0.000 38.027 11:22:47.18
0 0 0.0 0.0 -1.476 -1.599 0.0 0.0 0.0 36.7155550 -4.4901500 5.00 287.45 0.08 36.7157301 -4.4906802 0.00 89.83 0.00 0.000 38.027 11:22:47.29
0 0 0.0 0.0 -1.353 -1.845 0.0 0.0 0.0 36.7155550 -4.4901500 5.00 287.45 0.08 36.7157301 -4.4906802 0.00 89.83 0.00 0.000 38.027 11:22:47.39
0 0 0.0 0.0 -1.968 -1.353 0.0 0.0 0.0 36.7155550 -4.4901500 5.00 287.45 0.08 36.7157301 -4.4906802 0.00 89.83 0.00 0.000 38.027 11:22:47.50
0 0 0.0 0.0 -1.722 -0.984 0.0 0.0 0.0 36.7155550 -4.4901500 5.00 287.45 0.08 36.7157301 -4.4906802 0.00 89.84 0.00 0.000 38.027 11:22:47.59
0 0 0.0 0.0 -1.230 -1.476 0.0 0.0 0.0 36.7155550 -4.4901500 5.00 287.45 0.08 36.7157301 -4.4906802 0.00 89.84 0.00 0.000 38.027 11:22:47.68
0 0 0.0 0.0 -1.968 -2.214 0.0 0.0 0.0 36.7155550 -4.4901500 5.00 287.45 0.08 36.7157301 -4.4906802 0.00 89.84 0.00 0.000 38.027 11:22:47.79
0 0 0.0 0.0 -1.230 -1.599 0.0 0.0 0.0 36.7155550 -4.4901500 5.00 287.45 0.08 36.7157301 -4.4906802 0.00 89.84 0.00 0.000 38.027 11:22:47.89
0 0 0.0 0.0 -1.722 -1.230 0.0 0.0 0.0 36.7155550 -4.4901500 5.00 287.45 0.08 36.7157301 -4.4906802 0.00 89.84 0.00 0.000 38.027 11:22:48.00
0 0 0.0 0.0 -1.845 -1.230 0.0 0.0 0.0 36.7155550 -4.4901500 5.00 287.45 0.08 36.7157301 -4.4906802 0.00 89.84 0.00 0.000 38.027 11:22:48.09
0 0 0.0 0.0 -2.337 -1.107 0.0 0.0 0.0 36.7155550 -4.4901500 5.00 287.45 0.08 36.7157301 -4.4906802 0.00 89.84 0.00 0.000 38.027 11:22:48.18
0 0 0.0 0.0 -1.353 -1.107 0.0 0.0 0.0 36.7155550 -4.4901500 5.00 287.45 0.08 36.7157301 -4.4906802 0.00 89.84 0.00 0.000 38.027 11:22:48.29
0 0 0.0 0.0 -1.353 -1.722 0.0 0.0 0.0 36.7155550 -4.4901500 5.00 287.45 0.08 36.7157301 -4.4906802 0.00 89.84 0.00 0.000 38.027 11:22:48.39
0 0 0.0 0.0 -1.599 -1.722 0.0 0.0 0.0 36.7155550 -4.4901500 5.00 287.45 0.08 36.7157301 -4.4906802 0.00 89.84 0.00 0.000 38.027 11:22:48.50
0 0 0.0 0.0 -1.353 -1.599 0.0 0.0 0.0 36.7155550 -4.4901500 5.00 287.45 0.08 36.7157301 -4.4906802 0.00 89.84 0.00 0.000 38.027 11:22:48.59
0 0 0.0 0.0 -1.845 -1.722 0.0 0.0 0.0 36.7155550 -4.4901500 5.00 287.45 0.08 36.7157301 -4.4906802 0.00 89.84 0.00 0.000 38.027 11:22:48.68
0 0 0.0 0.0 -1.230 -1.845 0.0 0.0 0.0 36.7155550 -4.4901500 5.00 287.45 0.08 36.7157301 -4.4906802 0.00 89.84 0.00 0.000 38.027 11:22:48.79
0 0 0.0 0.0 -1.722 -1.230 0.0 0.0 0.0 36.7155550 -4.4901500 5.00 287.45 0.08 36.7157301 -4.4906802 0.00 89.84 0.00 0.000 38.027 11:22:48.89
0 0 0.0 0.0 -1.599 -1.845 0.0 0.0 0.0 36.7155550 -4.4901500 5.00 287.45 0.08 36.7157301 -4.4906802 0.00 89.84 0.00 0.000 38.027 11:22:49.00
0 0 0.0 0.0 -1.968 -1.722 0.0 0.0 0.0 36.7155550 -4.4901500 5.00 287.45 0.08 36.7157301 -4.4906802 0.00 89.84 0.00 0.000 38.027 11:22:49.09
0 0 0.0 0.0 -1.599 -1.599 0.0 0.0 0.0 36.7155550 -4.4901500 5.00 287.45 0.08 36.7157301 -4.4906801 0.00 89.84 0.00 0.000 38.027 11:22:49.18
0 0 0.0 0.0 -1.845 -1.845 0.0 0.0 0.0 36.7155550 -4.4901500 5.00 287.45 0.08 36.7157301 -4.4906801 0.00 89.84 0.00 0.000 38.027 11:22:49.29
0 0 0.0 0.0 -1.476 -1.845 0.0 0.0 0.0 36.7155550 -4.4901500 5.00 287.45 0.08 36.7157301 -4.4906801 0.00 89.84 0.00 0.000 38.027 11:22:49.39
0 0 0.0 0.0 -1.722 -1.353 0.0 0.0 0.0 36.7155550 -4.4901500 5.00 287.45 0.08 36.7157301 -4.4906801 0.00 89.84 0.00 0.000 38.027 11:22:49.50
0 0 0.0 0.0 -2.091 -1.599 0.0 0.0 0.0 36.7155550 -4.4901500 5.00 287.45 0.08 36.7157301 -4.4906801 0.00 89.84 0.00 0.000 38.027 11:22:49.59
0 0 0.0 0.0 -1.599 -2.091 0.0 0.0 0.0 36.7155550 -4.4901500 5.00 287.45 0.08 36.7157301 -4.4906801 0.00 89.84 0.00 0.000 38.027 11:22:49.68
0 0 0.0 0.0 -2.214 -1.599 0.0 0.0 0.0 36.7155550 -4.4901500 5.00 287.45 0.08 36.7157301 -4.4906801 0.00 89.85 0.00 0.000 38.027 11:22:49.79
0 0 0.0 0.0 -1.476 -1.353 0.0 0.0 0.0 36.7155550 -4.4901500 5.00 287.45 0.08 36.7157301 -4.4906801 0.00 89.85 0.00 0.000 38.027 11:22:49.89
0 0 0.0 0.0 -1.476 -1.353 0.0 0.0 0.0 36.7155550 -4.4901500 5.00 287.45 0.08 36.7157301 -4.4906801 0.00 89.85 0.00 0.000 38.027 11:22:50.00
0 0 0.0 0.0 -1.107 -1.599 0.0 0.0 0.0 36.7155550 -4.4901500 5.00 287.45 0.08 36.7157301 -4.4906801 0.00 89.85 0.00 0.000 38.027 11:22:50.09
0 0 0.0 0.0 -1.353 -1.476 0.0 0.0 0.0 36.7155550 -4.4901500 5.00 287.45 0.08 36.7157301 -4.4906801 0.00 89.85 0.00 0.000 38.027 11:22:50.18
0 0 0.0 0.0 -1.845 -1.845 0.0 0.0 0.0 36.7155550 -4.4901500 5.00 287.45 0.08 36.7157301 -4.4906801 0.00 89.85 0.00 0.000 38.027 11:22:50.29
0 0 0.0 0.0 -1.845 -1.599 0.0 0.0 0.0 36.7155550 -4.4901500 5.00 287.45 0.08 36.7157301 -4.4906801 0.00 89.85 0.00 0.000 38.027 11:22:50.39
0 0 0.0 0.0 -1.722 -2.091 0.0 0.0 0.0 36.7155550 -4.4901500 5.00 287.45 0.08 36.7157301 -4.4906801 0.00 89.85 0.00 0.000 38.027 11:22:50.50
0 0 0.0 0.0 -1.230 -1.353 0.0 0.0 0.0 36.7155550 -4.4901500 5.00 287.45 0.08 36.7157301 -4.4906801 0.00 89.85 0.00 0.000 38.027 11:22:50.59
0 0 0.0 0.0 -1.599 -1.353 0.0 0.0 0.0 36.7155550 -4.4901500 5.00 287.45 0.08 36.7157301 -4.4906801 0.00 89.85 0.00 0.000 38.027 11:22:50.68
0 0 0.0 0.0 -1.476 -1.845 0.0 0.0 0.0 36.7155550 -4.4901500 5.00 287.45 0.08 36.7157301 -4.4906801 0.00 89.85 0.00 0.000 38.027 11:22:50.79
0 0 0.0 0.0 -1.722 -1.599 0.0 0.0 0.0 36.7155550 -4.4901500 5.00 287.45 0.08 36.7157301 -4.4906801 0.00 89.85 0.00 0.000 38.027 11:22:50.89
0 0 0.0 0.0 -1.476 -1.476 0.0 0.0 0.0 36.7155550 -4.4901500 5.00 287.45 0.08 36.7157301 -4.4906801 0.00 89.85 0.00 0.000 38.027 11:22:51.00
0 0 0.0 0.0 -1.230 -1.845 0.0 0.0 0.0 36.7155550 -4.4901500 5.00 287.45 0.08 36.7157301 -4.4906801 0.00 89.85 0.00 0.000 38.027 11:22:51.09
0 0 0.0 0.0 -1.599 -1.599 0.0 0.0 0.0 36.7155550 -4.4901500 5.00 287.45 0.08 36.7157301 -4.4906801 0.00 89.85 0.00 0.000 38.027 11:22:51.18
0 0 0.0 0.0 -1.722 -1.722 0.0 0.0 0.0 36.7155550 -4.4901500 5.00 287.45 0.08 36.7157301 -4.4906801 0.00 89.85 0.00 0.000 38.027 11:22:51.29
0 0 0.0 0.0 -1.845 -1.722 0.0 0.0 0.0 36.7155550 -4.4901500 5.00 287.45 0.08 36.7157301 -4.4906801 0.00 89.85 0.00 0.000 38.027 11:22:51.39
0 0 0.0 0.0 -1.599 -1.476 0.0 0.0 0.0 36.7155550 -4.4901500 5.00 287.45 0.08 36.7157301 -4.4906801 0.00 89.85 0.00 0.000 38.027 11:22:51.50
0 0 0.0 0.0 -1.968 -1.230 0.0 0.0 0.0 36.7155550 -4.4901500 5.00 287.45 0.08 36.7157301 -4.4906801 0.00 89.85 0.00 0.000 38.027 11:22:51.59
0 0 0.0 0.0 -1.476 -1.107 0.0 0.0 0.0 36.7155550 -4.4901500 5.00 287.45 0.08 36.7157301 -4.4906801 0.00 89.85 0.00 0.000 38.027 11:22:51.68
0 0 0.0 0.0 -1.599 -1.476 0.0 0.0 0.0 36.7155550 -4.4901500 5.00 287.45 0.08 36.7157301 -4.4906801 0.00 89.85 0.00 0.000 38.027 11:22:51.79
0 0 0.0 0.0 -1.107 -1.845 0.0 0.0 0.0 36.7155550 -4.4901500 5.00 287.45 0.08 36.7157301 -4.4906801 0.00 89.85 0.00 0.000 38.027 11:22:51.89
0 0 0.0 0.0 -1.353 -1.107 0.0 0.0 0.0 36.7155550 -4.4901500 5.00 287.45 0.08 36.7157301 -4.4906801 0.00 89.85 0.00 0.000 38.027 11:22:52.00
0 0 0.0 0.0 -1.599 -2.091 0.0 0.0 0.0 36.7155550 -4.4901500 5.00 287.45 0.08 36.7157301 -4.4906801 0.00 89.85 0.00 0.000 38.027 11:22:52.09
0 0 0.0 0.0 -1.968 -1.353 0.0 0.0 0.0 36.7155550 -4.4901500 5.00 287.45 0.08 36.7157301 -4.4906801 0.00 89.85 0.00 0.000 38.027 11:22:52.18
0 0 0.0 0.0 -1.599 -1.845 0.0 0.0 0.0 36.7155550 -4.4901500 5.00 287.45 0.08 36.7157301 -4.4906801 0.00 89.85 0.00 0.000 38.027 11:22:52.29
0 0 0.0 0.0 -0.861 -1.599 0.0 0.0 0.0 36.7155550 -4.4901500 5.00 287.45 0.08 36.7157301 -4.4906801 0.00 89.85 0.00 0.000 38.027 11:22:52.39
0 0 0.0 0.0 -1.476 -0.984 0.0 0.0 0.0 36.7155550 -4.4901500 5.00 287.45 0.08 36.7157301 -4.4906801 0.00 89.85 0.00 0.000 38.027 11:22:52.50
0 0 0.0 0.0 -1.353 -1.230 0.0 0.0 0.0 36.7155550 -4.4901500 5.00 287.45 0.08 36.7157301 -4.4906801 0.00 89.85 0.00 0.000 38.027 11:22:52.59
0 0 0.0 0.0 -1.353 -1.722 0.0 0.0 0.0 36.7155550 -4.4901500 5.00 287.45 0.08 36.7157301 -4.4906801 0.00 89.85 0.00 0.000 38.027 11:22:52.68
0 0 0.0 0.0 -0.984 -1.599 0.0 0.0 0.0 36.7155550 -4.4901500 5.00 287.45 0.08 36.7157301 -4.4906801 0.00 89.85 0.00 0.000 38.027 11:22:52.79
0 0 0.0 0.0 -1.107 -1.845 0.0 0.0 0.0 36.7155550 -4.4901500 5.00 287.45 0.08 36.7157301 -4.4906801 0.00 89.85 0.00 0.000 38.027 11:22:52.89
0 0 0.0 0.0 -2.091 -1.845 0.0 0.0 0.0 36.7155550 -4.4901500 5.00 287.45 0.08 36.7157301 -4.4906801 0.00 89.85 0.00 0.000 38.027 11:22:53.00
0 0 0.0 0.0 -2.091 -1.476 0.0 0.0 0.0 36.7155550 -4.4901500 5.00 287.45 0.08 36.7157301 -4.4906801 0.00 89.85 0.00 0.000 38.027 11:22:53.09
0 0 0.0 0.0 -1.968 -1.599 0.0 0.0 0.0 36.7155550 -4.4901500 5.00 287.45 0.08 36.7157301 -4.4906801 0.00 89.85 0.00 0.000 38.027 11:22:53.18
0 0 0.0 0.0 -1.230 -1.845 0.0 0.0 0.0 36.7155550 -4.4901500 5.00 287.45 0.08 36.7157301 -4.4906801 0.00 89.85 0.00 0.000 38.027 11:22:53.29
0 0 0.0 0.0 -1.476 -1.107 0.0 0.0 0.0 36.7155550 -4.4901500 5.00 287.45 0.08 36.7157301 -4.4906801 0.00 89.85 0.00 0.000 38.027 11:22:53.39
0 0 0.0 0.0 -1.230 -1.599 0.0 0.0 0.0 36.7155550 -4.4901500 5.00 287.45 0.08 36.7157301 -4.4906801 0.00 89.85 0.00 0.000 38.027 11:22:53.50
0 0 0.0 0.0 -1.968 -1.476 0.0 0.0 0.0 36.7155550 -4.4901500 5.00 287.45 0.08 36.7157301 -4.4906801 0.00 89.85 0.00 0.000 38.027 11:22:53.59
0 0 0.0 0.0 -1.968 -1.722 0.0 0.0 0.0 36.7155550 -4.4901500 5.00 287.45 0.08 36.7157301 -4.4906801 0.00 89.85 0.00 0.000 38.027 11:22:53.68
0 0 0.0 0.0 -1.599 -1.722 0.0 0.0 0.0 36.7155550 -4.4901500 5.00 287.45 0.08 36.7157301 -4.4906801 0.00 89.85 0.00 0.000 38.027 11:22:53.79
0 0 0.0 0.0 -1.599 -1.845 0.0 0.0 0.0 36.7155550 -4.4901500 5.00 287.45 0.08 36.7157301 -4.4906801 0.00 89.85 0.00 0.000 38.027 11:22:53.89
0 0 0.0 0.0 -1.845 -1.476 0.0 0.0 0.0 36.7155550 -4.4901500 5.00 287.45 0.08 36.7157301 -4.4906801 0.00 89.85 0.00 0.000 38.027 11:22:54.00
0 0 0.0 0.0 -1.107 -1.107 0.0 0.0 0.0 36.7155550 -4.4901500 5.00 287.45 0.08 36.7157301 -4.4906801 0.00 89.85 0.00 0.000 38.027 11:22:54.09
0 0 0.0 0.0 -1.599 -1.722 0.0 0.0 0.0 36.7155550 -4.4901500 5.00 287.45 0.08 36.7157301 -4.4906801 0.00 89.85 0.00 0.000 38.027 11:22:54.18
0 0 0.0 0.0 -1.599 -1.845 0.0 0.0 0.0 36.7155550 -4.4901500 5.00 287.45 0.08 36.7157301 -4.4906801 0.00 89.85 0.00 0.000 38.027 11:22:54.29
0 0 0.0 0.0 -1.599 -1.476 0.0 0.0 0.0 36.7155550 -4.4901500 5.00 287.45 0.08 36.7157301 -4.4906801 0.00 89.85 0.00 0.000 38.027 11:22:54.39
0 0 0.0 0.0 -1.845 -1.845 0.0 0.0 0.0 36.7155550 -4.4901500 5.00 287.45 0.08 36.7157301 -4.4906801 0.00 89.85 0.00 0.000 38.027 11:22:54.50
0 0 0.0 0.0 -1.476 -1.476 0.0 0.0 0.0 36.7155550 -4.4901500 5.00 287.45 0.08 36.7157301 -4.4906801 0.00 89.85 0.00 0.000 38.027 11:22:54.59
0 0 0.0 0.0 -1.599 -0.492 0.0 0.0 0.0 36.7155550 -4.4901500 5.00 287.45 0.08 36.7157301 -4.4906801 0.00 89.85 0.00 0.000 38.027 11:22:54.68
0 0 0.0 0.0 -1.353 -1.230 0.0 0.0 0.0 36.7155550 -4.4901500 5.00 287.45 0.08 36.7157301 -4.4906801 0.00 89.85 0.00 0.000 38.027 11:22:54.79
0 0 0.0 0.0 -1.722 -1.476 0.0 0.0 0.0 36.7155550 -4.4901500 5.00 287.45 0.08 36.7157301 -4.4906801 0.00 89.85 0.00 0.000 38.027 11:22:54.89
0 0 0.0 0.0 -1.599 -1.230 0.0 0.0 0.0 36.7155550 -4.4901500 5.00 287.45 0.08 36.7157301 -4.4906801 0.00 89.85 0.00 0.000 38.027 11:22:55.00
0 0 0.0 0.0 -1.722 -1.476 0.0 0.0 0.0 36.7155550 -4.4901500 5.00 287.45 0.08 36.7157301 -4.4906801 0.00 89.85 0.00 0.000 38.027 11:22:55.09
0 0 0.0 0.0 -1.722 -1.353 0.0 0.0 0.0 36.7155550 -4.4901500 5.00 287.45 0.08 36.7157301 -4.4906801 0.00 89.85 0.00 0.000 38.027 11:22:55.18
0 0 0.0 0.0 -1.230 -1.845 0.0 0.0 0.0 36.7155550 -4.4901500 5.00 287.45 0.08 36.7157301 -4.4906801 0.00 89.85 0.00 0.000 38.027 11:22:55.29
0 0 0.0 0.0 -1.722 -1.722 0.0 0.0 0.0 36.7155550 -4.4901500 5.00 287.45 0.08 36.7157301 -4.4906801 0.00 89.85 0.00 0.000 38.027 11:22:55.39
0 0 0.0 0.0 -1.599 -1.476 0.0 0.0 0.0 36.7155550 -4.4901500 5.00 287.45 0.08 36.7157301 -4.4906801 0.00 89.85 0.00 0.000 38.027 11:22:55.50
0 0 0.0 0.0 -1.353 -1.353 0.0 0.0 0.0 36.7155550 -4.4901500 5.00 287.45 0.08 36.7157301 -4.4906801 0.00 89.85 0.00 0.000 38.027 11:22:55.59
