75 0 -23.4 -23.0 2.706 -4.305 0.0 0.0 0.0 36.7156712 -4.4910410 0.00 272.67 0.88 36.7156702 -4.4910454 0.00 269.57 0.98 0.000 38.457 13:45:13.51
75 0 -23.4 -23.0 4.182 -1.476 0.0 0.0 0.0 36.7156712 -4.4910410 0.00 272.67 0.88 36.7156702 -4.4910465 0.00 269.67 0.94 0.000 38.457 13:45:13.60
75 0 -23.4 -23.0 2.214 -1.476 0.0 0.0 0.0 36.7156711 -4.4910433 0.00 272.72 0.91 36.7156703 -4.4910476 0.00 269.75 0.94 0.000 38.457 13:45:13.71
75 0 -23.4 -23.0 5.658 0.492 0.0 0.0 0.0 36.7156711 -4.4910433 0.00 272.72 0.91 36.7156703 -4.4910476 0.00 269.75 0.94 0.000 38.457 13:45:13.81
75 0 -23.4 -23.0 1.722 -0.861 0.0 0.0 0.0 36.7156711 -4.4910444 0.00 272.72 0.96 36.7156702 -4.4910488 0.00 269.73 0.93 0.000 38.457 13:45:13.92
75 0 -23.4 -23.0 4.059 -3.690 0.0 0.0 0.0 36.7156711 -4.4910444 0.00 272.72 0.96 36.7156702 -4.4910488 0.00 269.73 0.93 0.000 38.457 13:45:14.01
75 0 -23.4 -23.0 4.428 -1.230 0.0 0.0 0.0 36.7156711 -4.4910444 0.00 272.72 0.96 36.7156703 -4.4910499 0.00 269.73 0.92 0.000 38.457 13:45:14.10
75 0 -23.4 -23.0 3.813 -2.091 0.0 0.0 0.0 36.7156711 -4.4910444 0.00 272.72 0.96 36.7156703 -4.4910499 0.00 269.73 0.92 0.000 38.457 13:45:14.21
75 0 -23.4 -23.0 3.690 -0.246 0.0 0.0 0.0 36.7156712 -4.4910467 0.00 272.40 0.87 36.7156703 -4.4910510 0.00 269.72 0.96 0.000 38.457 13:45:14.31
75 0 -23.4 -23.0 2.583 -1.353 0.0 0.0 0.0 36.7156712 -4.4910467 0.00 272.40 0.87 36.7156703 -4.4910510 0.00 269.72 0.96 0.000 38.457 13:45:14.42
75 0 -23.4 -23.0 5.412 -3.444 0.0 0.0 0.0 36.7156712 -4.4910478 0.00 272.40 0.91 36.7156702 -4.4910520 0.00 269.74 0.96 0.000 38.457 13:45:14.51
75 0 -23.4 -23.0 1.476 0.369 0.0 0.0 0.0 36.7156712 -4.4910478 0.00 272.40 0.91 36.7156702 -4.4910520 0.00 269.74 0.96 0.000 38.457 13:45:14.62
75 0 -23.4 -23.0 2.337 -4.059 0.0 0.0 0.0 36.7156712 -4.4910478 0.00 272.40 0.91 36.7156702 -4.4910532 0.00 269.78 0.93 0.000 38.457 13:45:14.71
75 0 -23.4 -23.0 3.198 -0.738 0.0 0.0 0.0 36.7156712 -4.4910478 0.00 272.40 0.91 36.7156702 -4.4910532 0.00 269.78 0.93 0.000 38.457 13:45:14.81
75 0 -23.4 -23.0 0.615 -2.829 0.0 0.0 0.0 36.7156712 -4.4910500 0.00 266.65 0.89 36.7156703 -4.4910543 0.00 269.90 0.92 0.000 38.457 13:45:14.92
75 0 -23.4 -23.0 3.198 -1.722 0.0 0.0 0.0 36.7156712 -4.4910500 0.00 266.65 0.89 36.7156703 -4.4910543 0.00 269.90 0.92 0.000 38.457 13:45:15.01
75 0 -23.4 -23.0 2.829 0.000 0.0 0.0 0.0 36.7156712 -4.4910511 0.00 271.44 1.03 36.7156703 -4.4910554 0.00 269.91 1.00 0.000 38.457 13:45:15.12
75 -1 -23.4 -23.0 0.738 -4.797 0.0 0.0 0.0 36.7156712 -4.4910511 0.00 271.44 1.03 36.7156703 -4.4910554 0.00 269.91 1.00 0.000 38.457 13:45:15.21
75 -1 -23.4 -23.0 5.166 -1.599 0.0 0.0 0.0 36.7156712 -4.4910511 0.00 271.44 1.03 36.7156703 -4.4910566 0.00 269.90 1.01 0.000 38.457 13:45:15.31
75 -1 -23.4 -23.0 0.861 -1.722 0.0 0.0 0.0 36.7156712 -4.4910511 0.00 271.44 1.03 36.7156703 -4.4910566 0.00 269.90 1.01 0.000 38.457 13:45:15.42
75 -1 -23.4 -23.0 0.738 -4.674 0.0 0.0 0.0 36.7156712 -4.4910533 0.00 271.44 0.94 36.7156703 -4.4910577 0.00 269.84 0.92 0.000 38.457 13:45:15.51
75 -1 -23.4 -23.0 6.150 -0.984 0.0 0.0 0.0 36.7156712 -4.4910533 0.00 271.44 0.94 36.7156703 -4.4910577 0.00 269.84 0.92 0.000 38.457 13:45:15.62
75 -1 -23.4 -23.0 -0.246 -4.920 0.0 0.0 0.0 36.7156711 -4.4910545 0.00 269.09 1.10 36.7156702 -4.4910588 0.00 269.77 1.00 0.000 38.457 13:45:15.71
75 0 -23.4 -23.0 2.337 -2.460 0.0 0.0 0.0 36.7156711 -4.4910545 0.00 269.09 1.10 36.7156702 -4.4910588 0.00 269.77 1.00 0.000 38.457 13:45:15.82
75 0 -23.4 -23.0 1.968 -1.107 0.0 0.0 0.0 36.7156711 -4.4910545 0.00 269.09 1.10 36.7156702 -4.4910600 0.00 269.64 1.00 0.000 38.457 13:45:15.92
75 0 -23.4 -23.0 0.861 -6.027 0.0 0.0 0.0 36.7156711 -4.4910545 0.00 269.09 1.10 36.7156702 -4.4910600 0.00 269.64 1.00 0.000 38.457 13:45:16.01
75 0 -23.4 -23.0 3.321 -0.861 0.0 0.0 0.0 36.7156712 -4.4910568 0.00 273.27 0.97 36.7156702 -4.4910611 0.00 269.52 0.95 0.000 38.457 13:45:16.12
75 0 -23.4 -23.0 0.369 -4.920 0.0 0.0 0.0 36.7156712 -4.4910568 0.00 273.27 0.97 36.7156702 -4.4910611 0.00 269.52 0.95 0.000 38.457 13:45:16.21
75 0 -23.4 -23.0 1.107 -2.460 0.0 0.0 0.0 36.7156712 -4.4910579 0.00 269.44 0.99 36.7156702 -4.4910622 0.00 269.55 0.93 0.000 38.457 13:45:16.32
75 0 -23.4 -23.0 1.968 -1.722 0.0 0.0 0.0 36.7156712 -4.4910579 0.00 269.44 0.99 36.7156702 -4.4910622 0.00 269.55 0.93 0.000 38.457 13:45:16.42
75 0 -23.4 -23.0 2.460 -4.797 0.0 0.0 0.0 36.7156712 -4.4910579 0.00 269.44 0.99 36.7156702 -4.4910633 0.00 269.58 1.00 0.000 38.457 13:45:16.51
75 0 -23.4 -23.0 2.583 -0.861 0.0 0.0 0.0 36.7156712 -4.4910579 0.00 269.44 0.99 36.7156702 -4.4910633 0.00 269.58 1.00 0.000 38.457 13:45:16.62
75 0 -23.4 -23.0 0.738 -4.551 0.0 0.0 0.0 36.7156711 -4.4910601 0.00 269.15 0.99 36.7156702 -4.4910644 0.00 269.63 0.95 0.000 38.457 13:45:16.71
75 0 -23.4 -23.0 4.305 -2.952 0.0 0.0 0.0 36.7156711 -4.4910601 0.00 269.15 0.99 36.7156702 -4.4910644 0.00 269.63 0.95 0.000 38.457 13:45:16.82
75 0 -23.4 -23.0 0.492 -2.091 0.0 0.0 0.0 36.7156711 -4.4910612 0.00 269.15 0.97 36.7156702 -4.4910655 0.00 269.65 0.97 0.000 38.457 13:45:16.92
75 -1 -23.4 -23.0 -0.123 -4.182 0.0 0.0 0.0 36.7156711 -4.4910612 0.00 269.15 0.97 36.7156702 -4.4910655 0.00 269.65 0.97 0.000 38.457 13:45:17.03
75 -1 -23.4 -23.0 2.337 -3.690 0.0 0.0 0.0 36.7156711 -4.4910612 0.00 269.15 0.97 36.7156701 -4.4910666 0.00 269.65 0.95 0.000 38.457 13:45:17.12
75 -1 -23.4 -23.0 2.091 -5.043 0.0 0.0 0.0 36.7156711 -4.4910612 0.00 269.15 0.97 36.7156701 -4.4910666 0.00 269.65 0.95 0.000 38.457 13:45:17.21
75 -1 -23.4 -23.0 5.535 -1.722 0.0 0.0 0.0 36.7156711 -4.4910634 0.00 270.52 0.90 36.7156701 -4.4910678 0.00 269.61 0.97 0.000 38.457 13:45:17.32
75 -1 -23.4 -23.0 -0.861 -2.829 0.0 0.0 0.0 36.7156711 -4.4910634 0.00 270.52 0.90 36.7156701 -4.4910678 0.00 269.61 0.97 0.000 38.457 13:45:17.42
75 -1 -23.4 -23.0 2.214 -3.444 0.0 0.0 0.0 36.7156711 -4.4910646 0.00 270.87 1.07 36.7156701 -4.4910689 0.00 269.44 1.00 0.000 38.457 13:45:17.53
75 -1 -23.4 -23.0 0.615 -2.952 0.0 0.0 0.0 36.7156711 -4.4910646 0.00 270.87 1.07 36.7156701 -4.4910689 0.00 269.44 1.00 0.000 38.457 13:45:17.62
75 -1 -23.7 -22.2 3.198 -4.059 0.0 0.0 0.0 36.7156711 -4.4910646 0.00 270.87 1.07 36.7156701 -4.4910701 0.00 269.21 0.99 0.000 38.457 13:45:17.71
75 -1 -23.7 -22.2 3.567 -2.091 0.0 0.0 0.0 36.7156711 -4.4910646 0.00 270.87 1.07 36.7156701 -4.4910701 0.00 269.21 0.99 0.000 38.457 13:45:17.82
75 -1 -23.7 -22.2 -0.246 -3.690 0.0 0.0 0.0 36.7156711 -4.4910669 0.00 271.38 1.03 36.7156701 -4.4910712 0.00 269.03 1.03 0.000 38.457 13:45:17.92
75 -1 -23.7 -22.2 2.706 -3.690 0.0 0.0 0.0 36.7156711 -4.4910669 0.00 271.38 1.03 36.7156701 -4.4910712 0.00 269.03 1.03 0.000 38.457 13:45:18.03
75 -1 -23.7 -22.2 0.246 -2.706 0.0 0.0 0.0 36.7156710 -4.4910680 0.00 270.72 0.98 36.7156701 -4.4910724 0.00 268.83 1.02 0.000 38.457 13:45:18.12
75 -1 -23.7 -22.2 1.476 -4.797 0.0 0.0 0.0 36.7156710 -4.4910680 0.00 270.72 0.98 36.7156701 -4.4910724 0.00 268.83 1.02 0.000 38.457 13:45:18.23
75 -1 -23.7 -22.2 3.075 -3.813 0.0 0.0 0.0 36.7156710 -4.4910680 0.00 270.72 0.98 36.7156700 -4.4910735 0.00 268.66 0.97 0.000 38.457 13:45:18.32
75 -1 -23.7 -22.2 3.075 -3.813 0.0 0.0 0.0 36.7156710 -4.4910680 0.00 270.72 0.98 36.7156700 -4.4910735 0.00 268.66 0.97 0.000 38.457 13:45:18.42
75 -1 -23.7 -22.2 3.198 -2.829 0.0 0.0 0.0 36.7156710 -4.4910703 0.00 270.58 0.96 36.7156700 -4.4910746 0.00 268.48 0.89 0.000 38.457 13:45:18.53
75 0 -23.7 -22.2 3.198 -2.829 0.0 0.0 0.0 36.7156710 -4.4910703 0.00 270.58 0.96 36.7156700 -4.4910746 0.00 268.48 0.89 0.000 38.457 13:45:18.62
75 0 -23.7 -22.2 -0.738 -4.305 0.0 0.0 0.0 36.7156710 -4.4910714 0.00 270.58 0.94 36.7156700 -4.4910757 0.00 268.32 0.93 0.000 38.457 13:45:18.73
75 0 -23.7 -22.2 0.369 -4.182 0.0 0.0 0.0 36.7156710 -4.4910714 0.00 270.58 0.94 36.7156700 -4.4910757 0.00 268.32 0.93 0.000 38.457 13:45:18.82
75 0 -23.7 -22.2 1.599 -2.706 0.0 0.0 0.0 36.7156710 -4.4910714 0.00 270.58 0.94 36.7156700 -4.4910768 0.00 268.11 0.94 0.000 38.457 13:45:18.92
75 0 -23.7 -22.2 1.722 -2.829 0.0 0.0 0.0 36.7156710 -4.4910714 0.00 270.58 0.94 36.7156700 -4.4910768 0.00 268.11 0.94 0.000 38.457 13:45:19.03
75 0 -23.7 -22.2 3.075 -1.599 0.0 0.0 0.0 36.7156709 -4.4910736 0.00 270.58 0.90 36.7156699 -4.4910779 0.00 268.13 0.99 0.000 38.457 13:45:19.12
75 0 -23.7 -22.2 2.091 -3.075 0.0 0.0 0.0 36.7156709 -4.4910736 0.00 270.58 0.90 36.7156699 -4.4910779 0.00 268.13 0.99 0.000 38.457 13:45:19.23
75 0 -23.7 -22.2 3.936 -1.845 0.0 0.0 0.0 36.7156709 -4.4910747 0.00 274.89 1.08 36.7156699 -4.4910790 0.00 268.11 0.97 0.000 38.457 13:45:19.32
75 0 -23.7 -22.2 5.043 -2.952 0.0 0.0 0.0 36.7156709 -4.4910747 0.00 274.89 1.08 36.7156699 -4.4910790 0.00 268.11 0.97 0.000 38.457 13:45:19.43
75 0 -23.7 -22.2 5.043 -2.952 0.0 0.0 0.0 36.7156709 -4.4910747 0.00 274.89 1.08 36.7156699 -4.4910801 0.00 268.06 1.00 0.000 38.457 13:45:19.53
75 0 -23.7 -22.2 2.214 -2.337 0.0 0.0 0.0 36.7156709 -4.4910747 0.00 274.89 1.08 36.7156699 -4.4910801 0.00 268.06 1.00 0.000 38.457 13:45:19.62
75 0 -23.7 -22.2 3.198 -0.984 0.0 0.0 0.0 36.7156709 -4.4910769 0.00 274.89 0.89 36.7156700 -4.4910812 0.00 268.01 1.00 0.000 38.457 13:45:19.73
75 0 -23.7 -22.2 3.936 -2.214 0.0 0.0 0.0 36.7156709 -4.4910769 0.00 274.89 0.89 36.7156700 -4.4910812 0.00 268.01 1.00 0.000 38.457 13:45:19.82
75 0 -23.7 -22.2 4.182 0.000 0.0 0.0 0.0 36.7156709 -4.4910781 0.00 275.19 1.08 36.7156699 -4.4910823 0.00 268.02 0.89 0.000 38.457 13:45:19.93
75 0 -23.7 -22.2 1.845 -3.198 0.0 0.0 0.0 36.7156709 -4.4910781 0.00 275.19 1.08 36.7156699 -4.4910823 0.00 268.02 0.89 0.000 38.457 13:45:20.03
75 0 -23.7 -22.2 6.273 -1.107 0.0 0.0 0.0 36.7156709 -4.4910781 0.00 275.19 1.08 36.7156699 -4.4910834 0.00 268.12 0.94 0.000 38.457 13:45:20.12
75 0 -23.7 -22.2 4.305 0.738 0.0 0.0 0.0 36.7156709 -4.4910781 0.00 275.19 1.08 36.7156699 -4.4910834 0.00 268.12 0.94 0.000 38.457 13:45:20.23
75 0 -23.7 -22.2 1.968 -3.198 0.0 0.0 0.0 36.7156709 -4.4910804 0.00 278.06 1.02 36.7156699 -4.4910846 0.00 268.10 1.07 0.000 38.457 13:45:20.32
75 -1 -23.7 -22.2 5.658 -0.369 0.0 0.0 0.0 36.7156709 -4.4910804 0.00 278.06 1.02 36.7156699 -4.4910846 0.00 268.10 1.07 0.000 38.457 13:45:20.43
75 -1 -23.7 -22.2 1.845 -2.952 0.0 0.0 0.0 36.7156708 -4.4910815 0.00 269.27 1.03 36.7156699 -4.4910857 0.00 268.15 1.04 0.000 38.457 13:45:20.53
75 -1 -23.7 -22.2 3.936 0.123 0.0 0.0 0.0 36.7156708 -4.4910815 0.00 269.27 1.03 36.7156699 -4.4910857 0.00 268.15 1.04 0.000 38.457 13:45:20.64
75 -1 -23.7 -22.2 0.984 -1.599 0.0 0.0 0.0 36.7156708 -4.4910815 0.00 269.27 1.03 36.7156698 -4.4910869 0.00 268.18 1.02 0.000 38.457 13:45:20.73
75 -1 -23.7 -22.2 0.000 -5.289 0.0 0.0 0.0 36.7156708 -4.4910815 0.00 269.27 1.03 36.7156698 -4.4910869 0.00 268.18 1.02 0.000 38.457 13:45:20.82
75 -1 -23.7 -22.2 1.353 -1.722 0.0 0.0 0.0 36.7156707 -4.4910838 0.00 264.01 0.96 36.7156698 -4.4910881 0.00 268.00 1.00 0.000 38.457 13:45:20.93
75 -1 -23.7 -22.2 -0.369 -6.765 0.0 0.0 0.0 36.7156707 -4.4910838 0.00 264.01 0.96 36.7156698 -4.4910881 0.00 268.00 1.00 0.000 38.457 13:45:21.03
75 -1 -23.7 -22.2 2.337 -3.690 0.0 0.0 0.0 36.7156707 -4.4910850 0.00 270.40 1.04 36.7156698 -4.4910892 0.00 267.85 0.96 0.000 38.457 13:45:21.14
75 0 -23.7 -22.2 -0.615 -4.797 0.0 0.0 0.0 36.7156707 -4.4910850 0.00 270.40 1.04 36.7156698 -4.4910892 0.00 267.85 0.96 0.000 38.457 13:45:21.23
75 0 -23.7 -22.2 2.214 -4.305 0.0 0.0 0.0 36.7156707 -4.4910850 0.00 270.40 1.04 36.7156697 -4.4910903 0.00 267.68 0.96 0.000 38.457 13:45:21.32
75 0 -23.7 -22.2 0.492 -2.337 0.0 0.0 0.0 36.7156707 -4.4910850 0.00 270.40 1.04 36.7156697 -4.4910903 0.00 267.68 0.96 0.000 38.457 13:45:21.43
75 0 -23.7 -22.2 0.738 -5.535 0.0 0.0 0.0 36.7156707 -4.4910871 0.00 270.40 0.89 36.7156697 -4.4910915 0.00 267.45 0.96 0.000 38.457 13:45:21.53
75 0 -23.7 -22.2 2.952 -2.091 0.0 0.0 0.0 36.7156707 -4.4910871 0.00 270.40 0.89 36.7156697 -4.4910915 0.00 267.45 0.96 0.000 38.457 13:45:21.64
75 0 -23.7 -22.2 1.722 -3.813 0.0 0.0 0.0 36.7156707 -4.4910882 0.00 270.40 0.95 36.7156696 -4.4910926 0.00 267.48 0.99 0.000 38.457 13:45:21.73
75 0 -23.7 -22.2 6.642 0.492 0.0 0.0 0.0 36.7156707 -4.4910882 0.00 270.40 0.95 36.7156696 -4.4910926 0.00 267.48 0.99 0.000 38.457 13:45:21.82
75 0 -23.7 -22.2 2.706 -0.738 0.0 0.0 0.0 36.7156707 -4.4910882 0.00 270.40 0.95 36.7156696 -4.4910938 0.00 267.45 1.02 0.000 38.457 13:45:21.93
75 0 -23.7 -22.2 4.305 -1.230 0.0 0.0 0.0 36.7156707 -4.4910882 0.00 270.40 0.95 36.7156696 -4.4910938 0.00 267.45 1.02 0.000 38.457 13:45:22.03
75 0 -23.7 -22.2 2.460 0.984 0.0 0.0 0.0 36.7156706 -4.4910905 0.00 271.42 1.05 36.7156696 -4.4910949 0.00 267.40 1.00 0.000 38.457 13:45:22.14
75 0 -23.7 -22.2 3.690 -2.583 0.0 0.0 0.0 36.7156706 -4.4910905 0.00 271.42 1.05 36.7156696 -4.4910949 0.00 267.40 1.00 0.000 38.457 13:45:22.23
75 0 -23.7 -22.2 5.904 0.000 0.0 0.0 0.0 36.7156706 -4.4910917 0.00 271.42 0.95 36.7156695 -4.4910960 0.00 267.37 0.97 0.000 38.457 13:45:22.32
75 1 -23.7 -22.2 2.583 -0.984 0.0 0.0 0.0 36.7156706 -4.4910917 0.00 271.42 0.95 36.7156695 -4.4910960 0.00 267.37 0.97 0.000 38.457 13:45:22.43
75 1 -23.7 -22.2 7.749 -1.968 0.0 0.0 0.0 36.7156706 -4.4910917 0.00 271.42 0.95 36.7156695 -4.4910971 0.00 267.40 0.97 0.000 38.457 13:45:22.53
75 1 -23.7 -22.2 2.337 1.230 0.0 0.0 0.0 36.7156706 -4.4910917 0.00 271.42 0.95 36.7156695 -4.4910971 0.00 267.40 0.97 0.000 38.457 13:45:22.64
75 1 -22.6 -23.7 2.952 -2.337 0.0 0.0 0.0 36.7156705 -4.4910939 0.00 271.42 0.94 36.7156695 -4.4910982 0.00 267.57 0.94 0.000 38.242 13:45:22.73
75 1 -22.6 -23.7 6.150 0.492 0.0 0.0 0.0 36.7156705 -4.4910939 0.00 271.42 0.94 36.7156695 -4.4910982 0.00 267.57 0.94 0.000 38.242 13:45:22.84
75 1 -22.6 -23.7 3.198 -1.230 0.0 0.0 0.0 36.7156705 -4.4910950 0.00 272.27 1.01 36.7156695 -4.4910993 0.00 267.74 0.99 0.000 38.242 13:45:22.93
75 1 -22.6 -23.7 6.396 -1.476 0.0 0.0 0.0 36.7156705 -4.4910950 0.00 272.27 1.01 36.7156695 -4.4910993 0.00 267.74 0.99 0.000 38.242 13:45:23.03
75 1 -22.6 -23.7 5.043 1.107 0.0 0.0 0.0 36.7156705 -4.4910950 0.00 272.27 1.01 36.7156695 -4.4911004 0.00 267.93 0.98 0.000 38.242 13:45:23.14
75 1 -22.6 -23.7 3.936 -1.722 0.0 0.0 0.0 36.7156705 -4.4910950 0.00 272.27 1.01 36.7156695 -4.4911004 0.00 267.93 0.98 0.000 38.242 13:45:23.23
75 1 -22.6 -23.7 7.011 2.337 0.0 0.0 0.0 36.7156704 -4.4910971 0.00 263.36 1.12 36.7156694 -4.4911015 0.00 268.18 0.97 0.000 38.242 13:45:23.34
75 1 -22.6 -23.7 4.920 -1.722 0.0 0.0 0.0 36.7156704 -4.4910971 0.00 263.36 1.12 36.7156694 -4.4911015 0.00 268.18 0.97 0.000 38.242 13:45:23.43
75 1 -22.6 -23.7 7.257 -0.369 0.0 0.0 0.0 36.7156704 -4.4910982 0.00 271.22 0.99 36.7156694 -4.4911027 0.00 268.31 0.99 0.000 38.242 13:45:23.53
75 1 -22.6 -23.7 1.968 -0.861 0.0 0.0 0.0 36.7156704 -4.4910982 0.00 271.22 0.99 36.7156694 -4.4911027 0.00 268.31 0.99 0.000 38.242 13:45:23.64
75 1 -22.6 -23.7 4.797 -1.722 0.0 0.0 0.0 36.7156704 -4.4910982 0.00 271.22 0.99 36.7156694 -4.4911039 0.00 268.67 1.02 0.000 38.242 13:45:23.73
75 0 -22.6 -23.7 5.289 1.230 0.0 0.0 0.0 36.7156704 -4.4910982 0.00 271.22 0.99 36.7156694 -4.4911039 0.00 268.67 1.02 0.000 38.242 13:45:23.84
75 0 -22.6 -23.7 2.214 -3.321 0.0 0.0 0.0 36.7156703 -4.4911006 0.00 273.22 0.99 36.7156694 -4.4911050 0.00 268.94 0.94 0.000 38.242 13:45:23.93
75 0 -22.6 -23.7 7.626 1.107 0.0 0.0 0.0 36.7156703 -4.4911006 0.00 273.22 0.99 36.7156694 -4.4911050 0.00 268.94 0.94 0.000 38.242 13:45:24.03
75 0 -22.6 -23.7 1.722 -1.722 0.0 0.0 0.0 36.7156703 -4.4911017 0.00 277.40 1.02 36.7156693 -4.4911061 0.00 269.32 1.07 0.000 38.242 13:45:24.14
75 0 -22.6 -23.7 2.706 -2.952 0.0 0.0 0.0 36.7156703 -4.4911017 0.00 277.40 1.02 36.7156693 -4.4911061 0.00 269.32 1.07 0.000 38.242 13:45:24.23
75 0 -22.6 -23.7 2.706 -0.861 0.0 0.0 0.0 36.7156703 -4.4911017 0.00 277.40 1.02 36.7156694 -4.4911072 0.00 269.47 1.00 0.000 38.242 13:45:24.34
75 0 -22.6 -23.7 2.706 -3.321 0.0 0.0 0.0 36.7156703 -4.4911017 0.00 277.40 1.02 36.7156694 -4.4911072 0.00 269.47 1.00 0.000 38.242 13:45:24.43
75 0 -22.6 -23.7 6.273 0.615 0.0 0.0 0.0 36.7156703 -4.4911040 0.00 274.32 0.93 36.7156693 -4.4911083 0.00 269.64 0.97 0.000 38.242 13:45:24.54
75 0 -22.6 -23.7 2.460 0.000 0.0 0.0 0.0 36.7156703 -4.4911040 0.00 274.32 0.93 36.7156693 -4.4911083 0.00 269.64 0.97 0.000 38.242 13:45:24.64
75 0 -22.6 -23.7 4.551 -2.214 0.0 0.0 0.0 36.7156703 -4.4911051 0.00 275.96 1.02 36.7156693 -4.4911093 0.00 269.68 0.91 0.000 38.242 13:45:24.73
75 0 -22.6 -23.7 4.182 -1.722 0.0 0.0 0.0 36.7156703 -4.4911051 0.00 275.96 1.02 36.7156693 -4.4911093 0.00 269.68 0.91 0.000 38.242 13:45:24.84
75 0 -22.6 -23.7 4.182 -3.321 0.0 0.0 0.0 36.7156703 -4.4911051 0.00 275.96 1.02 36.7156693 -4.4911104 0.00 269.67 0.91 0.000 38.242 13:45:24.93
75 0 -22.6 -23.7 4.428 -1.845 0.0 0.0 0.0 36.7156703 -4.4911072 0.00 275.03 1.10 36.7156693 -4.4911104 0.00 269.67 0.91 0.000 38.242 13:45:25.04
75 0 -22.6 -23.7 2.583 -3.690 0.0 0.0 0.0 36.7156703 -4.4911072 0.00 275.03 1.10 36.7156694 -4.4911115 0.00 269.59 1.06 0.000 38.242 13:45:25.14
75 0 -22.6 -23.7 6.150 -0.615 0.0 0.0 0.0 36.7156703 -4.4911072 0.00 275.03 1.10 36.7156694 -4.4911115 0.00 269.59 1.06 0.000 38.242 13:45:25.23
75 0 -22.6 -23.7 0.861 -2.706 0.0 0.0 0.0 36.7156703 -4.4911083 0.00 278.34 0.98 36.7156694 -4.4911127 0.00 269.77 1.09 0.000 38.242 13:45:25.34
75 -1 -22.6 -23.7 2.337 -2.583 0.0 0.0 0.0 36.7156703 -4.4911083 0.00 278.34 0.98 36.7156694 -4.4911127 0.00 269.77 1.09 0.000 38.242 13:45:25.43
75 -1 -22.6 -23.7 2.337 -2.706 0.0 0.0 0.0 36.7156703 -4.4911083 0.00 278.34 0.98 36.7156694 -4.4911139 0.00 269.95 1.12 0.000 38.242 13:45:25.54
75 -1 -22.6 -23.7 1.599 -4.428 0.0 0.0 0.0 36.7156703 -4.4911083 0.00 278.34 0.98 36.7156694 -4.4911139 0.00 269.95 1.12 0.000 38.242 13:45:25.64
75 -1 -22.6 -23.7 -1.476 -3.075 0.0 0.0 0.0 36.7156703 -4.4911107 0.00 272.43 1.06 36.7156694 -4.4911151 0.00 269.95 1.00 0.000 38.242 13:45:25.75
75 -1 -22.6 -23.7 0.000 -2.583 0.0 0.0 0.0 36.7156703 -4.4911107 0.00 272.43 1.06 36.7156694 -4.4911151 0.00 269.95 1.00 0.000 38.242 13:45:25.84
75 -1 -22.6 -23.7 3.075 -4.797 0.0 0.0 0.0 36.7156703 -4.4911119 0.00 274.39 0.98 36.7156694 -4.4911163 0.00 269.74 1.00 0.000 38.242 13:45:25.93
75 -1 -22.6 -23.7 0.615 -3.567 0.0 0.0 0.0 36.7156703 -4.4911119 0.00 274.39 0.98 36.7156694 -4.4911163 0.00 269.74 1.00 0.000 38.242 13:45:26.04
75 -1 -22.6 -23.7 2.460 -4.305 0.0 0.0 0.0 36.7156703 -4.4911119 0.00 274.39 0.98 36.7156694 -4.4911174 0.00 269.57 0.92 0.000 38.242 13:45:26.14
75 -1 -22.6 -23.7 3.075 -1.968 0.0 0.0 0.0 36.7156703 -4.4911119 0.00 274.39 0.98 36.7156694 -4.4911174 0.00 269.57 0.92 0.000 38.242 13:45:26.25
75 -1 -22.6 -23.7 0.369 -3.075 0.0 0.0 0.0 36.7156703 -4.4911141 0.00 274.39 0.95 36.7156694 -4.4911185 0.00 269.24 0.95 0.000 38.242 13:45:26.34
75 -1 -22.6 -23.7 -0.369 -4.428 0.0 0.0 0.0 36.7156703 -4.4911141 0.00 274.39 0.95 36.7156694 -4.4911185 0.00 269.24 0.95 0.000 38.242 13:45:26.45
75 -1 -22.6 -23.7 2.214 -1.722 0.0 0.0 0.0 36.7156703 -4.4911152 0.00 272.31 0.98 36.7156693 -4.4911195 0.00 269.06 0.91 0.000 38.242 13:45:26.54
75 0 -22.6 -23.7 -0.246 -3.567 0.0 0.0 0.0 36.7156703 -4.4911152 0.00 272.31 0.98 36.7156693 -4.4911195 0.00 269.06 0.91 0.000 38.242 13:45:26.64
75 0 -22.6 -23.7 4.182 -0.738 0.0 0.0 0.0 36.7156703 -4.4911152 0.00 272.31 0.98 36.7156693 -4.4911206 0.00 268.94 0.96 0.000 38.242 13:45:26.75
75 0 -22.6 -23.7 1.722 -1.722 0.0 0.0 0.0 36.7156703 -4.4911152 0.00 272.31 0.98 36.7156693 -4.4911206 0.00 268.94 0.96 0.000 38.242 13:45:26.84
75 0 -22.6 -23.7 1.722 -2.583 0.0 0.0 0.0 36.7156703 -4.4911174 0.00 272.31 0.94 36.7156693 -4.4911216 0.00 268.81 0.95 0.000 38.242 13:45:26.95
75 0 -22.6 -23.7 3.444 -0.492 0.0 0.0 0.0 36.7156703 -4.4911174 0.00 272.31 0.94 36.7156693 -4.4911216 0.00 268.81 0.95 0.000 38.242 13:45:27.04
75 0 -22.6 -23.7 2.091 -3.075 0.0 0.0 0.0 36.7156702 -4.4911184 0.00 272.31 0.93 36.7156692 -4.4911227 0.00 268.82 0.92 0.000 38.242 13:45:27.15
75 0 -22.6 -23.7 3.936 -2.214 0.0 0.0 0.0 36.7156702 -4.4911184 0.00 272.31 0.93 36.7156692 -4.4911227 0.00 268.82 0.92 0.000 38.242 13:45:27.25
75 0 -22.6 -23.7 2.952 -3.444 0.0 0.0 0.0 36.7156702 -4.4911184 0.00 272.31 0.93 36.7156692 -4.4911238 0.00 268.74 1.00 0.000 38.242 13:45:27.34
75 1 -22.6 -23.7 2.214 -2.337 0.0 0.0 0.0 36.7156702 -4.4911184 0.00 272.31 0.93 36.7156692 -4.4911238 0.00 268.74 1.00 0.000 38.242 13:45:27.45
75 1 -22.6 -23.7 1.968 -1.599 0.0 0.0 0.0 36.7156702 -4.4911207 0.00 271.37 1.08 36.7156692 -4.4911250 0.00 268.82 0.99 0.000 38.242 13:45:27.54
75 1 -22.6 -23.7 1.353 -4.182 0.0 0.0 0.0 36.7156702 -4.4911207 0.00 271.37 1.08 36.7156692 -4.4911250 0.00 268.82 0.99 0.000 38.242 13:45:27.65
75 1 -22.2 -22.6 2.337 -2.952 0.0 0.0 0.0 36.7156702 -4.4911218 0.00 271.37 0.90 36.7156692 -4.4911261 0.00 268.99 0.99 0.000 38.457 13:45:27.75
75 0 -22.2 -22.6 3.444 -1.845 0.0 0.0 0.0 36.7156702 -4.4911218 0.00 271.37 0.90 36.7156692 -4.4911261 0.00 268.99 0.99 0.000 38.457 13:45:27.84
75 0 -22.2 -22.6 3.198 -2.829 0.0 0.0 0.0 36.7156702 -4.4911218 0.00 271.37 0.90 36.7156692 -4.4911272 0.00 269.22 0.99 0.000 38.457 13:45:27.95
75 0 -22.2 -22.6 2.214 -0.615 0.0 0.0 0.0 36.7156702 -4.4911218 0.00 271.37 0.90 36.7156692 -4.4911272 0.00 269.22 0.99 0.000 38.457 13:45:28.04
75 0 -22.2 -22.6 1.968 -3.444 0.0 0.0 0.0 36.7156701 -4.4911241 0.00 263.66 0.98 36.7156692 -4.4911283 0.00 269.42 1.00 0.000 38.457 13:45:28.15
75 0 -22.2 -22.6 3.813 -0.738 0.0 0.0 0.0 36.7156701 -4.4911241 0.00 263.66 0.98 36.7156692 -4.4911283 0.00 269.42 1.00 0.000 38.457 13:45:28.25
75 0 -22.2 -22.6 2.583 -3.567 0.0 0.0 0.0 36.7156701 -4.4911251 0.00 263.66 0.83 36.7156691 -4.4911294 0.00 269.49 0.89 0.000 38.457 13:45:28.35
75 0 -22.2 -22.6 6.519 -0.369 0.0 0.0 0.0 36.7156701 -4.4911251 0.00 263.66 0.83 36.7156691 -4.4911294 0.00 269.49 0.89 0.000 38.457 13:45:28.45
75 0 -22.2 -22.6 4.182 -2.091 0.0 0.0 0.0 36.7156701 -4.4911251 0.00 263.66 0.83 36.7156692 -4.4911305 0.00 269.53 0.90 0.000 38.457 13:45:28.54
75 0 -22.2 -22.6 5.781 -1.353 0.0 0.0 0.0 36.7156701 -4.4911251 0.00 263.66 0.83 36.7156692 -4.4911305 0.00 269.53 0.90 0.000 38.457 13:45:28.65
75 0 -22.2 -22.6 3.075 -0.492 0.0 0.0 0.0 36.7156702 -4.4911273 0.00 267.36 0.96 36.7156692 -4.4911316 0.00 269.59 0.94 0.000 38.457 13:45:28.75
75 0 -22.2 -22.6 3.567 -3.321 0.0 0.0 0.0 36.7156702 -4.4911273 0.00 267.36 0.96 36.7156692 -4.4911316 0.00 269.59 0.94 0.000 38.457 13:45:28.85
75 0 -22.2 -22.6 4.551 -1.722 0.0 0.0 0.0 36.7156701 -4.4911285 0.00 271.65 1.04 36.7156692 -4.4911327 0.00 269.66 1.01 0.000 38.457 13:45:28.95
75 0 -22.2 -22.6 1.476 -3.321 0.0 0.0 0.0 36.7156701 -4.4911285 0.00 271.65 1.04 36.7156692 -4.4911327 0.00 269.66 1.01 0.000 38.457 13:45:29.04
75 0 -22.2 -22.6 5.781 -1.107 0.0 0.0 0.0 36.7156701 -4.4911285 0.00 271.65 1.04 36.7156692 -4.4911339 0.00 269.69 1.06 0.000 38.457 13:45:29.15
75 0 -22.2 -22.6 3.936 -1.599 0.0 0.0 0.0 36.7156701 -4.4911285 0.00 271.65 1.04 36.7156692 -4.4911339 0.00 269.69 1.06 0.000 38.457 13:45:29.25
75 0 -22.2 -22.6 4.428 -1.722 0.0 0.0 0.0 36.7156701 -4.4911308 0.00 268.95 1.04 36.7156692 -4.4911350 0.00 269.76 1.01 0.000 38.457 13:45:29.35
75 0 -22.2 -22.6 3.444 -2.091 0.0 0.0 0.0 36.7156701 -4.4911308 0.00 268.95 1.04 36.7156692 -4.4911350 0.00 269.76 1.01 0.000 38.457 13:45:29.45
75 0 -22.2 -22.6 1.107 -2.460 0.0 0.0 0.0 36.7156701 -4.4911319 0.00 268.95 0.92 36.7156692 -4.4911363 0.00 269.68 0.95 0.000 38.457 13:45:29.54
75 0 -22.2 -22.6 3.936 -1.476 0.0 0.0 0.0 36.7156701 -4.4911319 0.00 268.95 0.92 36.7156692 -4.4911363 0.00 269.68 0.95 0.000 38.457 13:45:29.65
75 0 -22.2 -22.6 1.599 -1.353 0.0 0.0 0.0 36.7156701 -4.4911319 0.00 268.95 0.92 36.7156692 -4.4911374 0.00 269.69 0.97 0.000 38.457 13:45:29.75
75 0 -22.2 -22.6 2.583 -2.583 0.0 0.0 0.0 36.7156701 -4.4911319 0.00 268.95 0.92 36.7156692 -4.4911374 0.00 269.69 0.97 0.000 38.457 13:45:29.85
75 0 -22.2 -22.6 3.567 -0.861 0.0 0.0 0.0 36.7156701 -4.4911342 0.00 268.61 1.06 36.7156692 -4.4911386 0.00 269.73 0.99 0.000 38.457 13:45:29.95
75 0 -22.2 -22.6 0.984 -4.920 0.0 0.0 0.0 36.7156701 -4.4911342 0.00 268.61 1.06 36.7156692 -4.4911386 0.00 269.73 0.99 0.000 38.457 13:45:30.04
75 0 -22.2 -22.6 4.674 -2.829 0.0 0.0 0.0 36.7156701 -4.4911354 0.00 268.61 0.95 36.7156692 -4.4911397 0.00 269.81 1.02 0.000 38.457 13:45:30.15
75 0 -22.2 -22.6 2.460 -3.321 0.0 0.0 0.0 36.7156701 -4.4911354 0.00 268.61 0.95 36.7156692 -4.4911397 0.00 269.81 1.02 0.000 38.457 13:45:30.25
75 0 -22.2 -22.6 5.043 -1.476 0.0 0.0 0.0 36.7156701 -4.4911354 0.00 268.61 0.95 36.7156692 -4.4911408 0.00 269.88 1.02 0.000 38.457 13:45:30.35
75 0 -22.2 -22.6 3.444 0.369 0.0 0.0 0.0 36.7156701 -4.4911354 0.00 268.61 0.95 36.7156692 -4.4911408 0.00 269.88 1.02 0.000 38.457 13:45:30.45
75 0 -22.2 -22.6 1.476 -4.797 0.0 0.0 0.0 36.7156701 -4.4911376 0.00 268.61 0.90 36.7156692 -4.4911419 0.00 269.92 0.97 0.000 38.457 13:45:30.54
75 0 -22.2 -22.6 6.273 0.000 0.0 0.0 0.0 36.7156701 -4.4911376 0.00 268.61 0.90 36.7156692 -4.4911419 0.00 269.92 0.97 0.000 38.457 13:45:30.65
75 0 -22.2 -22.6 2.091 -1.230 0.0 0.0 0.0 36.7156702 -4.4911386 0.00 270.56 0.97 36.7156692 -4.4911430 0.00 269.97 0.91 0.000 38.457 13:45:30.75
75 0 -22.2 -22.6 5.658 0.369 0.0 0.0 0.0 36.7156702 -4.4911386 0.00 270.56 0.97 36.7156692 -4.4911430 0.00 269.97 0.91 0.000 38.457 13:45:30.85
75 0 -22.2 -22.6 2.460 -0.246 0.0 0.0 0.0 36.7156702 -4.4911386 0.00 270.56 0.97 36.7156692 -4.4911441 0.00 270.03 0.90 0.000 38.457 13:45:30.95
75 0 -22.2 -22.6 5.166 -1.476 0.0 0.0 0.0 36.7156702 -4.4911386 0.00 270.56 0.97 36.7156692 -4.4911441 0.00 270.03 0.90 0.000 38.457 13:45:31.04
75 -1 -22.2 -22.6 4.182 0.492 0.0 0.0 0.0 36.7156703 -4.4911409 0.00 277.49 0.96 36.7156692 -4.4911452 0.00 270.12 0.94 0.000 38.457 13:45:31.15
75 -1 -22.2 -22.6 0.984 -2.829 0.0 0.0 0.0 36.7156703 -4.4911409 0.00 277.49 0.96 36.7156692 -4.4911452 0.00 270.12 0.94 0.000 38.457 13:45:31.25
75 -1 -22.2 -22.6 4.920 -1.722 0.0 0.0 0.0 36.7156702 -4.4911420 0.00 269.17 1.00 36.7156692 -4.4911463 0.00 270.11 0.95 0.000 38.457 13:45:31.35
75 -1 -22.2 -22.6 2.091 -2.460 0.0 0.0 0.0 36.7156702 -4.4911420 0.00 269.17 1.00 36.7156692 -4.4911463 0.00 270.11 0.95 0.000 38.457 13:45:31.45
75 -1 -22.2 -22.6 1.353 -4.428 0.0 0.0 0.0 36.7156702 -4.4911420 0.00 269.17 1.00 36.7156692 -4.4911474 0.00 270.17 1.00 0.000 38.457 13:45:31.54
75 -1 -22.2 -22.6 4.182 -0.984 0.0 0.0 0.0 36.7156702 -4.4911420 0.00 269.17 1.00 36.7156692 -4.4911474 0.00 270.17 1.00 0.000 38.457 13:45:31.65
75 -1 -22.2 -22.6 1.230 -3.567 0.0 0.0 0.0 36.7156703 -4.4911442 0.00 269.38 0.88 36.7156693 -4.4911486 0.00 270.12 0.97 0.000 38.457 13:45:31.75
75 -1 -22.2 -22.6 1.722 -5.166 0.0 0.0 0.0 36.7156703 -4.4911442 0.00 269.38 0.88 36.7156693 -4.4911486 0.00 270.12 0.97 0.000 38.457 13:45:31.85
75 -1 -22.2 -22.6 3.075 -3.444 0.0 0.0 0.0 36.7156702 -4.4911453 0.00 269.43 0.98 36.7156693 -4.4911496 0.00 269.95 0.90 0.000 38.457 13:45:31.95
75 -1 -22.2 -22.6 -0.123 -4.674 0.0 0.0 0.0 36.7156702 -4.4911453 0.00 269.43 0.98 36.7156693 -4.4911496 0.00 269.95 0.90 0.000 38.457 13:45:32.04
75 -1 -22.2 -22.6 2.460 -2.952 0.0 0.0 0.0 36.7156702 -4.4911453 0.00 269.43 0.98 36.7156692 -4.4911507 0.00 269.76 0.97 0.000 38.457 13:45:32.15
75 -1 -22.2 -22.6 1.230 -3.321 0.0 0.0 0.0 36.7156702 -4.4911453 0.00 269.43 0.98 36.7156692 -4.4911507 0.00 269.76 0.97 0.000 38.457 13:45:32.25
75 -1 -22.2 -22.6 0.984 -4.797 0.0 0.0 0.0 36.7156703 -4.4911475 0.00 269.43 0.93 36.7156692 -4.4911518 0.00 269.52 0.98 0.000 38.457 13:45:32.35
75 -1 -22.2 -22.6 3.690 -2.583 0.0 0.0 0.0 36.7156703 -4.4911475 0.00 269.43 0.93 36.7156692 -4.4911518 0.00 269.52 0.98 0.000 38.457 13:45:32.45
75 -1 -22.2 -22.6 2.337 -5.289 0.0 0.0 0.0 36.7156703 -4.4911486 0.00 267.82 1.02 36.7156692 -4.4911530 0.00 269.31 1.00 0.000 38.457 13:45:32.54
75 -1 -24.1 -23.0 1.107 -4.428 0.0 0.0 0.0 36.7156703 -4.4911486 0.00 267.82 1.02 36.7156692 -4.4911530 0.00 269.31 1.00 0.000 38.457 13:45:32.65
75 0 -24.1 -23.0 -0.123 -2.829 0.0 0.0 0.0 36.7156703 -4.4911486 0.00 267.82 1.02 36.7156692 -4.4911541 0.00 269.10 1.02 0.000 38.457 13:45:32.75
75 0 -24.1 -23.0 2.952 -2.460 0.0 0.0 0.0 36.7156703 -4.4911486 0.00 267.82 1.02 36.7156692 -4.4911541 0.00 269.10 1.02 0.000 38.457 13:45:32.85
75 0 -24.1 -23.0 4.920 -2.829 0.0 0.0 0.0 36.7156702 -4.4911509 0.00 268.81 0.94 36.7156692 -4.4911553 0.00 268.91 0.94 0.000 38.457 13:45:32.95
75 0 -24.1 -23.0 0.738 -2.829 0.0 0.0 0.0 36.7156702 -4.4911509 0.00 268.81 0.94 36.7156692 -4.4911553 0.00 268.91 0.94 0.000 38.457 13:45:33.04
75 0 -24.1 -23.0 4.305 -1.968 0.0 0.0 0.0 36.7156703 -4.4911521 0.00 272.60 1.06 36.7156691 -4.4911564 0.00 268.74 0.92 0.000 38.457 13:45:33.15
75 0 -24.1 -23.0 1.599 -3.813 0.0 0.0 0.0 36.7156703 -4.4911521 0.00 272.60 1.06 36.7156691 -4.4911564 0.00 268.74 0.92 0.000 38.457 13:45:33.25
75 0 -24.1 -23.0 1.230 -4.305 0.0 0.0 0.0 36.7156703 -4.4911521 0.00 272.60 1.06 36.7156691 -4.4911575 0.00 268.69 0.97 0.000 38.457 13:45:33.35
75 0 -24.1 -23.0 5.535 -1.476 0.0 0.0 0.0 36.7156703 -4.4911521 0.00 272.60 1.06 36.7156691 -4.4911575 0.00 268.69 0.97 0.000 38.457 13:45:33.45
75 0 -24.1 -23.0 0.861 -2.952 0.0 0.0 0.0 36.7156702 -4.4911543 0.00 272.60 0.89 36.7156690 -4.4911586 0.00 268.76 0.99 0.000 38.457 13:45:33.54
75 0 -24.1 -23.0 5.535 -2.337 0.0 0.0 0.0 36.7156702 -4.4911543 0.00 272.60 0.89 36.7156690 -4.4911586 0.00 268.76 0.99 0.000 38.457 13:45:33.65
75 0 -24.1 -23.0 1.722 -1.353 0.0 0.0 0.0 36.7156702 -4.4911554 0.00 274.82 1.06 36.7156690 -4.4911597 0.00 268.75 0.94 0.000 38.457 13:45:33.75
75 0 -24.1 -23.0 2.091 -5.289 0.0 0.0 0.0 36.7156702 -4.4911554 0.00 274.82 1.06 36.7156690 -4.4911597 0.00 268.75 0.94 0.000 38.457 13:45:33.85
75 0 -24.1 -23.0 5.412 -0.861 0.0 0.0 0.0 36.7156702 -4.4911554 0.00 274.82 1.06 36.7156690 -4.4911608 0.00 268.74 0.97 0.000 38.457 13:45:33.95
75 0 -24.1 -23.0 1.968 -3.813 0.0 0.0 0.0 36.7156702 -4.4911554 0.00 274.82 1.06 36.7156690 -4.4911608 0.00 268.74 0.97 0.000 38.457 13:45:34.04
75 0 -24.1 -23.0 5.289 -1.476 0.0 0.0 0.0 36.7156701 -4.4911577 0.00 271.30 1.01 36.7156690 -4.4911620 0.00 268.81 0.96 0.000 38.457 13:45:34.15
75 0 -24.1 -23.0 0.984 -0.861 0.0 0.0 0.0 36.7156701 -4.4911577 0.00 271.30 1.01 36.7156690 -4.4911620 0.00 268.81 0.96 0.000 38.457 13:45:34.25
75 0 -24.1 -23.0 2.952 -4.059 0.0 0.0 0.0 36.7156702 -4.4911588 0.00 270.31 1.05 36.7156690 -4.4911632 0.00 268.84 0.96 0.000 38.457 13:45:34.35
75 0 -24.1 -23.0 4.674 -0.492 0.0 0.0 0.0 36.7156702 -4.4911588 0.00 270.31 1.05 36.7156690 -4.4911632 0.00 268.84 0.96 0.000 38.457 13:45:34.45
75 0 -24.1 -23.0 3.567 -3.075 0.0 0.0 0.0 36.7156702 -4.4911588 0.00 270.31 1.05 36.7156690 -4.4911643 0.00 268.76 0.91 0.000 38.457 13:45:34.54
75 0 -24.1 -23.0 8.610 -0.861 0.0 0.0 0.0 36.7156702 -4.4911588 0.00 270.31 1.05 36.7156690 -4.4911643 0.00 268.76 0.91 0.000 38.457 13:45:34.65
75 0 -24.1 -23.0 2.460 -0.369 0.0 0.0 0.0 36.7156702 -4.4911610 0.00 274.45 0.78 36.7156690 -4.4911654 0.00 268.64 0.97 0.000 38.457 13:45:34.75
75 0 -24.1 -23.0 7.134 0.246 0.0 0.0 0.0 36.7156702 -4.4911610 0.00 274.45 0.78 36.7156690 -4.4911654 0.00 268.64 0.97 0.000 38.457 13:45:34.85
75 0 -24.1 -23.0 1.722 -0.492 0.0 0.0 0.0 36.7156702 -4.4911610 0.00 274.45 0.78 36.7156690 -4.4911654 0.00 268.64 0.97 0.000 38.457 13:45:34.95
75 0 -24.1 -23.0 3.444 -4.182 0.0 0.0 0.0 36.7156701 -4.4911622 0.00 273.68 1.10 36.7156690 -4.4911664 0.00 268.75 0.97 0.000 38.457 13:45:35.04
75 0 -24.1 -23.0 6.888 0.984 0.0 0.0 0.0 36.7156701 -4.4911622 0.00 273.68 1.10 36.7156690 -4.4911675 0.00 268.86 0.91 0.000 38.457 13:45:35.15
75 0 -24.1 -23.0 2.583 -1.476 0.0 0.0 0.0 36.7156701 -4.4911622 0.00 273.68 1.10 36.7156690 -4.4911675 0.00 268.86 0.91 0.000 38.457 13:45:35.25
75 -1 -24.1 -23.0 5.904 -2.337 0.0 0.0 0.0 36.7156700 -4.4911645 0.00 273.18 0.84 36.7156690 -4.4911687 0.00 268.96 0.94 0.000 38.457 13:45:35.35
75 -1 -24.1 -23.0 1.107 -0.615 0.0 0.0 0.0 36.7156700 -4.4911645 0.00 273.18 0.84 36.7156690 -4.4911687 0.00 268.96 0.94 0.000 38.457 13:45:35.45
75 -1 -24.1 -23.0 3.567 -4.797 0.0 0.0 0.0 36.7156701 -4.4911656 0.00 278.90 1.06 36.7156690 -4.4911697 0.00 268.93 0.93 0.000 38.457 13:45:35.54
75 -1 -24.1 -23.0 0.984 -3.075 0.0 0.0 0.0 36.7156701 -4.4911656 0.00 278.90 1.06 36.7156690 -4.4911697 0.00 268.93 0.93 0.000 38.457 13:45:35.65
75 -1 -24.1 -23.0 1.107 -5.535 0.0 0.0 0.0 36.7156701 -4.4911656 0.00 278.90 1.06 36.7156689 -4.4911709 0.00 269.03 0.93 0.000 38.457 13:45:35.75
75 -1 -24.1 -23.0 2.706 -3.075 0.0 0.0 0.0 36.7156701 -4.4911656 0.00 278.90 1.06 36.7156689 -4.4911709 0.00 269.03 0.93 0.000 38.457 13:45:35.85
75 0 -24.1 -23.0 -0.738 -4.920 0.0 0.0 0.0 36.7156700 -4.4911678 0.00 268.03 1.03 36.7156689 -4.4911720 0.00 268.93 0.98 0.000 38.457 13:45:35.95
75 0 -24.1 -23.0 1.599 -5.781 0.0 0.0 0.0 36.7156700 -4.4911678 0.00 268.03 1.03 36.7156689 -4.4911720 0.00 268.93 0.98 0.000 38.457 13:45:36.04
75 0 -24.1 -23.0 2.337 -1.968 0.0 0.0 0.0 36.7156701 -4.4911689 0.00 268.03 0.89 36.7156688 -4.4911731 0.00 268.85 1.02 0.000 38.457 13:45:36.15
75 0 -24.1 -23.0 2.829 -6.273 0.0 0.0 0.0 36.7156701 -4.4911689 0.00 268.03 0.89 36.7156688 -4.4911731 0.00 268.85 1.02 0.000 38.457 13:45:36.25
75 0 -24.1 -23.0 2.337 -2.829 0.0 0.0 0.0 36.7156701 -4.4911689 0.00 268.03 0.89 36.7156688 -4.4911743 0.00 268.76 0.98 0.000 38.457 13:45:36.35
75 0 -24.1 -23.0 1.722 -4.674 0.0 0.0 0.0 36.7156701 -4.4911689 0.00 268.03 0.89 36.7156688 -4.4911743 0.00 268.76 0.98 0.000 38.457 13:45:36.45
75 0 -24.1 -23.0 5.043 -2.952 0.0 0.0 0.0 36.7156699 -4.4911711 0.00 275.79 0.91 36.7156688 -4.4911755 0.00 268.81 0.96 0.000 38.457 13:45:36.54
75 0 -24.1 -23.0 -0.369 -0.123 0.0 0.0 0.0 36.7156699 -4.4911711 0.00 275.79 0.91 36.7156688 -4.4911755 0.00 268.81 0.96 0.000 38.457 13:45:36.65
75 0 -24.1 -23.0 2.091 -5.166 0.0 0.0 0.0 36.7156700 -4.4911722 0.00 273.75 1.02 36.7156687 -4.4911766 0.00 268.76 0.97 0.000 38.457 13:45:36.75
75 0 -24.1 -23.0 2.706 -1.230 0.0 0.0 0.0 36.7156700 -4.4911722 0.00 273.75 1.02 36.7156687 -4.4911766 0.00 268.76 0.97 0.000 38.457 13:45:36.85
75 0 -24.1 -23.0 2.214 -4.059 0.0 0.0 0.0 36.7156700 -4.4911722 0.00 273.75 1.02 36.7156687 -4.4911777 0.00 268.76 0.99 0.000 38.457 13:45:36.95
75 0 -24.1 -23.0 2.952 -0.123 0.0 0.0 0.0 36.7156700 -4.4911722 0.00 273.75 1.02 36.7156687 -4.4911777 0.00 268.76 0.99 0.000 38.457 13:45:37.04
75 0 -24.1 -23.0 1.845 -2.583 0.0 0.0 0.0 36.7156700 -4.4911744 0.00 273.75 0.94 36.7156687 -4.4911788 0.00 268.79 1.02 0.000 38.457 13:45:37.15
75 0 -24.1 -23.0 4.182 -2.952 0.0 0.0 0.0 36.7156700 -4.4911744 0.00 273.75 0.94 36.7156687 -4.4911788 0.00 268.79 1.02 0.000 38.457 13:45:37.25
75 -1 -24.1 -23.0 2.091 0.000 0.0 0.0 0.0 36.7156699 -4.4911757 0.00 272.34 1.16 36.7156688 -4.4911800 0.00 268.86 1.03 0.000 38.457 13:45:37.35
75 -1 -24.1 -23.0 2.583 -4.428 0.0 0.0 0.0 36.7156699 -4.4911757 0.00 272.34 1.16 36.7156688 -4.4911800 0.00 268.86 1.03 0.000 38.457 13:45:37.45
75 -1 -24.1 -23.0 4.551 -2.091 0.0 0.0 0.0 36.7156699 -4.4911757 0.00 272.34 1.16 36.7156688 -4.4911811 0.00 268.83 0.99 0.000 38.457 13:45:37.54
75 -1 -24.1 -23.0 1.107 -3.198 0.0 0.0 0.0 36.7156699 -4.4911757 0.00 272.34 1.16 36.7156688 -4.4911811 0.00 268.83 0.99 0.000 38.242 13:45:37.65
75 -1 -24.1 -23.0 6.027 -2.214 0.0 0.0 0.0 36.7156699 -4.4911779 0.00 276.63 0.98 36.7156687 -4.4911822 0.00 268.79 0.98 0.000 38.242 13:45:37.75
75 -1 -24.1 -23.0 1.722 -0.492 0.0 0.0 0.0 36.7156699 -4.4911779 0.00 276.63 0.98 36.7156687 -4.4911822 0.00 268.79 0.98 0.000 38.242 13:45:37.85
75 -1 -24.1 -23.0 3.321 -3.075 0.0 0.0 0.0 36.7156700 -4.4911791 0.00 276.63 0.97 36.7156687 -4.4911834 0.00 268.58 0.99 0.000 38.242 13:45:37.95
75 -1 -24.1 -23.0 0.984 -0.984 0.0 0.0 0.0 36.7156700 -4.4911791 0.00 276.63 0.97 36.7156687 -4.4911834 0.00 268.58 0.99 0.000 38.242 13:45:38.04
75 -1 -24.1 -23.0 2.337 -4.551 0.0 0.0 0.0 36.7156700 -4.4911791 0.00 276.63 0.97 36.7156687 -4.4911845 0.00 268.41 0.98 0.000 38.242 13:45:38.15
75 -1 -24.1 -23.0 2.583 -1.230 0.0 0.0 0.0 36.7156699 -4.4911814 0.00 266.60 1.11 36.7156687 -4.4911845 0.00 268.41 0.98 0.000 38.242 13:45:38.25
75 -1 -24.1 -23.0 2.091 -2.091 0.0 0.0 0.0 36.7156699 -4.4911814 0.00 266.60 1.11 36.7156687 -4.4911857 0.00 268.20 1.04 0.000 38.242 13:45:38.35
75 -1 -24.1 -23.0 1.107 -3.936 0.0 0.0 0.0 36.7156699 -4.4911814 0.00 266.60 1.11 36.7156687 -4.4911857 0.00 268.20 1.04 0.000 38.242 13:45:38.45
75 0 -24.1 -23.0 1.230 -0.861 0.0 0.0 0.0 36.7156699 -4.4911825 0.00 266.60 0.96 36.7156687 -4.4911868 0.00 268.09 0.98 0.000 38.242 13:45:38.54
75 0 -24.1 -23.0 2.460 -4.428 0.0 0.0 0.0 36.7156699 -4.4911825 0.00 266.60 0.96 36.7156687 -4.4911868 0.00 268.09 0.98 0.000 38.242 13:45:38.65
75 0 -24.1 -23.0 0.492 -4.305 0.0 0.0 0.0 36.7156699 -4.4911825 0.00 266.60 0.96 36.7156687 -4.4911879 0.00 267.86 0.96 0.000 38.242 13:45:38.75
75 0 -24.1 -23.0 2.337 -4.551 0.0 0.0 0.0 36.7156699 -4.4911846 0.00 266.60 0.80 36.7156687 -4.4911879 0.00 267.86 0.96 0.000 38.242 13:45:38.85
75 0 -24.1 -23.0 4.059 -2.091 0.0 0.0 0.0 36.7156699 -4.4911846 0.00 266.60 0.80 36.7156686 -4.4911889 0.00 267.59 0.89 0.000 38.242 13:45:38.95
75 0 -24.1 -23.0 2.583 -3.567 0.0 0.0 0.0 36.7156698 -4.4911857 0.00 266.60 0.92 36.7156686 -4.4911889 0.00 267.59 0.89 0.000 38.242 13:45:39.04
75 0 -24.1 -23.0 4.059 -4.428 0.0 0.0 0.0 36.7156698 -4.4911857 0.00 266.60 0.92 36.7156686 -4.4911900 0.00 267.60 0.93 0.000 38.242 13:45:39.15
75 0 -24.1 -23.0 0.984 -2.337 0.0 0.0 0.0 36.7156698 -4.4911857 0.00 266.60 0.92 36.7156686 -4.4911900 0.00 267.60 0.93 0.000 38.242 13:45:39.25
75 0 -24.1 -23.0 2.952 -4.428 0.0 0.0 0.0 36.7156698 -4.4911857 0.00 266.60 0.92 36.7156685 -4.4911911 0.00 267.56 0.99 0.000 38.242 13:45:39.35
75 0 -24.1 -23.0 2.091 -0.984 0.0 0.0 0.0 36.7156697 -4.4911879 0.00 267.46 1.02 36.7156685 -4.4911911 0.00 267.56 0.99 0.000 38.242 13:45:39.45
75 0 -24.1 -23.0 0.615 -2.460 0.0 0.0 0.0 36.7156697 -4.4911879 0.00 267.46 1.02 36.7156684 -4.4911922 0.00 267.68 0.95 0.000 38.242 13:45:39.54
75 0 -24.1 -23.0 2.829 -4.674 0.0 0.0 0.0 36.7156696 -4.4911891 0.00 267.33 1.03 36.7156684 -4.4911922 0.00 267.68 0.95 0.000 38.242 13:45:39.65
75 0 -24.1 -23.0 2.829 -1.968 0.0 0.0 0.0 36.7156696 -4.4911891 0.00 267.33 1.03 36.7156684 -4.4911934 0.00 267.79 0.96 0.000 38.242 13:45:39.75
75 0 -24.1 -23.0 2.460 -5.043 0.0 0.0 0.0 36.7156696 -4.4911891 0.00 267.33 1.03 36.7156684 -4.4911934 0.00 267.79 0.96 0.000 38.242 13:45:39.85
75 0 -24.1 -23.0 3.444 -0.615 0.0 0.0 0.0 36.7156696 -4.4911891 0.00 267.33 1.03 36.7156684 -4.4911945 0.00 267.89 1.04 0.000 38.242 13:45:39.95
75 0 -24.1 -23.0 3.936 -5.166 0.0 0.0 0.0 36.7156696 -4.4911914 0.00 268.52 1.01 36.7156684 -4.4911945 0.00 267.89 1.04 0.000 38.242 13:45:40.04
75 0 -24.1 -23.0 2.706 -0.738 0.0 0.0 0.0 36.7156696 -4.4911914 0.00 268.52 1.01 36.7156683 -4.4911957 0.00 267.94 0.98 0.000 38.242 13:45:40.15
75 0 -24.1 -23.0 2.583 -1.353 0.0 0.0 0.0 36.7156695 -4.4911925 0.00 268.52 0.92 36.7156683 -4.4911957 0.00 267.94 0.98 0.000 38.242 13:45:40.25
75 0 -24.1 -23.0 4.920 -0.123 0.0 0.0 0.0 36.7156695 -4.4911925 0.00 268.52 0.92 36.7156683 -4.4911957 0.00 267.94 0.98 0.000 38.242 13:45:40.35
75 0 -24.1 -23.0 1.599 0.369 0.0 0.0 0.0 36.7156695 -4.4911925 0.00 268.52 0.92 36.7156683 -4.4911968 0.00 267.88 0.89 0.000 38.242 13:45:40.45
75 0 -24.1 -23.0 3.198 -4.305 0.0 0.0 0.0 36.7156695 -4.4911925 0.00 268.52 0.92 36.7156683 -4.4911979 0.00 267.74 0.95 0.000 38.242 13:45:40.54
75 0 -24.1 -23.0 3.567 -0.246 0.0 0.0 0.0 36.7156695 -4.4911948 0.00 269.66 1.02 36.7156683 -4.4911979 0.00 267.74 0.95 0.000 38.242 13:45:40.65
75 0 -24.1 -23.0 4.920 -4.305 0.0 0.0 0.0 36.7156695 -4.4911948 0.00 269.66 1.02 36.7156683 -4.4911990 0.00 267.75 0.93 0.000 38.242 13:45:40.75
75 0 -24.1 -23.0 3.690 -1.353 0.0 0.0 0.0 36.7156695 -4.4911959 0.00 269.66 0.90 36.7156683 -4.4911990 0.00 267.75 0.93 0.000 38.242 13:45:40.85
75 0 -24.1 -23.0 2.214 0.369 0.0 0.0 0.0 36.7156695 -4.4911959 0.00 269.66 0.90 36.7156682 -4.4912001 0.00 267.79 1.00 0.000 38.242 13:45:40.95
75 0 -24.1 -23.0 3.075 -4.305 0.0 0.0 0.0 36.7156695 -4.4911959 0.00 269.66 0.90 36.7156682 -4.4912001 0.00 267.79 1.00 0.000 38.242 13:45:41.06
75 0 -24.1 -23.0 3.690 -0.123 0.0 0.0 0.0 36.7156695 -4.4911959 0.00 269.66 0.90 36.7156682 -4.4912013 0.00 267.83 0.95 0.000 38.242 13:45:41.15
75 0 -24.1 -23.0 3.690 -3.321 0.0 0.0 0.0 36.7156695 -4.4911980 0.00 273.58 0.90 36.7156682 -4.4912013 0.00 267.83 0.95 0.000 38.242 13:45:41.25
75 0 -24.1 -23.0 6.396 1.599 0.0 0.0 0.0 36.7156695 -4.4911980 0.00 273.58 0.90 36.7156682 -4.4912024 0.00 267.76 0.99 0.000 38.242 13:45:41.35
75 0 -24.1 -23.0 2.460 -1.476 0.0 0.0 0.0 36.7156695 -4.4911991 0.00 273.58 0.92 36.7156682 -4.4912024 0.00 267.76 0.99 0.000 38.242 13:45:41.45
75 0 -24.1 -23.0 4.182 -1.353 0.0 0.0 0.0 36.7156695 -4.4911991 0.00 273.58 0.92 36.7156682 -4.4912036 0.00 267.78 0.98 0.000 38.242 13:45:41.56
75 0 -24.1 -23.0 4.182 0.246 0.0 0.0 0.0 36.7156695 -4.4911991 0.00 273.58 0.92 36.7156682 -4.4912036 0.00 267.78 0.98 0.000 38.242 13:45:41.65
75 0 -24.1 -23.0 3.567 -3.936 0.0 0.0 0.0 36.7156695 -4.4911991 0.00 273.58 0.92 36.7156682 -4.4912048 0.00 267.88 1.00 0.000 38.242 13:45:41.75
75 0 -24.1 -23.0 5.781 -0.738 0.0 0.0 0.0 36.7156695 -4.4912015 0.00 266.78 1.17 36.7156682 -4.4912048 0.00 267.88 1.00 0.000 38.242 13:45:41.85
75 0 -24.1 -23.0 2.952 -0.492 0.0 0.0 0.0 36.7156695 -4.4912015 0.00 266.78 1.17 36.7156681 -4.4912060 0.00 267.92 0.99 0.000 38.242 13:45:41.95
75 0 -24.1 -23.0 4.305 -0.984 0.0 0.0 0.0 36.7157113 -4.4912149 0.00 267.21 0.98 36.7156681 -4.4912060 0.00 267.92 0.99 0.000 38.242 13:45:42.06
75 0 -24.1 -23.0 0.738 0.492 0.0 0.0 0.0 36.7157113 -4.4912149 0.00 267.21 0.98 36.7156681 -4.4912071 0.00 268.01 1.02 0.000 38.242 13:45:42.15
75 0 -24.1 -23.0 1.476 -3.813 0.0 0.0 0.0 36.7157113 -4.4912149 0.00 267.21 0.98 36.7156681 -4.4912071 0.00 268.01 1.02 0.000 38.242 13:45:42.26
75 0 -24.1 -23.0 3.075 0.984 0.0 0.0 0.0 36.7157113 -4.4912149 0.00 267.21 0.98 36.7156680 -4.4912081 0.00 268.02 0.94 0.000 38.242 13:45:42.35
75 0 -24.1 -23.0 3.198 -4.059 0.0 0.0 0.0 36.7157115 -4.4912172 0.00 280.78 0.95 36.7156680 -4.4912081 0.00 268.02 0.94 0.000 38.242 13:45:42.46
75 0 -24.1 -23.0 3.075 -0.246 0.0 0.0 0.0 36.7157115 -4.4912172 0.00 280.78 0.95 36.7156680 -4.4912093 0.00 268.13 0.96 0.000 38.242 13:45:42.56
75 0 -23.7 -23.0 1.845 -2.214 0.0 0.0 0.0 36.7157116 -4.4912182 0.00 280.78 0.90 36.7156680 -4.4912093 0.00 268.13 0.96 0.000 38.242 13:45:42.65
75 0 -23.7 -23.0 0.369 -3.936 0.0 0.0 0.0 36.7157116 -4.4912182 0.00 280.78 0.90 36.7156679 -4.4912104 0.00 268.15 0.98 0.000 38.242 13:45:42.76
75 0 -23.7 -23.0 0.492 -1.476 0.0 0.0 0.0 36.7157116 -4.4912182 0.00 280.78 0.90 36.7156679 -4.4912104 0.00 268.15 0.98 0.000 38.242 13:45:42.85
75 0 -23.7 -23.0 1.722 -5.043 0.0 0.0 0.0 36.7157116 -4.4912182 0.00 280.78 0.90 36.7156679 -4.4912115 0.00 268.24 1.00 0.000 38.242 13:45:42.96
75 0 -23.7 -23.0 2.829 -0.738 0.0 0.0 0.0 36.7157116 -4.4912205 0.00 276.76 1.02 36.7156679 -4.4912115 0.00 268.24 1.00 0.000 38.242 13:45:43.06
75 0 -23.7 -23.0 0.861 -5.043 0.0 0.0 0.0 36.7157116 -4.4912205 0.00 276.76 1.02 36.7156679 -4.4912127 0.00 268.30 1.00 0.000 38.242 13:45:43.15
75 0 -23.7 -23.0 3.567 -3.198 0.0 0.0 0.0 36.7157116 -4.4912216 0.00 276.76 0.94 36.7156679 -4.4912127 0.00 268.30 1.00 0.000 38.242 13:45:43.26
75 0 -23.7 -23.0 2.214 -0.369 0.0 0.0 0.0 36.7157116 -4.4912216 0.00 276.76 0.94 36.7156679 -4.4912138 0.00 268.38 1.02 0.000 38.242 13:45:43.35
75 0 -23.7 -23.0 2.829 -2.952 0.0 0.0 0.0 36.7157116 -4.4912216 0.00 276.76 0.94 36.7156679 -4.4912138 0.00 268.38 1.02 0.000 38.242 13:45:43.46
75 0 -23.7 -23.0 2.214 0.492 0.0 0.0 0.0 36.7157116 -4.4912216 0.00 276.76 0.94 36.7156679 -4.4912149 0.00 268.52 1.03 0.000 38.242 13:45:43.56
75 0 -23.7 -23.0 2.829 -2.091 0.0 0.0 0.0 36.7157116 -4.4912216 0.00 276.76 0.94 36.7156679 -4.4912149 0.00 268.52 1.03 0.000 38.242 13:45:43.65
75 0 -23.7 -23.0 3.444 0.123 0.0 0.0 0.0 36.7156691 -4.4912115 0.00 278.40 13.12 36.7156679 -4.4912160 0.00 268.49 0.95 0.000 38.242 13:45:43.76
75 0 -23.7 -23.0 3.813 -1.722 0.0 0.0 0.0 36.7156687 -4.4912128 0.00 265.65 2.99 36.7156679 -4.4912160 0.00 268.49 0.95 0.000 38.242 13:45:43.85
75 0 -23.7 -23.0 5.289 -1.476 0.0 0.0 0.0 36.7156687 -4.4912128 0.00 265.65 2.99 36.7156679 -4.4912171 0.00 268.51 0.95 0.000 38.242 13:45:43.96
75 0 -23.7 -23.0 3.936 -0.492 0.0 0.0 0.0 36.7156687 -4.4912128 0.00 265.65 2.99 36.7156679 -4.4912171 0.00 268.51 0.95 0.000 38.242 13:45:44.06
75 0 -23.7 -23.0 3.813 -3.075 0.0 0.0 0.0 36.7156687 -4.4912128 0.00 265.65 2.99 36.7156679 -4.4912182 0.00 268.54 0.97 0.000 38.242 13:45:44.15
75 0 -23.7 -23.0 3.198 1.353 0.0 0.0 0.0 36.7156691 -4.4912149 0.00 277.22 1.00 36.7156679 -4.4912182 0.00 268.54 0.97 0.000 38.242 13:45:44.26
75 0 -23.7 -23.0 2.952 -3.813 0.0 0.0 0.0 36.7156691 -4.4912149 0.00 277.22 1.00 36.7156679 -4.4912193 0.00 268.51 0.99 0.000 38.242 13:45:44.35
75 0 -23.7 -23.0 6.888 0.738 0.0 0.0 0.0 36.7156690 -4.4912159 0.00 277.22 0.79 36.7156679 -4.4912193 0.00 268.51 0.99 0.000 38.242 13:45:44.46
75 0 -23.7 -23.0 6.888 0.738 0.0 0.0 0.0 36.7156690 -4.4912159 0.00 277.22 0.79 36.7156679 -4.4912204 0.00 268.53 0.96 0.000 38.242 13:45:44.56
75 0 -23.7 -23.0 2.829 -3.444 0.0 0.0 0.0 36.7156690 -4.4912159 0.00 277.22 0.79 36.7156679 -4.4912204 0.00 268.53 0.96 0.000 38.242 13:45:44.65
75 0 -23.7 -23.0 2.829 -3.444 0.0 0.0 0.0 36.7156690 -4.4912159 0.00 277.22 0.79 36.7156679 -4.4912215 0.00 268.67 0.97 0.000 38.242 13:45:44.76
75 0 -23.7 -23.0 0.738 -2.952 0.0 0.0 0.0 36.7156690 -4.4912179 0.00 264.93 0.75 36.7156679 -4.4912215 0.00 268.67 0.97 0.000 38.242 13:45:44.85
75 0 -23.7 -23.0 0.738 -2.952 0.0 0.0 0.0 36.7156690 -4.4912179 0.00 264.93 0.75 36.7156679 -4.4912227 0.00 268.64 0.99 0.000 38.242 13:45:44.96
75 0 -23.7 -23.0 2.706 -2.214 0.0 0.0 0.0 36.7156690 -4.4912192 0.00 274.55 1.17 36.7156679 -4.4912227 0.00 268.64 0.99 0.000 38.242 13:45:45.06
75 0 -23.7 -23.0 2.091 -2.952 0.0 0.0 0.0 36.7156690 -4.4912192 0.00 274.55 1.17 36.7156679 -4.4912238 0.00 268.58 0.96 0.000 38.242 13:45:45.17
75 0 -23.7 -23.0 2.952 -2.583 0.0 0.0 0.0 36.7156690 -4.4912192 0.00 274.55 1.17 36.7156679 -4.4912238 0.00 268.58 0.96 0.000 38.242 13:45:45.26
75 0 -23.7 -23.0 3.075 -5.412 0.0 0.0 0.0 36.7156690 -4.4912192 0.00 274.55 1.17 36.7156679 -4.4912250 0.00 268.54 0.94 0.000 38.242 13:45:45.35
75 0 -23.7 -23.0 3.075 -5.412 0.0 0.0 0.0 36.7156689 -4.4912216 0.00 276.33 1.06 36.7156679 -4.4912250 0.00 268.54 0.94 0.000 38.242 13:45:45.46
75 0 -23.7 -23.0 5.904 0.000 0.0 0.0 0.0 36.7156689 -4.4912216 0.00 276.33 1.06 36.7156679 -4.4912261 0.00 268.55 1.00 0.000 38.242 13:45:45.56
75 0 -23.7 -23.0 2.214 -2.829 0.0 0.0 0.0 36.7156689 -4.4912227 0.00 276.33 0.95 36.7156679 -4.4912261 0.00 268.55 1.00 0.000 38.242 13:45:45.67
75 0 -23.7 -23.0 5.166 -0.492 0.0 0.0 0.0 36.7156689 -4.4912227 0.00 276.33 0.95 36.7156679 -4.4912273 0.00 268.59 1.05 0.000 38.242 13:45:45.76
75 0 -23.7 -23.0 2.706 0.000 0.0 0.0 0.0 36.7156689 -4.4912227 0.00 276.33 0.95 36.7156679 -4.4912273 0.00 268.59 1.05 0.000 38.242 13:45:45.87
75 0 -23.7 -23.0 3.813 -2.460 0.0 0.0 0.0 36.7156689 -4.4912227 0.00 276.33 0.95 36.7156678 -4.4912284 0.00 268.69 1.02 0.000 38.242 13:45:45.96
75 0 -23.7 -23.0 4.305 0.738 0.0 0.0 0.0 36.7156689 -4.4912251 0.00 272.45 0.89 36.7156678 -4.4912284 0.00 268.69 1.02 0.000 38.242 13:45:46.06
75 0 -23.7 -23.0 1.722 -2.706 0.0 0.0 0.0 36.7156689 -4.4912251 0.00 272.45 0.89 36.7156678 -4.4912295 0.00 268.75 0.98 0.000 38.242 13:45:46.17
75 0 -23.7 -23.0 7.134 0.000 0.0 0.0 0.0 36.7156688 -4.4912263 0.00 264.26 1.10 36.7156678 -4.4912295 0.00 268.75 0.98 0.000 38.242 13:45:46.26
75 -1 -23.7 -23.0 4.305 -1.968 0.0 0.0 0.0 36.7156688 -4.4912263 0.00 264.26 1.10 36.7156678 -4.4912306 0.00 268.80 0.95 0.000 38.242 13:45:46.37
75 -1 -23.7 -23.0 4.305 -1.968 0.0 0.0 0.0 36.7156688 -4.4912263 0.00 264.26 1.10 36.7156678 -4.4912306 0.00 268.80 0.95 0.000 38.242 13:45:46.46
75 -1 -23.7 -23.0 0.369 -3.321 0.0 0.0 0.0 36.7156688 -4.4912263 0.00 264.26 1.10 36.7156678 -4.4912317 0.00 268.77 0.95 0.000 38.242 13:45:46.56
75 -1 -23.7 -23.0 0.369 -3.321 0.0 0.0 0.0 36.7156690 -4.4912281 0.00 264.26 0.68 36.7156678 -4.4912317 0.00 268.77 0.95 0.000 38.242 13:45:46.67
75 -1 -23.7 -23.0 2.337 -3.198 0.0 0.0 0.0 36.7156690 -4.4912281 0.00 264.26 0.68 36.7156678 -4.4912328 0.00 268.83 0.98 0.000 38.242 13:45:46.76
75 -1 -23.7 -23.0 1.107 -2.091 0.0 0.0 0.0 36.7156689 -4.4912293 0.00 264.26 0.96 36.7156678 -4.4912328 0.00 268.83 0.98 0.000 38.242 13:45:46.87
75 -1 -23.7 -23.0 2.460 -5.043 0.0 0.0 0.0 36.7156689 -4.4912293 0.00 264.26 0.96 36.7156678 -4.4912339 0.00 268.74 0.99 0.000 38.242 13:45:46.96
75 -1 -23.7 -23.0 1.476 -3.444 0.0 0.0 0.0 36.7156689 -4.4912293 0.00 264.26 0.96 36.7156678 -4.4912339 0.00 268.74 0.99 0.000 38.242 13:45:47.07
75 -1 -23.7 -23.0 -0.738 -5.043 0.0 0.0 0.0 36.7156689 -4.4912293 0.00 264.26 0.96 36.7156677 -4.4912350 0.00 268.58 0.97 0.000 38.242 13:45:47.17
75 -1 -23.7 -23.0 2.214 -4.059 0.0 0.0 0.0 36.7156689 -4.4912314 0.00 281.72 0.76 36.7156677 -4.4912350 0.00 268.58 0.97 0.000 38.242 13:45:47.26
75 0 -23.7 -23.0 -0.984 -4.797 0.0 0.0 0.0 36.7156689 -4.4912314 0.00 281.72 0.76 36.7156677 -4.4912361 0.00 268.53 0.99 0.000 38.242 13:45:47.37
75 0 -23.7 -23.0 0.000 -5.904 0.0 0.0 0.0 36.7156687 -4.4912327 0.00 265.18 1.34 36.7156677 -4.4912361 0.00 268.53 0.99 0.000 38.242 13:45:47.46
75 0 -23.7 -23.0 0.369 -4.059 0.0 0.0 0.0 36.7156687 -4.4912327 0.00 265.18 1.34 36.7156676 -4.4912373 0.00 268.39 0.96 0.000 38.242 13:45:47.57
75 0 -22.6 -23.4 0.861 -5.535 0.0 0.0 0.0 36.7156687 -4.4912327 0.00 265.18 1.34 36.7156676 -4.4912373 0.00 268.39 0.96 0.000 38.242 13:45:47.67
75 0 -22.6 -23.4 1.230 -3.198 0.0 0.0 0.0 36.7156687 -4.4912327 0.00 265.18 1.34 36.7156676 -4.4912384 0.00 268.22 0.98 0.000 38.242 13:45:47.76
75 0 -22.6 -23.4 -0.123 -3.690 0.0 0.0 0.0 36.7156687 -4.4912348 0.00 265.18 0.87 36.7156676 -4.4912384 0.00 268.22 0.98 0.000 38.242 13:45:47.87
75 0 -22.6 -23.4 1.722 -4.305 0.0 0.0 0.0 36.7156687 -4.4912348 0.00 265.18 0.87 36.7156675 -4.4912395 0.00 268.26 1.01 0.000 38.242 13:45:47.96
75 0 -22.6 -23.4 1.968 -1.722 0.0 0.0 0.0 36.7156687 -4.4912360 0.00 278.19 1.10 36.7156675 -4.4912395 0.00 268.26 1.01 0.000 38.242 13:45:48.07
75 0 -22.6 -23.4 4.428 -2.337 0.0 0.0 0.0 36.7156687 -4.4912360 0.00 278.19 1.10 36.7156675 -4.4912406 0.00 268.23 0.99 0.000 38.242 13:45:48.17
75 0 -22.6 -23.4 2.460 -1.968 0.0 0.0 0.0 36.7156687 -4.4912360 0.00 278.19 1.10 36.7156675 -4.4912406 0.00 268.23 0.99 0.000 38.242 13:45:48.26
75 0 -22.6 -23.4 1.353 -1.107 0.0 0.0 0.0 36.7156687 -4.4912360 0.00 278.19 1.10 36.7156675 -4.4912418 0.00 268.26 1.02 0.000 38.242 13:45:48.37
75 0 -22.6 -23.4 2.583 -2.952 0.0 0.0 0.0 36.7156685 -4.4912385 0.00 266.29 1.01 36.7156675 -4.4912418 0.00 268.26 1.02 0.000 38.242 13:45:48.46
75 0 -22.6 -23.4 2.829 -1.599 0.0 0.0 0.0 36.7156685 -4.4912385 0.00 266.29 1.01 36.7156674 -4.4912429 0.00 268.24 0.99 0.000 38.242 13:45:48.57
75 0 -22.6 -23.4 4.551 -2.952 0.0 0.0 0.0 36.7156685 -4.4912396 0.00 266.29 0.85 36.7156674 -4.4912429 0.00 268.24 0.99 0.000 38.242 13:45:48.67
75 0 -22.6 -23.4 5.289 -1.476 0.0 0.0 0.0 36.7156685 -4.4912396 0.00 266.29 0.85 36.7156674 -4.4912441 0.00 268.27 1.03 0.000 38.242 13:45:48.78
75 0 -22.6 -23.4 4.674 0.369 0.0 0.0 0.0 36.7156685 -4.4912396 0.00 266.29 0.85 36.7156674 -4.4912441 0.00 268.27 1.03 0.000 38.242 13:45:48.87
75 0 -22.6 -23.4 2.829 -3.444 0.0 0.0 0.0 36.7156685 -4.4912396 0.00 266.29 0.85 36.7156674 -4.4912452 0.00 268.28 0.98 0.000 38.242 13:45:48.96
75 0 -22.6 -23.4 2.829 -1.353 0.0 0.0 0.0 36.7156685 -4.4912419 0.00 273.22 0.99 36.7156674 -4.4912452 0.00 268.28 0.98 0.000 38.242 13:45:49.07
75 1 -22.6 -23.4 3.813 -2.460 0.0 0.0 0.0 36.7156685 -4.4912419 0.00 273.22 0.99 36.7156674 -4.4912462 0.00 268.26 1.01 0.000 38.242 13:45:49.17
75 1 -22.6 -23.4 2.706 0.369 0.0 0.0 0.0 36.7156686 -4.4912430 0.00 273.22 0.90 36.7156674 -4.4912462 0.00 268.26 1.01 0.000 38.242 13:45:49.28
75 1 -22.6 -23.4 3.936 -0.369 0.0 0.0 0.0 36.7156686 -4.4912430 0.00 273.22 0.90 36.7156674 -4.4912472 0.00 268.29 0.95 0.000 38.242 13:45:49.37
75 1 -22.6 -23.4 5.904 0.492 0.0 0.0 0.0 36.7156686 -4.4912430 0.00 273.22 0.90 36.7156674 -4.4912472 0.00 268.29 0.95 0.000 38.242 13:45:49.46
75 1 -22.6 -23.4 4.182 -0.492 0.0 0.0 0.0 36.7156686 -4.4912430 0.00 273.22 0.90 36.7156674 -4.4912483 0.00 268.32 0.96 0.000 38.242 13:45:49.57
75 1 -22.6 -23.4 3.813 -3.444 0.0 0.0 0.0 36.7156686 -4.4912430 0.00 273.22 0.90 36.7156674 -4.4912483 0.00 268.32 0.96 0.000 38.242 13:45:49.67
75 1 -22.6 -23.4 3.198 0.369 0.0 0.0 0.0 36.7156685 -4.4912451 0.00 265.60 1.06 36.7156674 -4.4912494 0.00 268.49 0.97 0.000 38.242 13:45:49.78
75 1 -22.6 -23.4 4.182 -0.984 0.0 0.0 0.0 36.7156685 -4.4912463 0.00 270.91 1.06 36.7156674 -4.4912494 0.00 268.49 0.97 0.000 38.242 13:45:49.87
75 0 -22.6 -23.4 4.920 -1.476 0.0 0.0 0.0 36.7156685 -4.4912463 0.00 270.91 1.06 36.7156674 -4.4912505 0.00 268.72 0.97 0.000 38.242 13:45:49.98
75 0 -22.6 -23.4 5.535 0.615 0.0 0.0 0.0 36.7156685 -4.4912463 0.00 270.91 1.06 36.7156674 -4.4912505 0.00 268.72 0.97 0.000 38.242 13:45:50.07
75 0 -22.6 -23.4 3.813 -3.444 0.0 0.0 0.0 36.7156685 -4.4912463 0.00 270.91 1.06 36.7156674 -4.4912516 0.00 268.98 0.99 0.000 38.242 13:45:50.17
75 0 -22.6 -23.4 7.380 2.214 0.0 0.0 0.0 36.7156685 -4.4912485 0.00 277.21 0.91 36.7156674 -4.4912516 0.00 268.98 0.99 0.000 38.242 13:45:50.28
75 0 -22.6 -23.4 2.214 -2.337 0.0 0.0 0.0 36.7156685 -4.4912485 0.00 277.21 0.91 36.7156674 -4.4912528 0.00 269.28 0.98 0.000 38.242 13:45:50.37
75 0 -22.6 -23.4 5.535 -0.984 0.0 0.0 0.0 36.7156685 -4.4912485 0.00 277.21 0.91 36.7156674 -4.4912528 0.00 269.28 0.98 0.000 38.242 13:45:50.48
75 0 -22.6 -23.4 4.182 -0.246 0.0 0.0 0.0 36.7156684 -4.4912497 0.00 274.85 1.09 36.7156673 -4.4912539 0.00 269.43 0.92 0.000 38.242 13:45:50.57
75 0 -22.6 -23.4 4.551 -4.182 0.0 0.0 0.0 36.7156684 -4.4912497 0.00 274.85 1.09 36.7156673 -4.4912539 0.00 269.43 0.92 0.000 38.242 13:45:50.67
75 0 -22.6 -23.4 3.690 0.246 0.0 0.0 0.0 36.7156684 -4.4912497 0.00 274.85 1.09 36.7156673 -4.4912550 0.00 269.50 1.01 0.000 38.242 13:45:50.78
75 0 -22.6 -23.4 2.583 -3.198 0.0 0.0 0.0 36.7156684 -4.4912517 0.00 270.11 0.66 36.7156673 -4.4912550 0.00 269.50 1.01 0.000 38.242 13:45:50.87
75 0 -22.6 -23.4 6.150 0.246 0.0 0.0 0.0 36.7156684 -4.4912517 0.00 270.11 0.66 36.7156673 -4.4912561 0.00 269.62 1.08 0.000 38.242 13:45:50.98
75 0 -22.6 -23.4 0.984 -2.583 0.0 0.0 0.0 36.7156683 -4.4912530 0.00 279.55 1.10 36.7156673 -4.4912561 0.00 269.62 1.08 0.000 38.242 13:45:51.07
75 0 -22.6 -23.4 2.460 -2.214 0.0 0.0 0.0 36.7156683 -4.4912530 0.00 279.55 1.10 36.7156673 -4.4912572 0.00 269.67 0.96 0.000 38.242 13:45:51.17
75 0 -22.6 -23.4 2.706 -0.738 0.0 0.0 0.0 36.7156683 -4.4912530 0.00 279.55 1.10 36.7156673 -4.4912572 0.00 269.67 0.96 0.000 38.242 13:45:51.28
75 0 -22.6 -23.4 0.861 -5.412 0.0 0.0 0.0 36.7156683 -4.4912530 0.00 279.55 1.10 36.7156673 -4.4912584 0.00 269.65 1.03 0.000 38.242 13:45:51.37
75 0 -22.6 -23.4 3.321 0.000 0.0 0.0 0.0 36.7156683 -4.4912530 0.00 279.55 1.10 36.7156673 -4.4912584 0.00 269.65 1.03 0.000 38.242 13:45:51.48
75 0 -22.6 -23.4 2.952 -2.337 0.0 0.0 0.0 36.7156684 -4.4912553 0.00 268.21 1.01 36.7156673 -4.4912596 0.00 269.73 1.04 0.000 38.242 13:45:51.57
75 0 -22.6 -23.4 5.535 0.123 0.0 0.0 0.0 36.7156683 -4.4912562 0.00 268.21 0.75 36.7156673 -4.4912596 0.00 269.73 1.04 0.000 38.242 13:45:51.67
75 0 -22.6 -23.4 2.829 -1.845 0.0 0.0 0.0 36.7156683 -4.4912562 0.00 268.21 0.75 36.7156673 -4.4912608 0.00 269.79 1.08 0.000 38.242 13:45:51.78
75 0 -22.6 -23.4 3.321 -2.583 0.0 0.0 0.0 36.7156683 -4.4912562 0.00 268.21 0.75 36.7156673 -4.4912608 0.00 269.79 1.08 0.000 38.242 13:45:51.87
75 0 -22.6 -23.4 3.567 -0.984 0.0 0.0 0.0 36.7156683 -4.4912562 0.00 268.21 0.75 36.7156673 -4.4912620 0.00 269.87 1.05 0.000 38.242 13:45:51.98
75 0 -22.6 -23.4 3.567 -3.690 0.0 0.0 0.0 36.7156685 -4.4912586 0.00 278.97 1.18 36.7156673 -4.4912620 0.00 269.87 1.05 0.000 38.242 13:45:52.07
75 0 -22.6 -23.4 4.797 -0.123 0.0 0.0 0.0 36.7156685 -4.4912586 0.00 278.97 1.18 36.7156673 -4.4912630 0.00 269.87 1.03 0.000 38.242 13:45:52.18
75 0 -22.6 -23.4 2.337 -2.460 0.0 0.0 0.0 36.7156685 -4.4912597 0.00 279.64 1.07 36.7156673 -4.4912630 0.00 269.87 1.03 0.000 38.242 13:45:52.28
75 0 -22.6 -23.4 4.428 -1.107 0.0 0.0 0.0 36.7156685 -4.4912597 0.00 279.64 1.07 36.7156673 -4.4912642 0.00 269.76 1.00 0.000 38.242 13:45:52.37
75 0 -22.6 -23.4 2.337 0.123 0.0 0.0 0.0 36.7156685 -4.4912597 0.00 279.64 1.07 36.7156673 -4.4912642 0.00 269.76 1.00 0.000 38.242 13:45:52.48
75 0 -22.6 -23.4 4.182 -0.861 0.0 0.0 0.0 36.7156685 -4.4912597 0.00 279.64 1.07 36.7156673 -4.4912653 0.00 269.79 0.98 0.000 38.242 13:45:52.57
75 0 -22.2 -23.4 6.765 1.476 0.0 0.0 0.0 36.7156685 -4.4912597 0.00 279.64 1.07 36.7156673 -4.4912653 0.00 269.79 0.98 0.000 38.242 13:45:52.68
75 0 -22.2 -23.4 1.722 -2.091 0.0 0.0 0.0 36.7156685 -4.4912619 0.00 271.14 0.73 36.7156673 -4.4912665 0.00 269.81 0.98 0.000 38.242 13:45:52.78
75 0 -22.2 -23.4 6.765 -0.123 0.0 0.0 0.0 36.7156684 -4.4912631 0.00 266.62 1.15 36.7156673 -4.4912665 0.00 269.81 0.98 0.000 38.242 13:45:52.89
75 0 -22.2 -23.4 2.091 0.984 0.0 0.0 0.0 36.7156684 -4.4912631 0.00 266.62 1.15 36.7156673 -4.4912676 0.00 269.87 1.05 0.000 38.242 13:45:52.98
75 0 -22.2 -23.4 3.075 -1.722 0.0 0.0 0.0 36.7156684 -4.4912631 0.00 266.62 1.15 36.7156673 -4.4912676 0.00 269.87 1.05 0.000 38.242 13:45:53.07
75 -1 -22.2 -23.4 4.182 -0.738 0.0 0.0 0.0 36.7156684 -4.4912631 0.00 266.62 1.15 36.7156674 -4.4912688 0.00 269.97 1.05 0.000 38.242 13:45:53.18
75 -1 -22.2 -23.4 2.337 -5.166 0.0 0.0 0.0 36.7156684 -4.4912631 0.00 266.62 1.15 36.7156674 -4.4912688 0.00 269.97 1.05 0.000 38.242 13:45:53.28
75 -1 -22.2 -23.4 6.027 -1.599 0.0 0.0 0.0 36.7156684 -4.4912631 0.00 266.62 1.15 36.7156674 -4.4912699 0.00 270.07 1.06 0.000 38.242 13:45:53.39
75 -1 -22.2 -23.4 0.492 -4.305 0.0 0.0 0.0 36.7156685 -4.4912665 0.00 279.78 0.97 36.7156674 -4.4912699 0.00 270.07 1.06 0.000 38.242 13:45:53.48
75 -1 -22.2 -23.4 3.321 -1.968 0.0 0.0 0.0 36.7156685 -4.4912665 0.00 279.78 0.97 36.7156674 -4.4912710 0.00 270.05 1.06 0.000 38.242 13:45:53.59
75 -1 -22.2 -23.4 0.738 -0.984 0.0 0.0 0.0 36.7156685 -4.4912665 0.00 279.78 0.97 36.7156674 -4.4912710 0.00 270.05 1.06 0.000 38.242 13:45:53.68
75 -1 -22.2 -23.4 0.000 -4.920 0.0 0.0 0.0 36.7156685 -4.4912665 0.00 279.78 0.97 36.7156674 -4.4912722 0.00 269.93 1.01 0.000 38.242 13:45:53.78
75 -1 -22.2 -23.4 3.813 -2.460 0.0 0.0 0.0 36.7156685 -4.4912665 0.00 279.78 0.97 36.7156674 -4.4912722 0.00 269.93 1.01 0.000 38.242 13:45:53.89
75 0 -22.2 -23.4 -0.738 -7.503 0.0 0.0 0.0 36.7156685 -4.4912665 0.00 279.78 0.97 36.7156673 -4.4912733 0.00 269.71 1.06 0.000 38.242 13:45:53.98
75 0 -22.2 -23.4 5.289 0.738 0.0 0.0 0.0 36.7156684 -4.4912699 0.00 278.00 1.20 36.7156673 -4.4912733 0.00 269.71 1.06 0.000 38.242 13:45:54.09
75 0 -22.2 -23.4 0.615 -2.337 0.0 0.0 0.0 36.7156684 -4.4912699 0.00 278.00 1.20 36.7156673 -4.4912743 0.00 269.51 1.01 0.000 38.242 13:45:54.18
75 0 -22.2 -23.4 1.599 -5.904 0.0 0.0 0.0 36.7156684 -4.4912699 0.00 278.00 1.20 36.7156673 -4.4912743 0.00 269.51 1.01 0.000 38.242 13:45:54.29
75 0 -22.2 -23.4 6.273 -0.246 0.0 0.0 0.0 36.7156684 -4.4912699 0.00 278.00 1.20 36.7156673 -4.4912754 0.00 269.44 1.01 0.000 38.242 13:45:54.39
75 0 -22.2 -23.4 -0.492 -3.567 0.0 0.0 0.0 36.7156684 -4.4912699 0.00 278.00 1.20 36.7156673 -4.4912754 0.00 269.44 1.01 0.000 38.242 13:45:54.48
75 0 -22.2 -23.4 4.551 -0.123 0.0 0.0 0.0 36.7156684 -4.4912699 0.00 278.00 1.20 36.7156673 -4.4912765 0.00 269.39 1.00 0.000 38.242 13:45:54.59
75 0 -22.2 -23.4 -0.123 -2.460 0.0 0.0 0.0 36.7156685 -4.4912732 0.00 275.45 1.12 36.7156673 -4.4912765 0.00 269.39 1.00 0.000 38.242 13:45:54.68
75 0 -22.2 -23.4 3.075 -2.829 0.0 0.0 0.0 36.7156685 -4.4912732 0.00 275.45 1.12 36.7156673 -4.4912777 0.00 269.39 1.04 0.000 38.242 13:45:54.79
75 0 -22.2 -23.4 1.722 -0.738 0.0 0.0 0.0 36.7156685 -4.4912732 0.00 275.45 1.12 36.7156673 -4.4912777 0.00 269.39 1.04 0.000 38.242 13:45:54.89
75 0 -22.2 -23.4 1.968 -3.075 0.0 0.0 0.0 36.7156685 -4.4912732 0.00 275.45 1.12 36.7156673 -4.4912789 0.00 269.42 1.06 0.000 38.242 13:45:55.00
75 0 -22.2 -23.4 4.059 -0.246 0.0 0.0 0.0 36.7156685 -4.4912732 0.00 275.45 1.12 36.7156673 -4.4912789 0.00 269.42 1.06 0.000 38.242 13:45:55.09
75 0 -22.2 -23.4 0.369 -1.476 0.0 0.0 0.0 36.7156685 -4.4912732 0.00 275.45 1.12 36.7156672 -4.4912800 0.00 269.44 1.04 0.000 38.242 13:45:55.18
75 0 -22.2 -23.4 4.182 -1.845 0.0 0.0 0.0 36.7156683 -4.4912772 0.00 278.97 1.36 36.7156672 -4.4912800 0.00 269.44 1.04 0.000 38.242 13:45:55.29
75 -1 -22.2 -23.4 0.615 -1.230 0.0 0.0 0.0 36.7156683 -4.4912772 0.00 278.97 1.36 36.7156673 -4.4912811 0.00 269.51 0.95 0.000 38.242 13:45:55.39
75 -1 -22.2 -23.4 0.738 -3.813 0.0 0.0 0.0 36.7156683 -4.4912772 0.00 278.97 1.36 36.7156673 -4.4912811 0.00 269.51 0.95 0.000 38.242 13:45:55.50
75 -1 -22.2 -23.4 1.845 -2.091 0.0 0.0 0.0 36.7156683 -4.4912772 0.00 278.97 1.36 36.7156673 -4.4912822 0.00 269.60 0.91 0.000 38.242 13:45:55.59
75 -1 -22.2 -23.4 0.000 -4.059 0.0 0.0 0.0 36.7156683 -4.4912772 0.00 278.97 1.36 36.7156673 -4.4912822 0.00 269.60 0.91 0.000 38.242 13:45:55.70
75 -1 -22.2 -23.4 3.444 -3.198 0.0 0.0 0.0 36.7156683 -4.4912772 0.00 278.97 1.36 36.7156672 -4.4912833 0.00 269.64 0.92 0.000 38.242 13:45:55.79
75 -1 -22.2 -23.4 -1.353 -2.337 0.0 0.0 0.0 36.7156683 -4.4912772 0.00 278.97 1.36 36.7156672 -4.4912833 0.00 269.64 0.92 0.000 38.242 13:45:55.89
0 0 -22.2 -23.4 1.476 -4.920 0.0 0.0 0.0 36.7156685 -4.4912793 0.00 278.97 0.62 36.7156672 -4.4912843 0.00 269.52 0.86 0.000 38.242 13:45:56.00
0 0 -22.2 -23.4 -29.028 30.012 0.0 0.0 0.0 36.7156685 -4.4912793 0.00 278.97 0.62 36.7156672 -4.4912843 0.00 269.52 0.86 0.000 38.242 13:45:56.09
0 0 -22.2 -23.4 1.230 3.075 0.0 0.0 0.0 36.7156685 -4.4912793 0.00 278.97 0.62 36.7156672 -4.4912854 0.00 269.30 1.09 0.000 38.242 13:45:56.20
0 0 -22.2 -23.4 -0.492 2.460 0.0 0.0 0.0 36.7156685 -4.4912793 0.00 278.97 0.62 36.7156672 -4.4912854 0.00 269.30 1.09 0.000 38.242 13:45:56.29

