75 0 -21.8 -22.6 5.535 -4.551 0.0 0.0 0.0 36.7156703 -4.4910232 0.00 274.21 1.04 36.7156702 -4.4910279 0.00 270.18 1.01 0.000 37.812 15:40:05.71
75 -1 -21.8 -22.6 3.567 0.615 0.0 0.0 0.0 36.7156703 -4.4910232 0.00 274.21 1.04 36.7156702 -4.4910279 0.00 270.18 1.01 0.000 37.812 15:40:05.82
75 -1 -21.8 -22.6 2.337 -5.781 0.0 0.0 0.0 36.7156703 -4.4910253 0.00 273.57 1.09 36.7156702 -4.4910290 0.00 270.39 0.92 0.000 37.812 15:40:05.92
75 -1 -21.8 -22.6 3.567 -2.214 0.0 0.0 0.0 36.7156703 -4.4910253 0.00 273.57 1.09 36.7156702 -4.4910290 0.00 270.39 0.92 0.000 37.812 15:40:06.03
75 -1 -21.8 -22.6 1.968 -2.829 0.0 0.0 0.0 36.7156702 -4.4910264 0.00 273.57 0.91 36.7156702 -4.4910302 0.00 270.39 1.00 0.000 37.812 15:40:06.12
75 -1 -21.8 -22.6 -0.123 -4.182 0.0 0.0 0.0 36.7156702 -4.4910264 0.00 273.57 0.91 36.7156702 -4.4910302 0.00 270.39 1.00 0.000 37.812 15:40:06.21
75 -1 -21.8 -22.6 1.476 -3.690 0.0 0.0 0.0 36.7156702 -4.4910264 0.00 273.57 0.91 36.7156702 -4.4910313 0.00 270.34 1.03 0.000 37.812 15:40:06.32
75 -1 -21.8 -22.6 -0.123 -3.567 0.0 0.0 0.0 36.7156702 -4.4910264 0.00 273.57 0.91 36.7156702 -4.4910313 0.00 270.34 1.03 0.000 37.812 15:40:06.42
75 -1 -21.8 -22.6 1.968 -3.936 0.0 0.0 0.0 36.7156702 -4.4910288 0.00 273.40 0.88 36.7156702 -4.4910324 0.00 270.16 0.98 0.000 37.812 15:40:06.53
75 -1 -21.8 -22.6 5.289 -4.551 0.0 0.0 0.0 36.7156702 -4.4910288 0.00 273.40 0.88 36.7156702 -4.4910324 0.00 270.16 0.98 0.000 37.812 15:40:06.62
75 -1 -21.8 -22.6 0.123 -3.198 0.0 0.0 0.0 36.7156702 -4.4910299 0.00 273.40 0.97 36.7156702 -4.4910336 0.00 270.00 0.98 0.000 37.812 15:40:06.73
75 -1 -21.8 -22.6 3.813 -3.444 0.0 0.0 0.0 36.7156702 -4.4910299 0.00 273.40 0.97 36.7156702 -4.4910336 0.00 270.00 0.98 0.000 37.812 15:40:06.82
75 -1 -21.8 -22.6 -1.107 -2.706 0.0 0.0 0.0 36.7156702 -4.4910299 0.00 273.40 0.97 36.7156702 -4.4910347 0.00 269.84 0.91 0.000 37.812 15:40:06.93
75 0 -21.8 -22.6 3.813 -6.642 0.0 0.0 0.0 36.7156702 -4.4910299 0.00 273.40 0.97 36.7156702 -4.4910347 0.00 269.84 0.91 0.000 37.812 15:40:07.03
75 0 -21.8 -22.6 0.492 -3.444 0.0 0.0 0.0 36.7156702 -4.4910322 0.00 271.08 0.95 36.7156702 -4.4910359 0.00 269.68 0.95 0.000 37.812 15:40:07.12
75 0 -21.8 -22.6 2.829 -2.337 0.0 0.0 0.0 36.7156702 -4.4910322 0.00 271.08 0.95 36.7156702 -4.4910359 0.00 269.68 0.95 0.000 37.812 15:40:07.23
75 0 -21.8 -22.6 3.813 -4.059 0.0 0.0 0.0 36.7156702 -4.4910333 0.00 271.81 1.05 36.7156702 -4.4910370 0.00 269.48 0.97 0.000 37.812 15:40:07.32
75 0 -21.8 -22.6 3.198 -3.198 0.0 0.0 0.0 36.7156702 -4.4910333 0.00 271.81 1.05 36.7156702 -4.4910370 0.00 269.48 0.97 0.000 37.812 15:40:07.43
75 0 -21.8 -22.6 3.567 -3.075 0.0 0.0 0.0 36.7156702 -4.4910333 0.00 271.81 1.05 36.7156702 -4.4910381 0.00 269.43 1.00 0.000 37.812 15:40:07.53
75 0 -21.8 -22.6 1.476 -3.321 0.0 0.0 0.0 36.7156703 -4.4910355 0.00 272.80 1.00 36.7156702 -4.4910381 0.00 269.43 1.00 0.000 37.812 15:40:07.64
75 0 -21.8 -22.6 5.412 -5.289 0.0 0.0 0.0 36.7156703 -4.4910355 0.00 272.80 1.00 36.7156701 -4.4910392 0.00 269.38 0.98 0.000 37.812 15:40:07.73
75 0 -21.8 -22.6 0.861 0.369 0.0 0.0 0.0 36.7156702 -4.4910366 0.00 273.55 1.01 36.7156701 -4.4910392 0.00 269.38 0.98 0.000 37.812 15:40:07.82
75 0 -21.8 -22.6 5.904 -3.690 0.0 0.0 0.0 36.7156702 -4.4910366 0.00 273.55 1.01 36.7156701 -4.4910402 0.00 269.35 0.98 0.000 37.812 15:40:07.93
75 0 -21.8 -22.6 1.845 0.492 0.0 0.0 0.0 36.7156702 -4.4910366 0.00 273.55 1.01 36.7156701 -4.4910402 0.00 269.35 0.98 0.000 37.812 15:40:08.03
75 0 -21.8 -22.6 4.428 -2.337 0.0 0.0 0.0 36.7156702 -4.4910366 0.00 273.55 1.01 36.7156701 -4.4910414 0.00 269.25 0.93 0.000 37.812 15:40:08.14
75 1 -23.4 -23.0 0.738 -1.845 0.0 0.0 0.0 36.7156702 -4.4910388 0.00 272.24 1.10 36.7156701 -4.4910414 0.00 269.25 0.93 0.000 38.242 15:40:08.23
75 1 -23.4 -23.0 0.615 -1.968 0.0 0.0 0.0 36.7156702 -4.4910388 0.00 272.24 1.10 36.7156701 -4.4910425 0.00 269.26 0.94 0.000 38.242 15:40:08.34
75 1 -23.4 -23.0 6.273 -3.936 0.0 0.0 0.0 36.7156701 -4.4910399 0.00 266.19 1.05 36.7156701 -4.4910425 0.00 269.26 0.94 0.000 38.242 15:40:08.43
75 1 -23.4 -23.0 2.829 -0.123 0.0 0.0 0.0 36.7156701 -4.4910399 0.00 266.19 1.05 36.7156700 -4.4910437 0.00 269.27 1.00 0.000 38.242 15:40:08.53
75 1 -23.4 -23.0 6.150 -2.460 0.0 0.0 0.0 36.7156701 -4.4910399 0.00 266.19 1.05 36.7156700 -4.4910437 0.00 269.27 1.00 0.000 38.242 15:40:08.64
75 1 -23.4 -23.0 3.444 0.984 0.0 0.0 0.0 36.7156701 -4.4910399 0.00 266.19 1.05 36.7156701 -4.4910448 0.00 269.53 1.04 0.000 38.242 15:40:08.73
75 0 -23.4 -23.0 5.904 -2.706 0.0 0.0 0.0 36.7156701 -4.4910422 0.00 270.74 0.99 36.7156701 -4.4910448 0.00 269.53 1.04 0.000 38.242 15:40:08.84
75 0 -23.4 -23.0 2.337 -1.107 0.0 0.0 0.0 36.7156701 -4.4910422 0.00 270.74 0.99 36.7156701 -4.4910460 0.00 269.74 0.98 0.000 38.242 15:40:08.93
75 0 -23.4 -23.0 3.444 0.123 0.0 0.0 0.0 36.7156701 -4.4910422 0.00 270.74 0.99 36.7156701 -4.4910460 0.00 269.74 0.98 0.000 38.242 15:40:09.04
75 0 -23.4 -23.0 3.567 -2.091 0.0 0.0 0.0 36.7156702 -4.4910434 0.00 272.15 1.11 36.7156701 -4.4910471 0.00 270.02 1.00 0.000 38.242 15:40:09.14
75 0 -23.4 -23.0 3.444 -0.738 0.0 0.0 0.0 36.7156702 -4.4910434 0.00 272.15 1.11 36.7156701 -4.4910471 0.00 270.02 1.00 0.000 38.242 15:40:09.23
75 0 -23.4 -23.0 4.305 -3.567 0.0 0.0 0.0 36.7156702 -4.4910434 0.00 272.15 1.11 36.7156701 -4.4910482 0.00 270.00 0.91 0.000 38.242 15:40:09.34
75 0 -23.4 -23.0 2.706 1.353 0.0 0.0 0.0 36.7156702 -4.4910457 0.00 270.18 1.10 36.7156701 -4.4910482 0.00 270.00 0.91 0.000 38.242 15:40:09.43
75 0 -23.4 -23.0 7.995 -3.813 0.0 0.0 0.0 36.7156702 -4.4910457 0.00 270.18 1.10 36.7156701 -4.4910493 0.00 269.96 0.88 0.000 38.242 15:40:09.54
75 0 -23.4 -23.0 5.043 -0.615 0.0 0.0 0.0 36.7156702 -4.4910468 0.00 270.18 0.96 36.7156701 -4.4910493 0.00 269.96 0.88 0.000 38.242 15:40:09.64
75 0 -23.4 -23.0 5.658 -0.615 0.0 0.0 0.0 36.7156702 -4.4910468 0.00 270.18 0.96 36.7156701 -4.4910504 0.00 269.98 0.92 0.000 38.242 15:40:09.75
75 0 -23.4 -23.0 1.845 -1.599 0.0 0.0 0.0 36.7156702 -4.4910468 0.00 270.18 0.96 36.7156701 -4.4910504 0.00 269.98 0.92 0.000 38.242 15:40:09.84
75 0 -23.4 -23.0 3.444 0.246 0.0 0.0 0.0 36.7156702 -4.4910468 0.00 270.18 0.96 36.7156701 -4.4910514 0.00 269.95 0.93 0.000 38.242 15:40:09.95
75 0 -23.4 -23.0 2.706 -4.797 0.0 0.0 0.0 36.7156702 -4.4910489 0.00 270.18 0.95 36.7156701 -4.4910514 0.00 269.95 0.93 0.000 38.242 15:40:10.04
75 0 -23.4 -23.0 2.829 0.123 0.0 0.0 0.0 36.7156702 -4.4910489 0.00 270.18 0.95 36.7156701 -4.4910525 0.00 270.00 0.99 0.000 38.242 15:40:10.14
75 0 -23.4 -23.0 4.428 -2.829 0.0 0.0 0.0 36.7156702 -4.4910501 0.00 274.17 1.15 36.7156701 -4.4910525 0.00 270.00 0.99 0.000 38.242 15:40:10.25
75 0 -23.4 -23.0 3.567 -1.230 0.0 0.0 0.0 36.7156702 -4.4910501 0.00 274.17 1.15 36.7156701 -4.4910537 0.00 270.10 0.99 0.000 38.242 15:40:10.34
75 0 -23.4 -23.0 5.289 -3.321 0.0 0.0 0.0 36.7156702 -4.4910501 0.00 274.17 1.15 36.7156701 -4.4910537 0.00 270.10 0.99 0.000 38.242 15:40:10.45
75 0 -23.4 -23.0 1.845 -1.230 0.0 0.0 0.0 36.7156702 -4.4910501 0.00 274.17 1.15 36.7156701 -4.4910549 0.00 270.19 1.01 0.000 38.242 15:40:10.54
75 0 -23.4 -23.0 3.321 -2.460 0.0 0.0 0.0 36.7156702 -4.4910523 0.00 275.41 0.86 36.7156701 -4.4910549 0.00 270.19 1.01 0.000 38.242 15:40:10.65
75 0 -23.4 -23.0 1.476 -1.968 0.0 0.0 0.0 36.7156702 -4.4910523 0.00 275.41 0.86 36.7156701 -4.4910560 0.00 270.26 0.94 0.000 38.242 15:40:10.75
75 -1 -23.4 -23.0 3.075 0.492 0.0 0.0 0.0 36.7156702 -4.4910534 0.00 271.71 0.98 36.7156701 -4.4910560 0.00 270.26 0.94 0.000 38.242 15:40:10.84
75 -1 -23.4 -23.0 0.492 -5.535 0.0 0.0 0.0 36.7156702 -4.4910534 0.00 271.71 0.98 36.7156701 -4.4910571 0.00 270.32 0.96 0.000 38.242 15:40:10.95
75 -1 -23.4 -23.0 1.107 -2.337 0.0 0.0 0.0 36.7156702 -4.4910534 0.00 271.71 0.98 36.7156701 -4.4910571 0.00 270.32 0.96 0.000 38.242 15:40:11.04
75 -1 -23.4 -23.0 4.059 -3.321 0.0 0.0 0.0 36.7156702 -4.4910534 0.00 271.71 0.98 36.7156701 -4.4910583 0.00 270.37 0.92 0.000 38.242 15:40:11.15
75 -1 -23.4 -23.0 3.075 -3.813 0.0 0.0 0.0 36.7156702 -4.4910557 0.00 275.28 1.00 36.7156701 -4.4910583 0.00 270.37 0.92 0.000 38.242 15:40:11.25
75 -1 -23.4 -23.0 3.321 -3.690 0.0 0.0 0.0 36.7156702 -4.4910557 0.00 275.28 1.00 36.7156701 -4.4910594 0.00 270.29 1.02 0.000 38.242 15:40:11.34
75 -1 -23.4 -23.0 0.492 -2.214 0.0 0.0 0.0 36.7156702 -4.4910568 0.00 275.28 0.85 36.7156701 -4.4910594 0.00 270.29 1.02 0.000 38.242 15:40:11.45
75 -1 -23.4 -23.0 3.690 -2.952 0.0 0.0 0.0 36.7156702 -4.4910568 0.00 275.28 0.85 36.7156700 -4.4910605 0.00 270.19 1.00 0.000 38.242 15:40:11.54
75 0 -23.4 -23.0 -0.615 -4.428 0.0 0.0 0.0 36.7156702 -4.4910568 0.00 275.28 0.85 36.7156700 -4.4910605 0.00 270.19 1.00 0.000 38.242 15:40:11.65
75 0 -23.4 -23.0 0.984 -2.091 0.0 0.0 0.0 36.7156702 -4.4910568 0.00 275.28 0.85 36.7156700 -4.4910616 0.00 270.04 0.98 0.000 38.242 15:40:11.75
75 0 -23.4 -23.0 3.321 -4.797 0.0 0.0 0.0 36.7156703 -4.4910590 0.00 276.29 0.93 36.7156700 -4.4910616 0.00 270.04 0.98 0.000 38.242 15:40:11.85
75 0 -23.4 -23.0 2.460 -1.476 0.0 0.0 0.0 36.7156703 -4.4910590 0.00 276.29 0.93 36.7156700 -4.4910627 0.00 269.94 0.91 0.000 38.242 15:40:11.95
75 0 -23.4 -23.0 2.706 -3.567 0.0 0.0 0.0 36.7156702 -4.4910602 0.00 271.45 1.11 36.7156700 -4.4910627 0.00 269.94 0.91 0.000 38.242 15:40:12.04
75 0 -23.4 -23.0 1.230 -1.353 0.0 0.0 0.0 36.7156702 -4.4910602 0.00 271.45 1.11 36.7156700 -4.4910638 0.00 269.94 0.93 0.000 38.242 15:40:12.15
75 0 -23.4 -23.0 4.059 -3.813 0.0 0.0 0.0 36.7156702 -4.4910602 0.00 271.45 1.11 36.7156700 -4.4910638 0.00 269.94 0.93 0.000 38.242 15:40:12.25
75 -2 -23.4 -23.0 0.000 -1.599 0.0 0.0 0.0 36.7156702 -4.4910602 0.00 271.45 1.11 36.7156701 -4.4910649 0.00 270.01 0.97 0.000 38.242 15:40:12.35
75 -2 -23.4 -23.0 2.337 -3.813 0.0 0.0 0.0 36.7156703 -4.4910624 0.00 272.98 1.03 36.7156701 -4.4910649 0.00 270.01 0.97 0.000 38.242 15:40:12.45
75 -2 -23.4 -23.0 -1.599 -2.091 0.0 0.0 0.0 36.7156703 -4.4910624 0.00 272.98 1.03 36.7156700 -4.4910660 0.00 269.96 1.00 0.000 38.242 15:40:12.54
75 -2 -23.4 -23.0 0.615 -5.166 0.0 0.0 0.0 36.7156702 -4.4910635 0.00 269.96 0.98 36.7156700 -4.4910660 0.00 269.96 1.00 0.000 38.242 15:40:12.65
75 -2 -23.4 -23.0 3.444 -6.027 0.0 0.0 0.0 36.7156702 -4.4910635 0.00 269.96 0.98 36.7156700 -4.4910672 0.00 269.93 0.99 0.000 38.242 15:40:12.75
75 -2 -23.4 -23.0 0.246 -1.230 0.0 0.0 0.0 36.7156702 -4.4910635 0.00 269.96 0.98 36.7156700 -4.4910672 0.00 269.93 0.99 0.000 38.242 15:40:12.85
75 -1 -23.4 -23.0 5.904 -4.674 0.0 0.0 0.0 36.7156702 -4.4910635 0.00 269.96 0.98 36.7156700 -4.4910683 0.00 269.80 0.96 0.000 38.242 15:40:12.95
75 -1 -23.4 -23.0 -0.369 -0.861 0.0 0.0 0.0 36.7156702 -4.4910659 0.00 270.71 0.96 36.7156700 -4.4910683 0.00 269.80 0.96 0.000 38.242 15:40:13.04
75 -1 -24.1 -22.6 1.353 -2.829 0.0 0.0 0.0 36.7156702 -4.4910659 0.00 270.71 0.96 36.7156700 -4.4910695 0.00 269.65 1.01 0.000 38.242 15:40:13.15
75 -1 -24.1 -22.6 2.706 -3.075 0.0 0.0 0.0 36.7156702 -4.4910671 0.00 270.41 1.10 36.7156700 -4.4910695 0.00 269.65 1.01 0.000 38.242 15:40:13.25
75 -1 -24.1 -22.6 2.337 -2.091 0.0 0.0 0.0 36.7156702 -4.4910671 0.00 270.41 1.10 36.7156700 -4.4910707 0.00 269.44 0.94 0.000 38.242 15:40:13.35
75 -1 -24.1 -22.6 2.829 -6.027 0.0 0.0 0.0 36.7156702 -4.4910671 0.00 270.41 1.10 36.7156700 -4.4910707 0.00 269.44 0.94 0.000 38.242 15:40:13.45
75 -1 -24.1 -22.6 0.984 -2.583 0.0 0.0 0.0 36.7156702 -4.4910671 0.00 270.41 1.10 36.7156700 -4.4910718 0.00 269.23 0.97 0.000 38.242 15:40:13.54
75 -1 -24.1 -22.6 5.412 -6.027 0.0 0.0 0.0 36.7156702 -4.4910693 0.00 275.29 1.02 36.7156700 -4.4910718 0.00 269.23 0.97 0.000 38.242 15:40:13.65
75 -1 -24.1 -22.6 -1.476 -0.738 0.0 0.0 0.0 36.7156702 -4.4910693 0.00 275.29 1.02 36.7156700 -4.4910729 0.00 269.00 1.03 0.000 38.242 15:40:13.75
75 -1 -24.1 -22.6 3.321 -4.551 0.0 0.0 0.0 36.7156702 -4.4910704 0.00 275.29 0.95 36.7156700 -4.4910729 0.00 269.00 1.03 0.000 38.242 15:40:13.85
75 -1 -24.1 -22.6 -1.476 -2.460 0.0 0.0 0.0 36.7156702 -4.4910704 0.00 275.29 0.95 36.7156700 -4.4910741 0.00 268.88 0.93 0.000 38.242 15:40:13.95
75 -1 -24.1 -22.6 1.845 -3.198 0.0 0.0 0.0 36.7156702 -4.4910704 0.00 275.29 0.95 36.7156700 -4.4910741 0.00 268.88 0.93 0.000 38.242 15:40:14.04
75 -1 -24.1 -22.6 1.968 -5.289 0.0 0.0 0.0 36.7156702 -4.4910704 0.00 275.29 0.95 36.7156700 -4.4910751 0.00 268.69 0.94 0.000 38.242 15:40:14.15
75 -1 -24.1 -22.6 0.738 -3.198 0.0 0.0 0.0 36.7156701 -4.4910726 0.00 275.29 0.80 36.7156700 -4.4910751 0.00 268.69 0.94 0.000 38.242 15:40:14.25
75 -1 -24.1 -22.6 4.920 -6.273 0.0 0.0 0.0 36.7156701 -4.4910726 0.00 275.29 0.80 36.7156699 -4.4910762 0.00 268.54 0.96 0.000 38.242 15:40:14.35
75 -1 -24.1 -22.6 -0.369 -2.337 0.0 0.0 0.0 36.7156701 -4.4910737 0.00 271.83 1.06 36.7156699 -4.4910762 0.00 268.54 0.96 0.000 38.242 15:40:14.45
75 0 -24.1 -22.6 3.690 -4.182 0.0 0.0 0.0 36.7156701 -4.4910737 0.00 271.83 1.06 36.7156699 -4.4910773 0.00 268.34 0.96 0.000 38.242 15:40:14.54
75 0 -24.1 -22.6 0.000 -2.583 0.0 0.0 0.0 36.7156701 -4.4910737 0.00 271.83 1.06 36.7156699 -4.4910773 0.00 268.34 0.96 0.000 38.242 15:40:14.65
75 0 -24.1 -22.6 4.920 -4.059 0.0 0.0 0.0 36.7156701 -4.4910737 0.00 271.83 1.06 36.7156698 -4.4910784 0.00 268.12 0.95 0.000 38.242 15:40:14.75
75 0 -24.1 -22.6 2.460 -4.428 0.0 0.0 0.0 36.7156701 -4.4910737 0.00 271.83 1.06 36.7156698 -4.4910784 0.00 268.12 0.95 0.000 38.242 15:40:14.85
75 0 -24.1 -22.6 2.214 -0.861 0.0 0.0 0.0 36.7156701 -4.4910759 0.00 271.83 0.93 36.7156698 -4.4910795 0.00 267.94 0.97 0.000 38.242 15:40:14.95
75 0 -24.1 -22.6 2.337 -3.321 0.0 0.0 0.0 36.7156701 -4.4910770 0.00 273.52 0.99 36.7156698 -4.4910795 0.00 267.94 0.97 0.000 38.242 15:40:15.04
75 0 -24.1 -22.6 2.214 -3.567 0.0 0.0 0.0 36.7156701 -4.4910770 0.00 273.52 0.99 36.7156698 -4.4910806 0.00 267.93 0.95 0.000 38.242 15:40:15.15
75 0 -24.1 -22.6 3.690 -2.091 0.0 0.0 0.0 36.7156701 -4.4910770 0.00 273.52 0.99 36.7156698 -4.4910806 0.00 267.93 0.95 0.000 38.242 15:40:15.25
75 0 -24.1 -22.6 1.230 -0.861 0.0 0.0 0.0 36.7156701 -4.4910770 0.00 273.52 0.99 36.7156698 -4.4910817 0.00 267.87 1.00 0.000 38.242 15:40:15.35
75 0 -24.1 -22.6 6.519 -1.107 0.0 0.0 0.0 36.7156700 -4.4910793 0.00 273.21 1.01 36.7156698 -4.4910817 0.00 267.87 1.00 0.000 38.242 15:40:15.45
75 0 -24.1 -22.6 1.722 -0.861 0.0 0.0 0.0 36.7156700 -4.4910793 0.00 273.21 1.01 36.7156698 -4.4910829 0.00 267.84 0.99 0.000 38.242 15:40:15.54
75 0 -24.1 -22.6 3.075 -0.615 0.0 0.0 0.0 36.7156700 -4.4910804 0.00 272.71 0.97 36.7156698 -4.4910829 0.00 267.84 0.99 0.000 38.242 15:40:15.65
75 0 -24.1 -22.6 3.690 -2.829 0.0 0.0 0.0 36.7156700 -4.4910804 0.00 272.71 0.97 36.7156697 -4.4910840 0.00 267.81 0.99 0.000 38.242 15:40:15.75
75 0 -24.1 -22.6 1.968 -1.107 0.0 0.0 0.0 36.7156700 -4.4910804 0.00 272.71 0.97 36.7156697 -4.4910840 0.00 267.81 0.99 0.000 38.242 15:40:15.85
75 0 -24.1 -22.6 5.166 -3.444 0.0 0.0 0.0 36.7156700 -4.4910804 0.00 272.71 0.97 36.7156697 -4.4910852 0.00 267.76 1.03 0.000 38.242 15:40:15.95
75 0 -24.1 -22.6 1.845 0.123 0.0 0.0 0.0 36.7156700 -4.4910827 0.00 273.19 1.03 36.7156697 -4.4910852 0.00 267.76 1.03 0.000 38.242 15:40:16.04
75 0 -24.1 -22.6 6.027 -2.337 0.0 0.0 0.0 36.7156700 -4.4910827 0.00 273.19 1.03 36.7156697 -4.4910863 0.00 267.89 0.97 0.000 38.242 15:40:16.15
75 0 -24.1 -22.6 2.214 -1.230 0.0 0.0 0.0 36.7156699 -4.4910839 0.00 273.19 0.97 36.7156697 -4.4910863 0.00 267.89 0.97 0.000 38.242 15:40:16.25
75 0 -24.1 -22.6 4.428 -2.706 0.0 0.0 0.0 36.7156699 -4.4910839 0.00 273.19 0.97 36.7156696 -4.4910875 0.00 267.84 1.00 0.000 38.242 15:40:16.35
75 0 -24.1 -22.6 2.214 0.000 0.0 0.0 0.0 36.7156699 -4.4910839 0.00 273.19 0.97 36.7156696 -4.4910875 0.00 267.84 1.00 0.000 38.242 15:40:16.45
75 0 -24.1 -22.6 0.984 -3.075 0.0 0.0 0.0 36.7156699 -4.4910839 0.00 273.19 0.97 36.7156696 -4.4910886 0.00 267.95 0.97 0.000 38.242 15:40:16.54
75 0 -24.1 -22.6 2.214 -3.690 0.0 0.0 0.0 36.7156698 -4.4910860 0.00 273.19 0.93 36.7156696 -4.4910886 0.00 267.95 0.97 0.000 38.242 15:40:16.65
75 0 -24.1 -22.6 2.829 -2.706 0.0 0.0 0.0 36.7156698 -4.4910860 0.00 273.19 0.93 36.7156696 -4.4910897 0.00 268.07 1.01 0.000 38.242 15:40:16.75
75 0 -24.1 -22.6 3.075 -0.246 0.0 0.0 0.0 36.7156699 -4.4910872 0.00 273.36 1.11 36.7156696 -4.4910897 0.00 268.07 1.01 0.000 38.242 15:40:16.85
75 -1 -24.1 -22.6 3.567 -2.337 0.0 0.0 0.0 36.7156699 -4.4910872 0.00 273.36 1.11 36.7156696 -4.4910908 0.00 268.13 1.01 0.000 38.242 15:40:16.95
75 -1 -24.1 -22.6 3.690 -4.182 0.0 0.0 0.0 36.7156699 -4.4910872 0.00 273.36 1.11 36.7156696 -4.4910908 0.00 268.13 1.01 0.000 38.242 15:40:17.04
75 -1 -24.1 -22.6 2.091 -1.599 0.0 0.0 0.0 36.7156699 -4.4910872 0.00 273.36 1.11 36.7156695 -4.4910920 0.00 268.18 1.00 0.000 38.242 15:40:17.15
75 -1 -24.1 -22.6 3.936 -3.936 0.0 0.0 0.0 36.7156697 -4.4910894 0.00 266.56 0.99 36.7156695 -4.4910920 0.00 268.18 1.00 0.000 38.242 15:40:17.25
75 -1 -24.1 -22.6 2.337 -2.460 0.0 0.0 0.0 36.7156697 -4.4910894 0.00 266.56 0.99 36.7156695 -4.4910931 0.00 268.25 0.97 0.000 38.242 15:40:17.35
75 -1 -24.1 -22.6 2.091 -5.412 0.0 0.0 0.0 36.7156697 -4.4910905 0.00 266.56 0.96 36.7156695 -4.4910931 0.00 268.25 0.97 0.000 38.242 15:40:17.45
75 -1 -24.1 -22.6 2.214 0.369 0.0 0.0 0.0 36.7156697 -4.4910905 0.00 266.56 0.96 36.7156695 -4.4910943 0.00 268.08 1.01 0.000 38.242 15:40:17.54
75 -1 -24.1 -22.6 3.936 -2.829 0.0 0.0 0.0 36.7156697 -4.4910905 0.00 266.56 0.96 36.7156695 -4.4910943 0.00 268.08 1.01 0.000 38.242 15:40:17.65
75 -1 -24.1 -22.6 1.476 -3.321 0.0 0.0 0.0 36.7156697 -4.4910905 0.00 266.56 0.96 36.7156695 -4.4910954 0.00 268.02 0.98 0.000 38.242 15:40:17.75
75 -1 -24.1 -22.6 1.599 -1.353 0.0 0.0 0.0 36.7156697 -4.4910928 0.00 270.76 0.95 36.7156695 -4.4910954 0.00 268.02 0.98 0.000 38.242 15:40:17.85
75 1 -24.1 -22.6 0.861 -5.904 0.0 0.0 0.0 36.7156697 -4.4910928 0.00 270.76 0.95 36.7156694 -4.4910964 0.00 267.80 0.91 0.000 38.242 15:40:17.95
75 1 -24.1 -22.6 3.321 1.845 0.0 0.0 0.0 36.7156697 -4.4910939 0.00 270.76 0.96 36.7156694 -4.4910964 0.00 267.80 0.91 0.000 38.242 15:40:18.04
75 1 -23.0 -23.0 5.412 -2.706 0.0 0.0 0.0 36.7156697 -4.4910939 0.00 270.76 0.96 36.7156694 -4.4910976 0.00 267.61 1.01 0.000 38.242 15:40:18.15
75 1 -23.0 -23.0 0.492 -3.321 0.0 0.0 0.0 36.7156697 -4.4910939 0.00 270.76 0.96 36.7156694 -4.4910976 0.00 267.61 1.01 0.000 38.242 15:40:18.25
75 2 -23.0 -23.0 -0.123 -1.722 0.0 0.0 0.0 36.7156697 -4.4910939 0.00 270.76 0.96 36.7156694 -4.4910986 0.00 267.47 0.88 0.000 38.242 15:40:18.35
75 2 -23.0 -23.0 5.904 -4.182 0.0 0.0 0.0 36.7156696 -4.4910961 0.00 269.28 0.90 36.7156694 -4.4910986 0.00 267.47 0.88 0.000 38.242 15:40:18.45
75 2 -23.0 -23.0 2.706 0.738 0.0 0.0 0.0 36.7156696 -4.4910961 0.00 269.28 0.90 36.7156694 -4.4910997 0.00 267.51 0.98 0.000 38.242 15:40:18.54
75 2 -23.0 -23.0 4.674 -4.551 0.0 0.0 0.0 36.7156695 -4.4910972 0.00 269.28 0.92 36.7156694 -4.4910997 0.00 267.51 0.98 0.000 38.242 15:40:18.65
75 2 -23.0 -23.0 2.091 0.615 0.0 0.0 0.0 36.7156695 -4.4910972 0.00 269.28 0.92 36.7156693 -4.4911008 0.00 267.68 0.97 0.000 38.242 15:40:18.75
75 2 -23.0 -23.0 5.043 -1.107 0.0 0.0 0.0 36.7156695 -4.4910972 0.00 269.28 0.92 36.7156693 -4.4911008 0.00 267.68 0.97 0.000 38.242 15:40:18.85
75 1 -23.0 -23.0 2.829 1.476 0.0 0.0 0.0 36.7156695 -4.4910972 0.00 269.28 0.92 36.7156693 -4.4911020 0.00 267.84 1.02 0.000 38.242 15:40:18.95
75 1 -23.0 -23.0 6.027 -0.369 0.0 0.0 0.0 36.7156695 -4.4910972 0.00 269.28 0.92 36.7156693 -4.4911020 0.00 267.84 1.02 0.000 38.242 15:40:19.04
75 1 -23.0 -23.0 3.813 -1.476 0.0 0.0 0.0 36.7156694 -4.4910994 0.00 266.54 1.14 36.7156692 -4.4911032 0.00 268.17 1.06 0.000 38.242 15:40:19.15
75 1 -23.0 -23.0 2.337 0.492 0.0 0.0 0.0 36.7156693 -4.4911006 0.00 269.09 1.04 36.7156692 -4.4911032 0.00 268.17 1.06 0.000 38.242 15:40:19.25
75 1 -23.0 -23.0 5.166 -3.444 0.0 0.0 0.0 36.7156693 -4.4911006 0.00 269.09 1.04 36.7156692 -4.4911044 0.00 268.65 1.01 0.000 38.242 15:40:19.35
75 1 -23.0 -23.0 3.198 0.369 0.0 0.0 0.0 36.7156693 -4.4911006 0.00 269.09 1.04 36.7156692 -4.4911044 0.00 268.65 1.01 0.000 38.242 15:40:19.45
75 1 -23.0 -23.0 5.043 -5.043 0.0 0.0 0.0 36.7156693 -4.4911006 0.00 269.09 1.04 36.7156692 -4.4911055 0.00 269.03 0.95 0.000 38.242 15:40:19.54
75 1 -23.0 -23.0 0.861 -0.246 0.0 0.0 0.0 36.7156693 -4.4911029 0.00 274.87 0.82 36.7156692 -4.4911055 0.00 269.03 0.95 0.000 38.242 15:40:19.65
75 0 -23.0 -23.0 5.535 -1.353 0.0 0.0 0.0 36.7156693 -4.4911029 0.00 274.87 0.82 36.7156692 -4.4911067 0.00 269.44 0.96 0.000 38.242 15:40:19.75
75 0 -23.0 -23.0 1.722 -4.059 0.0 0.0 0.0 36.7156693 -4.4911040 0.00 275.34 1.05 36.7156692 -4.4911067 0.00 269.44 0.96 0.000 38.242 15:40:19.85
75 0 -23.0 -23.0 4.551 0.492 0.0 0.0 0.0 36.7156693 -4.4911040 0.00 275.34 1.05 36.7156691 -4.4911078 0.00 269.92 0.98 0.000 38.242 15:40:19.95
75 0 -23.0 -23.0 3.936 -1.845 0.0 0.0 0.0 36.7156693 -4.4911040 0.00 275.34 1.05 36.7156691 -4.4911078 0.00 269.92 0.98 0.000 38.242 15:40:20.04
75 0 -23.0 -23.0 1.968 0.492 0.0 0.0 0.0 36.7156693 -4.4911040 0.00 275.34 1.05 36.7156691 -4.4911088 0.00 270.10 0.94 0.000 38.242 15:40:20.15
75 0 -23.0 -23.0 4.059 -3.321 0.0 0.0 0.0 36.7156693 -4.4911040 0.00 275.34 1.05 36.7156691 -4.4911088 0.00 270.10 0.94 0.000 38.242 15:40:20.25
75 0 -23.0 -23.0 3.813 -1.599 0.0 0.0 0.0 36.7156693 -4.4911061 0.00 275.34 0.75 36.7156691 -4.4911098 0.00 270.10 0.95 0.000 38.242 15:40:20.35
75 0 -23.0 -23.0 5.166 -3.813 0.0 0.0 0.0 36.7156693 -4.4911073 0.00 269.42 1.13 36.7156691 -4.4911098 0.00 270.10 0.95 0.000 38.242 15:40:20.45
75 -1 -23.0 -23.0 1.968 -0.492 0.0 0.0 0.0 36.7156693 -4.4911073 0.00 269.42 1.13 36.7156692 -4.4911109 0.00 270.08 0.92 0.000 38.242 15:40:20.54
75 -1 -23.0 -23.0 4.059 -3.567 0.0 0.0 0.0 36.7156693 -4.4911073 0.00 269.42 1.13 36.7156692 -4.4911109 0.00 270.08 0.92 0.000 38.242 15:40:20.65
75 -1 -23.0 -23.0 1.845 -2.583 0.0 0.0 0.0 36.7156693 -4.4911073 0.00 269.42 1.13 36.7156692 -4.4911121 0.00 270.10 1.01 0.000 38.242 15:40:20.75
75 -1 -23.0 -23.0 4.428 -1.968 0.0 0.0 0.0 36.7156692 -4.4911094 0.00 276.49 0.77 36.7156692 -4.4911121 0.00 270.10 1.01 0.000 38.242 15:40:20.85
75 -1 -23.0 -23.0 0.861 -3.075 0.0 0.0 0.0 36.7156692 -4.4911094 0.00 276.49 0.77 36.7156692 -4.4911132 0.00 270.34 1.04 0.000 38.242 15:40:20.95
75 -1 -23.0 -23.0 2.583 -2.952 0.0 0.0 0.0 36.7156692 -4.4911094 0.00 276.49 0.77 36.7156692 -4.4911132 0.00 270.34 1.04 0.000 38.242 15:40:21.04
75 -1 -23.0 -23.0 2.091 -2.706 0.0 0.0 0.0 36.7156693 -4.4911106 0.00 276.33 1.05 36.7156692 -4.4911144 0.00 270.35 1.02 0.000 38.242 15:40:21.15
75 -1 -23.0 -23.0 -0.369 -4.182 0.0 0.0 0.0 36.7156693 -4.4911106 0.00 276.33 1.05 36.7156692 -4.4911144 0.00 270.35 1.02 0.000 38.242 15:40:21.25
75 -1 -23.0 -23.0 2.952 -2.829 0.0 0.0 0.0 36.7156693 -4.4911106 0.00 276.33 1.05 36.7156692 -4.4911156 0.00 270.35 1.02 0.000 38.242 15:40:21.35
75 -1 -23.0 -23.0 1.230 -1.599 0.0 0.0 0.0 36.7156693 -4.4911131 0.00 272.49 1.04 36.7156692 -4.4911156 0.00 270.35 1.02 0.000 38.242 15:40:21.45
75 -1 -23.0 -23.0 5.289 -4.428 0.0 0.0 0.0 36.7156693 -4.4911131 0.00 272.49 1.04 36.7156692 -4.4911167 0.00 270.19 0.99 0.000 38.242 15:40:21.54
75 -1 -23.0 -23.0 2.337 -0.369 0.0 0.0 0.0 36.7156693 -4.4911141 0.00 272.49 0.71 36.7156692 -4.4911167 0.00 270.19 0.99 0.000 38.242 15:40:21.65
75 -1 -23.0 -23.0 3.567 -4.920 0.0 0.0 0.0 36.7156693 -4.4911141 0.00 272.49 0.71 36.7156693 -4.4911178 0.00 269.98 0.99 0.000 38.242 15:40:21.75
75 -1 -23.0 -23.0 0.738 0.738 0.0 0.0 0.0 36.7156693 -4.4911141 0.00 272.49 0.71 36.7156693 -4.4911178 0.00 269.98 0.99 0.000 38.242 15:40:21.85
75 -1 -23.0 -23.0 2.706 -2.583 0.0 0.0 0.0 36.7156693 -4.4911141 0.00 272.49 0.71 36.7156692 -4.4911189 0.00 269.69 0.94 0.000 38.242 15:40:21.95
75 -1 -23.0 -23.0 2.829 -2.460 0.0 0.0 0.0 36.7156693 -4.4911141 0.00 272.49 0.71 36.7156692 -4.4911189 0.00 269.69 0.94 0.000 38.242 15:40:22.04
75 0 -23.0 -23.0 1.476 -2.952 0.0 0.0 0.0 36.7156694 -4.4911164 0.00 272.64 1.04 36.7156692 -4.4911199 0.00 269.48 0.97 0.000 38.242 15:40:22.15
75 0 -23.0 -23.0 2.091 -4.551 0.0 0.0 0.0 36.7156694 -4.4911174 0.00 272.64 0.77 36.7156692 -4.4911199 0.00 269.48 0.97 0.000 38.242 15:40:22.25
75 0 -23.0 -23.0 1.968 -1.599 0.0 0.0 0.0 36.7156694 -4.4911174 0.00 272.64 0.77 36.7156692 -4.4911210 0.00 269.44 0.92 0.000 38.242 15:40:22.35
75 0 -23.0 -23.0 4.674 -5.166 0.0 0.0 0.0 36.7156694 -4.4911174 0.00 272.64 0.77 36.7156692 -4.4911210 0.00 269.44 0.92 0.000 38.242 15:40:22.45
75 0 -23.0 -23.0 2.952 -2.337 0.0 0.0 0.0 36.7156694 -4.4911174 0.00 272.64 0.77 36.7156692 -4.4911221 0.00 269.34 0.92 0.000 38.242 15:40:22.54
75 0 -23.0 -23.0 2.460 -3.936 0.0 0.0 0.0 36.7156694 -4.4911196 0.00 270.78 0.97 36.7156692 -4.4911221 0.00 269.34 0.92 0.000 38.242 15:40:22.65
75 0 -23.0 -23.0 0.246 -1.230 0.0 0.0 0.0 36.7156694 -4.4911196 0.00 270.78 0.97 36.7156692 -4.4911232 0.00 269.33 0.97 0.000 38.242 15:40:22.75
75 0 -23.0 -23.0 3.690 -5.289 0.0 0.0 0.0 36.7156694 -4.4911207 0.00 277.38 1.04 36.7156692 -4.4911232 0.00 269.33 0.97 0.000 38.242 15:40:22.85
75 0 -23.0 -23.0 -1.107 -3.444 0.0 0.0 0.0 36.7156694 -4.4911207 0.00 277.38 1.04 36.7156692 -4.4911243 0.00 269.43 1.03 0.000 38.242 15:40:22.95
75 0 -23.0 -23.0 2.583 -1.353 0.0 0.0 0.0 36.7156694 -4.4911207 0.00 277.38 1.04 36.7156692 -4.4911243 0.00 269.43 1.03 0.000 38.242 15:40:23.04
75 0 -22.2 -23.0 2.337 -5.289 0.0 0.0 0.0 36.7156694 -4.4911207 0.00 277.38 1.04 36.7156692 -4.4911255 0.00 269.55 0.99 0.000 38.027 15:40:23.15
75 0 -22.2 -23.0 2.214 -0.861 0.0 0.0 0.0 36.7156694 -4.4911207 0.00 277.38 1.04 36.7156692 -4.4911255 0.00 269.55 0.99 0.000 38.027 15:40:23.25
75 0 -22.2 -23.0 3.813 -5.412 0.0 0.0 0.0 36.7156693 -4.4911230 0.00 271.64 1.04 36.7156692 -4.4911266 0.00 269.57 0.99 0.000 38.027 15:40:23.35
75 0 -22.2 -23.0 0.984 -2.829 0.0 0.0 0.0 36.7156693 -4.4911241 0.00 269.33 0.99 36.7156692 -4.4911266 0.00 269.57 0.99 0.000 38.027 15:40:23.45
75 0 -22.2 -23.0 5.289 -3.321 0.0 0.0 0.0 36.7156693 -4.4911241 0.00 269.33 0.99 36.7156691 -4.4911277 0.00 269.65 0.97 0.000 38.027 15:40:23.54
75 0 -22.2 -23.0 -0.246 -5.166 0.0 0.0 0.0 36.7156693 -4.4911241 0.00 269.33 0.99 36.7156691 -4.4911277 0.00 269.65 0.97 0.000 38.027 15:40:23.65
75 0 -22.2 -23.0 2.460 -1.968 0.0 0.0 0.0 36.7156693 -4.4911241 0.00 269.33 0.99 36.7156691 -4.4911288 0.00 269.72 0.89 0.000 38.027 15:40:23.75
75 0 -22.2 -23.0 -0.738 -6.273 0.0 0.0 0.0 36.7156692 -4.4911264 0.00 272.74 1.18 36.7156691 -4.4911288 0.00 269.72 0.89 0.000 38.027 15:40:23.85
75 0 -22.2 -23.0 4.551 -1.107 0.0 0.0 0.0 36.7156692 -4.4911264 0.00 272.74 1.18 36.7156691 -4.4911299 0.00 269.81 0.91 0.000 38.027 15:40:23.95
75 0 -22.2 -23.0 0.861 -4.059 0.0 0.0 0.0 36.7156692 -4.4911274 0.00 272.74 0.78 36.7156691 -4.4911299 0.00 269.81 0.91 0.000 38.027 15:40:24.04
75 0 -22.2 -23.0 3.567 -1.476 0.0 0.0 0.0 36.7156692 -4.4911274 0.00 272.74 0.78 36.7156691 -4.4911309 0.00 269.85 0.97 0.000 38.027 15:40:24.15
75 0 -22.2 -23.0 6.027 -2.829 0.0 0.0 0.0 36.7156692 -4.4911274 0.00 272.74 0.78 36.7156691 -4.4911309 0.00 269.85 0.97 0.000 38.027 15:40:24.25
75 0 -22.2 -23.0 -0.246 -0.738 0.0 0.0 0.0 36.7156692 -4.4911274 0.00 272.74 0.78 36.7156691 -4.4911321 0.00 269.88 1.05 0.000 38.027 15:40:24.35
75 0 -22.2 -23.0 3.690 -0.984 0.0 0.0 0.0 36.7156692 -4.4911274 0.00 272.74 0.78 36.7156691 -4.4911321 0.00 269.88 1.05 0.000 38.027 15:40:24.45
75 0 -22.2 -23.0 0.123 -2.337 0.0 0.0 0.0 36.7156692 -4.4911297 0.00 271.69 1.08 36.7156691 -4.4911332 0.00 269.92 1.00 0.000 38.027 15:40:24.56
75 0 -22.2 -23.0 3.936 -1.845 0.0 0.0 0.0 36.7156692 -4.4911309 0.00 276.43 1.12 36.7156691 -4.4911332 0.00 269.92 1.00 0.000 38.027 15:40:24.65
75 0 -22.2 -23.0 7.134 -4.674 0.0 0.0 0.0 36.7156692 -4.4911309 0.00 276.43 1.12 36.7156691 -4.4911344 0.00 269.74 0.93 0.000 38.027 15:40:24.75
75 0 -22.2 -23.0 1.353 -0.861 0.0 0.0 0.0 36.7156692 -4.4911309 0.00 276.43 1.12 36.7156691 -4.4911344 0.00 269.74 0.93 0.000 38.027 15:40:24.85
75 0 -22.2 -23.0 5.658 -2.583 0.0 0.0 0.0 36.7156692 -4.4911309 0.00 276.43 1.12 36.7156691 -4.4911355 0.00 269.72 0.95 0.000 38.027 15:40:24.95
75 0 -22.2 -23.0 1.722 -0.861 0.0 0.0 0.0 36.7156692 -4.4911309 0.00 276.43 1.12 36.7156691 -4.4911355 0.00 269.72 0.95 0.000 38.027 15:40:25.06
75 0 -22.2 -23.0 4.551 -2.460 0.0 0.0 0.0 36.7156693 -4.4911331 0.00 275.10 1.06 36.7156691 -4.4911367 0.00 269.71 0.98 0.000 38.027 15:40:25.15
75 0 -22.2 -23.0 1.353 -2.706 0.0 0.0 0.0 36.7156693 -4.4911331 0.00 275.10 1.06 36.7156691 -4.4911367 0.00 269.71 0.98 0.000 38.027 15:40:25.25
75 0 -22.2 -23.0 3.444 -0.861 0.0 0.0 0.0 36.7156692 -4.4911342 0.00 264.75 0.99 36.7156691 -4.4911379 0.00 269.81 0.95 0.000 38.027 15:40:25.35
75 0 -22.2 -23.0 0.492 -3.198 0.0 0.0 0.0 36.7156692 -4.4911342 0.00 264.75 0.99 36.7156691 -4.4911379 0.00 269.81 0.95 0.000 38.027 15:40:25.45
75 0 -22.2 -23.0 1.476 -2.214 0.0 0.0 0.0 36.7156692 -4.4911342 0.00 264.75 0.99 36.7156691 -4.4911390 0.00 269.90 1.02 0.000 38.027 15:40:25.56
75 0 -22.2 -23.0 2.337 -2.214 0.0 0.0 0.0 36.7156692 -4.4911364 0.00 264.75 0.94 36.7156691 -4.4911390 0.00 269.90 1.02 0.000 38.027 15:40:25.65
75 0 -22.2 -23.0 1.968 -1.599 0.0 0.0 0.0 36.7156692 -4.4911364 0.00 264.75 0.94 36.7156691 -4.4911401 0.00 270.07 1.01 0.000 38.027 15:40:25.75
75 0 -22.2 -23.0 6.273 -2.091 0.0 0.0 0.0 36.7156692 -4.4911376 0.00 267.94 1.00 36.7156691 -4.4911401 0.00 270.07 1.01 0.000 38.027 15:40:25.85
75 0 -22.2 -23.0 2.214 -1.845 0.0 0.0 0.0 36.7156692 -4.4911376 0.00 267.94 1.00 36.7156690 -4.4911412 0.00 270.10 0.92 0.000 38.027 15:40:25.95
75 0 -22.2 -23.0 3.075 -3.444 0.0 0.0 0.0 36.7156692 -4.4911376 0.00 267.94 1.00 36.7156690 -4.4911412 0.00 270.10 0.92 0.000 38.027 15:40:26.06
75 0 -22.2 -23.0 3.813 -0.369 0.0 0.0 0.0 36.7156692 -4.4911376 0.00 267.94 1.00 36.7156691 -4.4911423 0.00 270.06 0.93 0.000 38.027 15:40:26.15
75 0 -22.2 -23.0 3.813 -3.198 0.0 0.0 0.0 36.7156692 -4.4911376 0.00 267.94 1.00 36.7156691 -4.4911423 0.00 270.06 0.93 0.000 38.027 15:40:26.26
75 0 -22.2 -23.0 5.166 -3.567 0.0 0.0 0.0 36.7156692 -4.4911398 0.00 272.14 0.98 36.7156691 -4.4911434 0.00 270.10 0.95 0.000 38.027 15:40:26.35
75 0 -22.2 -23.0 0.492 -3.198 0.0 0.0 0.0 36.7156692 -4.4911398 0.00 272.14 0.98 36.7156691 -4.4911434 0.00 270.10 0.95 0.000 38.027 15:40:26.45
75 0 -22.2 -23.0 3.321 -4.059 0.0 0.0 0.0 36.7156692 -4.4911409 0.00 275.48 1.02 36.7156691 -4.4911446 0.00 270.23 0.97 0.000 38.027 15:40:26.56
75 0 -22.2 -23.0 2.583 -1.107 0.0 0.0 0.0 36.7156692 -4.4911409 0.00 275.48 1.02 36.7156691 -4.4911446 0.00 270.23 0.97 0.000 38.027 15:40:26.65
75 0 -22.2 -23.0 3.198 -3.690 0.0 0.0 0.0 36.7156692 -4.4911409 0.00 275.48 1.02 36.7156691 -4.4911457 0.00 270.23 1.01 0.000 38.027 15:40:26.76
75 0 -22.2 -23.0 2.952 0.000 0.0 0.0 0.0 36.7156692 -4.4911432 0.00 273.81 0.99 36.7156691 -4.4911457 0.00 270.23 1.01 0.000 38.027 15:40:26.85
75 0 -22.2 -23.0 3.198 -2.583 0.0 0.0 0.0 36.7156692 -4.4911432 0.00 273.81 0.99 36.7156690 -4.4911468 0.00 270.27 0.98 0.000 38.027 15:40:26.95
75 0 -22.2 -23.0 3.075 -0.123 0.0 0.0 0.0 36.7156692 -4.4911432 0.00 273.81 0.99 36.7156690 -4.4911468 0.00 270.27 0.98 0.000 38.027 15:40:27.06
75 -1 -22.2 -23.0 3.936 -2.706 0.0 0.0 0.0 36.7156692 -4.4911442 0.00 273.81 0.80 36.7156691 -4.4911479 0.00 270.29 0.96 0.000 38.027 15:40:27.15
75 -1 -22.2 -23.0 0.492 -0.861 0.0 0.0 0.0 36.7156692 -4.4911442 0.00 273.81 0.80 36.7156691 -4.4911479 0.00 270.29 0.96 0.000 38.027 15:40:27.26
75 -1 -22.2 -23.0 5.166 -2.829 0.0 0.0 0.0 36.7156692 -4.4911442 0.00 273.81 0.80 36.7156691 -4.4911490 0.00 270.22 0.91 0.000 38.027 15:40:27.35
75 -1 -22.2 -23.0 2.214 -5.658 0.0 0.0 0.0 36.7156692 -4.4911442 0.00 273.81 0.80 36.7156691 -4.4911490 0.00 270.22 0.91 0.000 38.027 15:40:27.46
75 -1 -22.2 -23.0 2.337 -1.845 0.0 0.0 0.0 36.7156692 -4.4911463 0.00 277.60 0.87 36.7156691 -4.4911501 0.00 270.31 0.96 0.000 38.027 15:40:27.56
75 -1 -22.2 -23.0 2.460 -5.412 0.0 0.0 0.0 36.7156692 -4.4911475 0.00 276.92 1.11 36.7156691 -4.4911501 0.00 270.31 0.96 0.000 38.027 15:40:27.65
75 -1 -22.2 -23.0 2.952 -2.706 0.0 0.0 0.0 36.7156692 -4.4911475 0.00 276.92 1.11 36.7156691 -4.4911512 0.00 270.12 1.02 0.000 38.027 15:40:27.76
75 -1 -22.2 -23.0 3.198 -5.781 0.0 0.0 0.0 36.7156692 -4.4911475 0.00 276.92 1.11 36.7156691 -4.4911512 0.00 270.12 1.02 0.000 38.027 15:40:27.85
75 -1 -22.2 -23.0 0.369 -2.706 0.0 0.0 0.0 36.7156692 -4.4911475 0.00 276.92 1.11 36.7156691 -4.4911524 0.00 270.06 1.05 0.000 38.027 15:40:27.96
75 -1 -22.2 -23.0 0.369 -2.706 0.0 0.0 0.0 36.7156692 -4.4911475 0.00 276.92 1.11 36.7156691 -4.4911524 0.00 270.06 1.05 0.000 38.027 15:40:28.06
75 -1 -23.4 -23.0 -0.369 -3.813 0.0 0.0 0.0 36.7156692 -4.4911497 0.00 270.73 1.01 36.7156690 -4.4911536 0.00 269.91 1.03 0.000 38.027 15:40:28.15
75 -1 -23.4 -23.0 1.968 -2.337 0.0 0.0 0.0 36.7156692 -4.4911497 0.00 270.73 1.01 36.7156690 -4.4911536 0.00 269.91 1.03 0.000 38.027 15:40:28.26
75 -1 -23.4 -23.0 -0.738 -1.476 0.0 0.0 0.0 36.7156692 -4.4911510 0.00 271.62 1.11 36.7156691 -4.4911548 0.00 269.82 1.02 0.000 38.027 15:40:28.35
75 -1 -23.4 -23.0 -0.738 -1.476 0.0 0.0 0.0 36.7156692 -4.4911510 0.00 271.62 1.11 36.7156691 -4.4911548 0.00 269.82 1.02 0.000 38.027 15:40:28.46
75 -1 -23.4 -23.0 0.369 -4.182 0.0 0.0 0.0 36.7156692 -4.4911510 0.00 271.62 1.11 36.7156690 -4.4911559 0.00 269.67 0.99 0.000 38.027 15:40:28.56
75 -1 -23.4 -23.0 0.369 -4.182 0.0 0.0 0.0 36.7156692 -4.4911532 0.00 274.54 0.85 36.7156690 -4.4911559 0.00 269.67 0.99 0.000 38.027 15:40:28.67
75 -1 -23.4 -23.0 0.000 -2.706 0.0 0.0 0.0 36.7156692 -4.4911532 0.00 274.54 0.85 36.7156690 -4.4911570 0.00 269.48 0.97 0.000 38.027 15:40:28.76
75 -1 -23.4 -23.0 -0.369 -4.428 0.0 0.0 0.0 36.7156692 -4.4911532 0.00 274.54 0.85 36.7156690 -4.4911570 0.00 269.48 0.97 0.000 38.027 15:40:28.85
75 -1 -23.4 -23.0 -0.369 -4.428 0.0 0.0 0.0 36.7156691 -4.4911544 0.00 269.91 1.13 36.7156690 -4.4911580 0.00 269.33 0.97 0.000 38.027 15:40:28.96
75 -1 -23.4 -23.0 -0.123 -3.936 0.0 0.0 0.0 36.7156691 -4.4911544 0.00 269.91 1.13 36.7156690 -4.4911580 0.00 269.33 0.97 0.000 38.027 15:40:29.06
75 -1 -23.4 -23.0 -0.123 -3.936 0.0 0.0 0.0 36.7156691 -4.4911544 0.00 269.91 1.13 36.7156689 -4.4911591 0.00 269.22 0.95 0.000 38.027 15:40:29.17
75 -1 -23.4 -23.0 0.123 -2.706 0.0 0.0 0.0 36.7156691 -4.4911544 0.00 269.91 1.13 36.7156689 -4.4911591 0.00 269.22 0.95 0.000 38.027 15:40:29.26
75 0 -23.4 -23.0 0.123 -2.706 0.0 0.0 0.0 36.7156691 -4.4911566 0.00 270.24 0.88 36.7156689 -4.4911602 0.00 269.05 0.99 0.000 38.027 15:40:29.37
75 0 -23.4 -23.0 4.674 -7.134 0.0 0.0 0.0 36.7156691 -4.4911566 0.00 270.24 0.88 36.7156689 -4.4911602 0.00 269.05 0.99 0.000 38.027 15:40:29.46
75 0 -23.4 -23.0 -0.492 0.123 0.0 0.0 0.0 36.7156691 -4.4911577 0.00 270.24 0.92 36.7156689 -4.4911612 0.00 268.96 0.96 0.000 38.027 15:40:29.56
75 0 -23.4 -23.0 2.337 -4.797 0.0 0.0 0.0 36.7156691 -4.4911577 0.00 270.24 0.92 36.7156689 -4.4911612 0.00 268.96 0.96 0.000 38.027 15:40:29.67
75 0 -23.4 -23.0 2.952 -4.059 0.0 0.0 0.0 36.7156691 -4.4911577 0.00 270.24 0.92 36.7156689 -4.4911624 0.00 268.77 0.94 0.000 38.027 15:40:29.76
75 0 -23.4 -23.0 2.829 -0.369 0.0 0.0 0.0 36.7156690 -4.4911600 0.00 274.68 0.92 36.7156689 -4.4911624 0.00 268.77 0.94 0.000 38.027 15:40:29.87
75 0 -23.4 -23.0 2.214 -2.583 0.0 0.0 0.0 36.7156690 -4.4911600 0.00 274.68 0.92 36.7156689 -4.4911635 0.00 268.74 0.92 0.000 38.027 15:40:29.96
75 0 -23.4 -23.0 1.476 -1.353 0.0 0.0 0.0 36.7156690 -4.4911600 0.00 274.68 0.92 36.7156689 -4.4911635 0.00 268.74 0.92 0.000 38.027 15:40:30.07
75 0 -23.4 -23.0 4.428 -5.166 0.0 0.0 0.0 36.7156690 -4.4911600 0.00 274.68 0.92 36.7156689 -4.4911635 0.00 268.74 0.92 0.000 38.027 15:40:30.17
75 0 -23.4 -23.0 3.813 1.353 0.0 0.0 0.0 36.7156691 -4.4911611 0.00 274.68 0.85 36.7156689 -4.4911646 0.00 268.61 0.97 0.000 38.027 15:40:30.26
75 0 -23.4 -23.0 3.936 -0.984 0.0 0.0 0.0 36.7156691 -4.4911611 0.00 274.68 0.85 36.7156689 -4.4911657 0.00 268.59 0.89 0.000 38.027 15:40:30.37
75 0 -23.4 -23.0 2.583 -2.337 0.0 0.0 0.0 36.7156691 -4.4911611 0.00 274.68 0.85 36.7156689 -4.4911657 0.00 268.59 0.89 0.000 38.027 15:40:30.46
75 0 -23.4 -23.0 4.674 0.492 0.0 0.0 0.0 36.7156690 -4.4911634 0.00 272.17 0.97 36.7156688 -4.4911669 0.00 268.63 0.98 0.000 38.027 15:40:30.57
75 0 -23.4 -23.0 2.214 -1.107 0.0 0.0 0.0 36.7156690 -4.4911634 0.00 272.17 0.97 36.7156688 -4.4911669 0.00 268.63 0.98 0.000 38.027 15:40:30.67
75 0 -23.4 -23.0 2.952 -0.984 0.0 0.0 0.0 36.7156690 -4.4911644 0.00 272.17 0.82 36.7156688 -4.4911680 0.00 268.80 1.00 0.000 38.027 15:40:30.76
75 0 -23.4 -23.0 5.166 -5.535 0.0 0.0 0.0 36.7156690 -4.4911644 0.00 272.17 0.82 36.7156688 -4.4911680 0.00 268.80 1.00 0.000 38.027 15:40:30.87
75 0 -23.4 -23.0 1.599 -1.968 0.0 0.0 0.0 36.7156690 -4.4911644 0.00 272.17 0.82 36.7156688 -4.4911692 0.00 268.80 0.98 0.000 38.027 15:40:30.96
75 0 -23.4 -23.0 3.321 -5.904 0.0 0.0 0.0 36.7156690 -4.4911644 0.00 272.17 0.82 36.7156688 -4.4911692 0.00 268.80 0.98 0.000 38.027 15:40:31.07
75 0 -23.4 -23.0 3.567 -1.599 0.0 0.0 0.0 36.7156689 -4.4911667 0.00 271.12 1.11 36.7156687 -4.4911703 0.00 268.84 1.00 0.000 38.027 15:40:31.17
75 0 -23.4 -23.0 2.460 -3.936 0.0 0.0 0.0 36.7156689 -4.4911667 0.00 271.12 1.11 36.7156687 -4.4911703 0.00 268.84 1.00 0.000 38.027 15:40:31.26
75 -1 -23.4 -23.0 1.968 -2.706 0.0 0.0 0.0 36.7156689 -4.4911678 0.00 271.12 0.97 36.7156687 -4.4911714 0.00 269.10 0.94 0.000 38.027 15:40:31.37
75 -1 -23.4 -23.0 3.444 -3.198 0.0 0.0 0.0 36.7156689 -4.4911678 0.00 271.12 0.97 36.7156687 -4.4911725 0.00 269.34 1.00 0.000 38.027 15:40:31.46
75 -1 -23.4 -23.0 -0.738 -2.829 0.0 0.0 0.0 36.7156689 -4.4911678 0.00 271.12 0.97 36.7156687 -4.4911725 0.00 269.34 1.00 0.000 38.027 15:40:31.57
75 -1 -23.4 -23.0 1.968 -5.658 0.0 0.0 0.0 36.7156688 -4.4911699 0.00 271.12 0.86 36.7156687 -4.4911736 0.00 269.50 0.99 0.000 38.027 15:40:31.67
75 -1 -23.4 -23.0 -0.369 -3.075 0.0 0.0 0.0 36.7156688 -4.4911699 0.00 271.12 0.86 36.7156687 -4.4911736 0.00 269.50 0.99 0.000 38.027 15:40:31.78
75 -1 -23.4 -23.0 2.829 -6.642 0.0 0.0 0.0 36.7156688 -4.4911711 0.00 270.41 1.14 36.7156686 -4.4911748 0.00 269.31 0.97 0.000 38.027 15:40:31.87
75 -1 -23.4 -23.0 0.492 -4.182 0.0 0.0 0.0 36.7156688 -4.4911711 0.00 270.41 1.14 36.7156686 -4.4911748 0.00 269.31 0.97 0.000 38.027 15:40:31.96
75 -1 -23.4 -23.0 1.599 -3.813 0.0 0.0 0.0 36.7156688 -4.4911711 0.00 270.41 1.14 36.7156686 -4.4911759 0.00 269.12 1.01 0.000 38.027 15:40:32.07
75 0 -23.4 -23.0 1.599 -4.305 0.0 0.0 0.0 36.7156688 -4.4911711 0.00 270.41 1.14 36.7156686 -4.4911759 0.00 269.12 1.01 0.000 38.027 15:40:32.17
75 0 -23.4 -23.0 2.091 -1.476 0.0 0.0 0.0 36.7156688 -4.4911733 0.00 270.05 0.84 36.7156685 -4.4911771 0.00 268.89 1.04 0.000 38.027 15:40:32.28
75 0 -23.4 -23.0 3.198 -7.872 0.0 0.0 0.0 36.7156688 -4.4911733 0.00 270.05 0.84 36.7156685 -4.4911771 0.00 268.89 1.04 0.000 38.027 15:40:32.37
75 0 -23.4 -23.0 0.369 -2.214 0.0 0.0 0.0 36.7156687 -4.4911744 0.00 269.74 1.00 36.7156685 -4.4911782 0.00 268.75 1.00 0.000 38.027 15:40:32.46
75 0 -23.4 -23.0 4.551 -4.674 0.0 0.0 0.0 36.7156687 -4.4911744 0.00 269.74 1.00 36.7156685 -4.4911782 0.00 268.75 1.00 0.000 38.027 15:40:32.57
75 0 -23.4 -23.0 -0.369 0.492 0.0 0.0 0.0 36.7156687 -4.4911744 0.00 269.74 1.00 36.7156685 -4.4911793 0.00 268.69 0.97 0.000 38.027 15:40:32.67
75 0 -23.4 -23.0 6.519 -4.059 0.0 0.0 0.0 36.7156687 -4.4911744 0.00 269.74 1.00 36.7156685 -4.4911793 0.00 268.69 0.97 0.000 38.027 15:40:32.78
75 0 -23.4 -23.0 0.246 -0.615 0.0 0.0 0.0 36.7156687 -4.4911768 0.00 270.19 1.18 36.7156685 -4.4911804 0.00 268.75 0.95 0.000 38.027 15:40:32.87
75 0 -23.4 -23.0 4.182 -2.337 0.0 0.0 0.0 36.7156687 -4.4911768 0.00 270.19 1.18 36.7156685 -4.4911804 0.00 268.75 0.95 0.000 38.027 15:40:32.98
75 0 -23.4 -23.0 3.198 -3.813 0.0 0.0 0.0 36.7156687 -4.4911779 0.00 270.19 0.87 36.7156684 -4.4911815 0.00 268.65 0.98 0.000 38.027 15:40:33.07
75 0 -22.6 -22.6 0.738 -0.615 0.0 0.0 0.0 36.7156687 -4.4911779 0.00 270.19 0.87 36.7156684 -4.4911815 0.00 268.65 0.98 0.000 38.027 15:40:33.17
75 0 -22.6 -22.6 5.043 -3.321 0.0 0.0 0.0 36.7156687 -4.4911779 0.00 270.19 0.87 36.7156684 -4.4911827 0.00 268.53 1.04 0.000 38.027 15:40:33.28
75 0 -22.6 -22.6 2.829 -0.246 0.0 0.0 0.0 36.7156687 -4.4911779 0.00 270.19 0.87 36.7156684 -4.4911827 0.00 268.53 1.04 0.000 38.027 15:40:33.37
75 0 -22.6 -22.6 6.519 -2.214 0.0 0.0 0.0 36.7156686 -4.4911802 0.00 270.21 0.99 36.7156684 -4.4911839 0.00 268.50 0.99 0.000 38.027 15:40:33.48
75 0 -22.6 -22.6 1.107 0.861 0.0 0.0 0.0 36.7156686 -4.4911802 0.00 270.21 0.99 36.7156684 -4.4911839 0.00 268.50 0.99 0.000 38.027 15:40:33.57
75 0 -22.6 -22.6 3.690 -1.968 0.0 0.0 0.0 36.7156686 -4.4911812 0.00 270.21 0.80 36.7156685 -4.4911850 0.00 268.45 1.08 0.000 38.027 15:40:33.67
75 0 -22.6 -22.6 3.444 -2.706 0.0 0.0 0.0 36.7156686 -4.4911812 0.00 270.21 0.80 36.7156685 -4.4911850 0.00 268.45 1.08 0.000 38.027 15:40:33.78
75 0 -22.6 -22.6 3.321 -0.246 0.0 0.0 0.0 36.7156686 -4.4911812 0.00 270.21 0.80 36.7156684 -4.4911862 0.00 268.46 1.00 0.000 38.027 15:40:33.87
75 0 -22.6 -22.6 2.583 -2.091 0.0 0.0 0.0 36.7156686 -4.4911812 0.00 270.21 0.80 36.7156684 -4.4911862 0.00 268.46 1.00 0.000 38.027 15:40:33.98
75 0 -22.6 -22.6 3.075 -2.337 0.0 0.0 0.0 36.7156685 -4.4911836 0.00 267.79 0.99 36.7156684 -4.4911873 0.00 268.48 0.96 0.000 38.027 15:40:34.07
75 0 -22.6 -22.6 5.043 -3.321 0.0 0.0 0.0 36.7156685 -4.4911836 0.00 267.79 0.99 36.7156684 -4.4911873 0.00 268.48 0.96 0.000 38.027 15:40:34.18
75 0 -22.6 -22.6 1.107 -0.369 0.0 0.0 0.0 36.7156685 -4.4911846 0.00 267.79 0.85 36.7156683 -4.4911884 0.00 268.60 0.96 0.000 38.027 15:40:34.28
75 0 -22.6 -22.6 4.920 -3.936 0.0 0.0 0.0 36.7156685 -4.4911846 0.00 267.79 0.85 36.7156683 -4.4911884 0.00 268.60 0.96 0.000 38.027 15:40:34.37
75 0 -22.6 -22.6 2.214 -1.845 0.0 0.0 0.0 36.7156685 -4.4911846 0.00 267.79 0.85 36.7156682 -4.4911895 0.00 268.74 0.98 0.000 38.027 15:40:34.48
75 0 -22.6 -22.6 3.198 -3.813 0.0 0.0 0.0 36.7156685 -4.4911846 0.00 267.79 0.85 36.7156682 -4.4911895 0.00 268.74 0.98 0.000 38.027 15:40:34.57
75 0 -22.6 -22.6 -0.615 -3.444 0.0 0.0 0.0 36.7156684 -4.4911868 0.00 266.99 1.12 36.7156682 -4.4911906 0.00 268.99 0.97 0.000 38.027 15:40:34.68
75 0 -22.6 -22.6 -0.246 -1.845 0.0 0.0 0.0 36.7156684 -4.4911868 0.00 266.99 1.12 36.7156682 -4.4911906 0.00 268.99 0.97 0.000 38.027 15:40:34.78
75 0 -22.6 -22.6 2.091 -4.182 0.0 0.0 0.0 36.7156683 -4.4911879 0.00 266.99 0.90 36.7156682 -4.4911917 0.00 269.16 0.96 0.000 38.027 15:40:34.89
75 0 -22.6 -22.6 1.107 -1.722 0.0 0.0 0.0 36.7156683 -4.4911879 0.00 266.99 0.90 36.7156682 -4.4911917 0.00 269.16 0.96 0.000 38.027 15:40:34.98
75 0 -22.6 -22.6 3.075 -5.043 0.0 0.0 0.0 36.7156683 -4.4911879 0.00 266.99 0.90 36.7156681 -4.4911928 0.00 269.49 0.97 0.000 38.027 15:40:35.07
75 0 -22.6 -22.6 2.460 -3.690 0.0 0.0 0.0 36.7156683 -4.4911879 0.00 266.99 0.90 36.7156681 -4.4911928 0.00 269.49 0.97 0.000 38.027 15:40:35.18
75 0 -22.6 -22.6 2.829 -4.797 0.0 0.0 0.0 36.7156683 -4.4911902 0.00 269.82 0.92 36.7156681 -4.4911940 0.00 269.70 0.96 0.000 38.027 15:40:35.28
75 -1 -22.6 -22.6 1.845 -1.722 0.0 0.0 0.0 36.7156683 -4.4911902 0.00 269.82 0.92 36.7156681 -4.4911940 0.00 269.70 0.96 0.000 38.027 15:40:35.39
75 -1 -22.6 -22.6 2.214 -3.075 0.0 0.0 0.0 36.7156683 -4.4911913 0.00 269.82 0.92 36.7156682 -4.4911951 0.00 269.77 0.94 0.000 38.027 15:40:35.48
75 -1 -22.6 -22.6 -0.861 -1.476 0.0 0.0 0.0 36.7156683 -4.4911913 0.00 269.82 0.92 36.7156682 -4.4911951 0.00 269.77 0.94 0.000 38.027 15:40:35.59
75 -1 -22.6 -22.6 0.492 -1.722 0.0 0.0 0.0 36.7156683 -4.4911913 0.00 269.82 0.92 36.7156682 -4.4911962 0.00 269.73 0.88 0.000 38.027 15:40:35.68
75 -1 -22.6 -22.6 3.075 -2.952 0.0 0.0 0.0 36.7156683 -4.4911913 0.00 269.82 0.92 36.7156682 -4.4911962 0.00 269.73 0.88 0.000 38.027 15:40:35.78
75 -1 -22.6 -22.6 2.706 -0.861 0.0 0.0 0.0 36.7156683 -4.4911936 0.00 274.90 0.98 36.7156682 -4.4911973 0.00 269.47 0.97 0.000 38.027 15:40:35.89
75 -1 -22.6 -22.6 4.182 -4.428 0.0 0.0 0.0 36.7156683 -4.4911936 0.00 274.90 0.98 36.7156682 -4.4911973 0.00 269.47 0.97 0.000 38.027 15:40:35.98
75 -1 -22.6 -22.6 1.476 -2.091 0.0 0.0 0.0 36.7156683 -4.4911947 0.00 274.90 0.90 36.7156682 -4.4911984 0.00 269.23 0.94 0.000 38.027 15:40:36.09
75 -1 -22.6 -22.6 4.797 -4.428 0.0 0.0 0.0 36.7156683 -4.4911947 0.00 274.90 0.90 36.7156682 -4.4911984 0.00 269.23 0.94 0.000 38.027 15:40:36.18
75 -1 -22.6 -22.6 1.599 -1.353 0.0 0.0 0.0 36.7156683 -4.4911947 0.00 274.90 0.90 36.7156682 -4.4911995 0.00 269.04 0.97 0.000 38.027 15:40:36.29
75 0 -22.6 -22.6 3.075 -4.920 0.0 0.0 0.0 36.7156683 -4.4911947 0.00 274.90 0.90 36.7156682 -4.4911995 0.00 269.04 0.97 0.000 38.027 15:40:36.39
75 0 -22.6 -22.6 0.861 0.000 0.0 0.0 0.0 36.7156683 -4.4911968 0.00 274.90 0.93 36.7156682 -4.4912006 0.00 269.00 0.95 0.000 38.027 15:40:36.48
75 0 -22.6 -22.6 2.952 -4.059 0.0 0.0 0.0 36.7156683 -4.4911968 0.00 274.90 0.93 36.7156682 -4.4912006 0.00 269.00 0.95 0.000 38.027 15:40:36.59
75 0 -22.6 -22.6 0.369 -2.706 0.0 0.0 0.0 36.7156683 -4.4911980 0.00 269.07 1.07 36.7156682 -4.4912017 0.00 268.84 0.97 0.000 38.027 15:40:36.68
75 0 -22.6 -22.6 2.952 -0.615 0.0 0.0 0.0 36.7156683 -4.4911980 0.00 269.07 1.07 36.7156682 -4.4912017 0.00 268.84 0.97 0.000 38.027 15:40:36.79
75 0 -22.6 -22.6 1.722 -4.182 0.0 0.0 0.0 36.7156683 -4.4911980 0.00 269.07 1.07 36.7156682 -4.4912029 0.00 268.81 1.02 0.000 38.027 15:40:36.89
75 0 -22.6 -22.6 1.599 0.738 0.0 0.0 0.0 36.7156683 -4.4911980 0.00 269.07 1.07 36.7156682 -4.4912029 0.00 268.81 1.02 0.000 38.027 15:40:37.00
75 0 -22.6 -22.6 4.797 -3.690 0.0 0.0 0.0 36.7156683 -4.4912002 0.00 272.58 1.23 36.7156682 -4.4912041 0.00 268.78 1.02 0.000 38.027 15:40:37.09
75 0 -22.6 -22.6 0.246 -0.492 0.0 0.0 0.0 36.7156683 -4.4912002 0.00 272.58 1.23 36.7156682 -4.4912041 0.00 268.78 1.02 0.000 38.027 15:40:37.18
75 0 -22.6 -22.6 4.674 -2.583 0.0 0.0 0.0 36.7156682 -4.4912014 0.00 266.32 1.05 36.7156681 -4.4912052 0.00 268.87 1.06 0.000 38.027 15:40:37.29
75 0 -22.6 -22.6 0.246 -2.829 0.0 0.0 0.0 36.7156682 -4.4912014 0.00 266.32 1.05 36.7156681 -4.4912052 0.00 268.87 1.06 0.000 38.027 15:40:37.39
75 0 -22.6 -22.6 1.722 -1.599 0.0 0.0 0.0 36.7156682 -4.4912014 0.00 266.32 1.05 36.7156681 -4.4912063 0.00 268.87 0.98 0.000 38.027 15:40:37.50
75 0 -22.6 -22.6 5.043 -5.781 0.0 0.0 0.0 36.7156682 -4.4912014 0.00 266.32 1.05 36.7156681 -4.4912063 0.00 268.87 0.98 0.000 38.027 15:40:37.59
75 0 -22.6 -22.6 1.476 -0.492 0.0 0.0 0.0 36.7156682 -4.4912037 0.00 268.31 0.83 36.7156681 -4.4912074 0.00 268.72 0.92 0.000 38.027 15:40:37.70
75 0 -22.6 -22.6 5.289 -4.674 0.0 0.0 0.0 36.7156682 -4.4912047 0.00 268.31 0.89 36.7156681 -4.4912074 0.00 268.72 0.92 0.000 38.027 15:40:37.79
75 0 -22.6 -22.6 0.984 -0.492 0.0 0.0 0.0 36.7156682 -4.4912047 0.00 268.31 0.89 36.7156680 -4.4912085 0.00 268.81 0.91 0.000 38.027 15:40:37.89
75 0 -22.6 -22.6 7.011 -2.952 0.0 0.0 0.0 36.7156682 -4.4912047 0.00 268.31 0.89 36.7156680 -4.4912085 0.00 268.81 0.91 0.000 38.027 15:40:38.00
75 0 -22.6 -22.6 -0.123 -1.230 0.0 0.0 0.0 36.7156682 -4.4912047 0.00 268.31 0.89 36.7156680 -4.4912097 0.00 269.03 1.02 0.000 38.027 15:40:38.09
75 0 -23.4 -23.4 1.845 -2.214 0.0 0.0 0.0 36.7156682 -4.4912047 0.00 268.31 0.89 36.7156680 -4.4912097 0.00 269.03 1.02 0.000 38.242 15:40:38.20
75 0 -23.4 -23.4 1.968 -5.166 0.0 0.0 0.0 36.7156682 -4.4912070 0.00 269.96 0.87 36.7156680 -4.4912108 0.00 269.31 0.98 0.000 38.242 15:40:38.29
75 -1 -23.4 -23.4 1.107 -1.107 0.0 0.0 0.0 36.7156682 -4.4912070 0.00 269.96 0.87 36.7156680 -4.4912108 0.00 269.31 0.98 0.000 38.242 15:40:38.39
75 -1 -23.4 -23.4 4.182 -6.519 0.0 0.0 0.0 36.7156681 -4.4912081 0.00 269.96 0.94 36.7156680 -4.4912119 0.00 269.37 1.07 0.000 38.242 15:40:38.50
75 -1 -23.4 -23.4 -1.476 -2.460 0.0 0.0 0.0 36.7156681 -4.4912081 0.00 269.96 0.94 36.7156680 -4.4912119 0.00 269.37 1.07 0.000 38.242 15:40:38.59
75 -1 -23.4 -23.4 3.198 -6.150 0.0 0.0 0.0 36.7156681 -4.4912081 0.00 269.96 0.94 36.7156680 -4.4912131 0.00 269.40 1.06 0.000 38.242 15:40:38.70
75 -1 -23.4 -23.4 -1.107 -3.813 0.0 0.0 0.0 36.7156681 -4.4912081 0.00 269.96 0.94 36.7156680 -4.4912131 0.00 269.40 1.06 0.000 38.242 15:40:38.79
75 -1 -23.4 -23.4 3.690 -3.936 0.0 0.0 0.0 36.7156680 -4.4912103 0.00 271.42 0.85 36.7156679 -4.4912143 0.00 269.24 0.99 0.000 38.242 15:40:38.89
75 -1 -23.4 -23.4 -1.599 -4.182 0.0 0.0 0.0 36.7156680 -4.4912103 0.00 271.42 0.85 36.7156679 -4.4912143 0.00 269.24 0.99 0.000 38.242 15:40:39.00
75 -1 -23.4 -23.4 0.984 -3.444 0.0 0.0 0.0 36.7156680 -4.4912115 0.00 269.79 1.13 36.7156679 -4.4912154 0.00 269.11 1.03 0.000 38.242 15:40:39.09
75 -1 -23.4 -23.4 4.059 -5.658 0.0 0.0 0.0 36.7156680 -4.4912115 0.00 269.79 1.13 36.7156679 -4.4912154 0.00 269.11 1.03 0.000 38.242 15:40:39.20
75 -1 -23.4 -23.4 -0.984 -2.829 0.0 0.0 0.0 36.7156680 -4.4912115 0.00 269.79 1.13 36.7156678 -4.4912166 0.00 268.92 1.00 0.000 38.242 15:40:39.29
75 0 -23.4 -23.4 2.337 -4.674 0.0 0.0 0.0 36.7156680 -4.4912115 0.00 269.79 1.13 36.7156678 -4.4912166 0.00 268.92 1.00 0.000 38.242 15:40:39.40
75 0 -23.4 -23.4 2.460 -2.829 0.0 0.0 0.0 36.7156680 -4.4912137 0.00 269.79 0.94 36.7156678 -4.4912177 0.00 268.83 1.02 0.000 38.242 15:40:39.50
75 0 -23.4 -23.4 6.027 -2.583 0.0 0.0 0.0 36.7156680 -4.4912137 0.00 269.79 0.94 36.7156678 -4.4912177 0.00 268.83 1.02 0.000 38.242 15:40:39.59
75 0 -23.4 -23.4 1.476 -1.353 0.0 0.0 0.0 36.7156680 -4.4912149 0.00 273.02 1.01 36.7156678 -4.4912187 0.00 268.66 1.01 0.000 38.242 15:40:39.70
75 0 -23.4 -23.4 0.984 -2.214 0.0 0.0 0.0 36.7156680 -4.4912149 0.00 273.02 1.01 36.7156678 -4.4912187 0.00 268.66 1.01 0.000 38.242 15:40:39.79
75 0 -23.4 -23.4 3.198 -3.075 0.0 0.0 0.0 36.7156680 -4.4912149 0.00 273.02 1.01 36.7156679 -4.4912198 0.00 268.67 0.98 0.000 38.242 15:40:39.90
75 0 -23.4 -23.4 2.214 -1.599 0.0 0.0 0.0 36.7156680 -4.4912149 0.00 273.02 1.01 36.7156679 -4.4912198 0.00 268.67 0.98 0.000 38.242 15:40:40.00
75 0 -23.4 -23.4 4.182 -1.845 0.0 0.0 0.0 36.7156680 -4.4912171 0.00 272.33 0.91 36.7156678 -4.4912209 0.00 268.54 0.92 0.000 38.242 15:40:40.09
75 0 -23.4 -23.4 0.738 -2.091 0.0 0.0 0.0 36.7156680 -4.4912171 0.00 272.33 0.91 36.7156678 -4.4912209 0.00 268.54 0.92 0.000 38.242 15:40:40.20
75 0 -23.4 -23.4 4.551 -6.027 0.0 0.0 0.0 36.7156680 -4.4912181 0.00 272.33 0.91 36.7156678 -4.4912219 0.00 268.47 1.04 0.000 38.242 15:40:40.29
75 0 -23.4 -23.4 2.337 -1.230 0.0 0.0 0.0 36.7156680 -4.4912181 0.00 272.33 0.91 36.7156678 -4.4912219 0.00 268.47 1.04 0.000 38.242 15:40:40.40
75 0 -23.4 -23.4 4.059 -3.444 0.0 0.0 0.0 36.7156680 -4.4912181 0.00 272.33 0.91 36.7156678 -4.4912230 0.00 268.45 1.01 0.000 38.242 15:40:40.50
75 0 -23.4 -23.4 3.567 0.369 0.0 0.0 0.0 36.7156680 -4.4912181 0.00 272.33 0.91 36.7156678 -4.4912230 0.00 268.45 1.01 0.000 38.242 15:40:40.59
75 0 -23.4 -23.4 4.182 -1.845 0.0 0.0 0.0 36.7156679 -4.4912204 0.00 270.62 1.25 36.7156678 -4.4912242 0.00 268.43 1.06 0.000 38.242 15:40:40.70
75 0 -23.4 -23.4 2.706 -2.583 0.0 0.0 0.0 36.7156679 -4.4912204 0.00 270.62 1.25 36.7156678 -4.4912242 0.00 268.43 1.06 0.000 38.242 15:40:40.79
75 0 -23.4 -23.4 2.460 -1.230 0.0 0.0 0.0 36.7156680 -4.4912214 0.00 270.62 0.78 36.7156678 -4.4912254 0.00 268.57 1.06 0.000 38.242 15:40:40.90
75 0 -23.4 -23.4 2.337 -1.722 0.0 0.0 0.0 36.7156680 -4.4912214 0.00 270.62 0.78 36.7156678 -4.4912254 0.00 268.57 1.06 0.000 38.242 15:40:41.00
75 0 -23.4 -23.4 3.813 0.615 0.0 0.0 0.0 36.7156680 -4.4912214 0.00 270.62 0.78 36.7156677 -4.4912266 0.00 268.67 1.05 0.000 38.242 15:40:41.10
75 0 -23.4 -23.4 5.904 -2.829 0.0 0.0 0.0 36.7156680 -4.4912214 0.00 270.62 0.78 36.7156677 -4.4912266 0.00 268.67 1.05 0.000 38.242 15:40:41.20
75 0 -23.4 -23.4 3.444 0.369 0.0 0.0 0.0 36.7156680 -4.4912238 0.00 274.33 1.11 36.7156677 -4.4912277 0.00 268.68 1.04 0.000 38.242 15:40:41.29
75 0 -23.4 -23.4 3.690 -3.813 0.0 0.0 0.0 36.7156680 -4.4912238 0.00 274.33 1.11 36.7156677 -4.4912277 0.00 268.68 1.04 0.000 38.242 15:40:41.40
75 0 -23.4 -23.4 3.690 0.861 0.0 0.0 0.0 36.7156679 -4.4912249 0.00 274.33 0.90 36.7156677 -4.4912288 0.00 268.74 0.98 0.000 38.242 15:40:41.50
75 0 -23.4 -23.4 4.059 -4.182 0.0 0.0 0.0 36.7156679 -4.4912249 0.00 274.33 0.90 36.7156677 -4.4912288 0.00 268.74 0.98 0.000 38.242 15:40:41.60
75 0 -23.4 -23.4 3.321 -0.861 0.0 0.0 0.0 36.7156679 -4.4912249 0.00 274.33 0.90 36.7156677 -4.4912299 0.00 268.81 0.97 0.000 38.242 15:40:41.70
75 0 -23.4 -23.4 4.305 -1.722 0.0 0.0 0.0 36.7156679 -4.4912249 0.00 274.33 0.90 36.7156677 -4.4912299 0.00 268.81 0.97 0.000 38.242 15:40:41.79
75 0 -23.4 -23.4 2.460 -2.952 0.0 0.0 0.0 36.7156679 -4.4912271 0.00 270.13 0.81 36.7156677 -4.4912310 0.00 268.85 0.95 0.000 38.242 15:40:41.90
75 -1 -23.4 -23.4 2.829 -0.246 0.0 0.0 0.0 36.7156679 -4.4912271 0.00 270.13 0.81 36.7156677 -4.4912310 0.00 268.85 0.95 0.000 38.242 15:40:42.00
75 -1 -23.4 -23.4 0.984 -5.289 0.0 0.0 0.0 36.7156678 -4.4912283 0.00 270.18 1.20 36.7156677 -4.4912322 0.00 268.93 1.02 0.000 38.242 15:40:42.10
75 -1 -23.4 -23.4 2.706 -0.369 0.0 0.0 0.0 36.7156678 -4.4912283 0.00 270.18 1.20 36.7156677 -4.4912322 0.00 268.93 1.02 0.000 38.242 15:40:42.20
75 -1 -23.4 -23.4 3.690 -3.690 0.0 0.0 0.0 36.7156678 -4.4912283 0.00 270.18 1.20 36.7156676 -4.4912333 0.00 269.08 0.97 0.000 38.242 15:40:42.29
75 -1 -23.4 -23.4 1.230 -2.091 0.0 0.0 0.0 36.7156678 -4.4912283 0.00 270.18 1.20 36.7156676 -4.4912333 0.00 269.08 0.97 0.000 38.242 15:40:42.40
75 -1 -23.4 -23.4 5.166 -3.321 0.0 0.0 0.0 36.7156678 -4.4912305 0.00 271.05 1.07 36.7156676 -4.4912344 0.00 269.11 1.02 0.000 38.242 15:40:42.50
75 -1 -23.4 -23.4 -1.107 -2.583 0.0 0.0 0.0 36.7156678 -4.4912305 0.00 271.05 1.07 36.7156676 -4.4912344 0.00 269.11 1.02 0.000 38.242 15:40:42.60
75 -1 -23.4 -23.4 5.658 -3.813 0.0 0.0 0.0 36.7156677 -4.4912316 0.00 271.05 0.91 36.7156676 -4.4912355 0.00 268.95 1.00 0.000 38.242 15:40:42.70
75 -1 -23.4 -23.4 0.984 -2.460 0.0 0.0 0.0 36.7156677 -4.4912316 0.00 271.05 0.91 36.7156676 -4.4912355 0.00 268.95 1.00 0.000 38.242 15:40:42.79
75 -1 -23.4 -23.4 3.075 -6.150 0.0 0.0 0.0 36.7156677 -4.4912316 0.00 271.05 0.91 36.7156675 -4.4912366 0.00 268.81 1.01 0.000 38.242 15:40:42.90
75 -1 -23.4 -23.4 -0.123 -4.551 0.0 0.0 0.0 36.7156677 -4.4912316 0.00 271.05 0.91 36.7156675 -4.4912366 0.00 268.81 1.01 0.000 38.242 15:40:43.00
75 -1 -23.4 -23.4 -0.861 -4.428 0.0 0.0 0.0 36.7156677 -4.4912339 0.00 271.65 1.09 36.7156675 -4.4912377 0.00 268.63 1.02 0.000 38.242 15:40:43.10
75 0 -24.1 -21.8 3.075 -5.904 0.0 0.0 0.0 36.7156677 -4.4912339 0.00 271.65 1.09 36.7156675 -4.4912377 0.00 268.63 1.02 0.000 38.027 15:40:43.20
75 0 -24.1 -21.8 -0.615 -4.674 0.0 0.0 0.0 36.7156676 -4.4912350 0.00 271.65 0.87 36.7156674 -4.4912388 0.00 268.52 0.98 0.000 38.027 15:40:43.29
75 0 -24.1 -21.8 4.551 -4.674 0.0 0.0 0.0 36.7156676 -4.4912350 0.00 271.65 0.87 36.7156674 -4.4912388 0.00 268.52 0.98 0.000 38.027 15:40:43.40
75 0 -24.1 -21.8 -0.369 -2.583 0.0 0.0 0.0 36.7156676 -4.4912350 0.00 271.65 0.87 36.7156674 -4.4912400 0.00 268.37 0.95 0.000 38.027 15:40:43.50
75 0 -24.1 -21.8 2.214 -3.813 0.0 0.0 0.0 36.7156676 -4.4912350 0.00 271.65 0.87 36.7156674 -4.4912400 0.00 268.37 0.95 0.000 38.027 15:40:43.60
75 0 -24.1 -21.8 -0.246 -2.214 0.0 0.0 0.0 36.7156676 -4.4912372 0.00 273.89 1.04 36.7156674 -4.4912411 0.00 268.43 1.00 0.000 38.027 15:40:43.70
75 0 -24.1 -21.8 1.476 -2.706 0.0 0.0 0.0 36.7156676 -4.4912372 0.00 273.89 1.04 36.7156674 -4.4912411 0.00 268.43 1.00 0.000 38.027 15:40:43.79
75 0 -24.1 -21.8 3.075 -1.599 0.0 0.0 0.0 36.7156675 -4.4912383 0.00 269.31 1.01 36.7156673 -4.4912422 0.00 268.47 1.06 0.000 38.027 15:40:43.90
75 0 -24.1 -21.8 -0.123 -0.615 0.0 0.0 0.0 36.7156675 -4.4912383 0.00 269.31 1.01 36.7156673 -4.4912422 0.00 268.47 1.06 0.000 38.027 15:40:44.00
75 0 -24.1 -21.8 6.027 -3.321 0.0 0.0 0.0 36.7156675 -4.4912383 0.00 269.31 1.01 36.7156673 -4.4912433 0.00 268.49 1.05 0.000 38.027 15:40:44.10
75 0 -24.1 -21.8 1.722 -0.615 0.0 0.0 0.0 36.7156675 -4.4912383 0.00 269.31 1.01 36.7156673 -4.4912433 0.00 268.49 1.05 0.000 38.027 15:40:44.20
75 0 -24.1 -21.8 4.797 -6.150 0.0 0.0 0.0 36.7156675 -4.4912406 0.00 268.75 0.83 36.7156673 -4.4912445 0.00 268.44 1.05 0.000 38.027 15:40:44.29
75 0 -24.1 -21.8 1.968 0.369 0.0 0.0 0.0 36.7156675 -4.4912406 0.00 268.75 0.83 36.7156673 -4.4912445 0.00 268.44 1.05 0.000 38.027 15:40:44.40
75 0 -24.1 -21.8 5.289 -4.428 0.0 0.0 0.0 36.7156675 -4.4912418 0.00 270.53 1.10 36.7156673 -4.4912455 0.00 268.37 0.95 0.000 38.027 15:40:44.50
75 0 -24.1 -21.8 0.492 -1.599 0.0 0.0 0.0 36.7156675 -4.4912418 0.00 270.53 1.10 36.7156673 -4.4912455 0.00 268.37 0.95 0.000 38.027 15:40:44.60
75 0 -24.1 -21.8 2.583 -3.690 0.0 0.0 0.0 36.7156675 -4.4912418 0.00 270.53 1.10 36.7156673 -4.4912467 0.00 268.34 0.98 0.000 38.027 15:40:44.70
75 1 -24.1 -21.8 3.690 -2.829 0.0 0.0 0.0 36.7156675 -4.4912418 0.00 270.53 1.10 36.7156673 -4.4912467 0.00 268.34 0.98 0.000 38.027 15:40:44.79
75 1 -24.1 -21.8 2.460 1.476 0.0 0.0 0.0 36.7156674 -4.4912440 0.00 270.09 0.88 36.7156672 -4.4912478 0.00 268.36 0.92 0.000 38.027 15:40:44.90
75 1 -24.1 -21.8 6.027 -3.075 0.0 0.0 0.0 36.7156674 -4.4912440 0.00 270.09 0.88 36.7156672 -4.4912478 0.00 268.36 0.92 0.000 38.027 15:40:45.00
75 1 -24.1 -21.8 5.166 0.738 0.0 0.0 0.0 36.7156674 -4.4912450 0.00 270.09 0.75 36.7156672 -4.4912489 0.00 268.39 1.06 0.000 38.027 15:40:45.10
75 1 -24.1 -21.8 3.813 -1.599 0.0 0.0 0.0 36.7156674 -4.4912450 0.00 270.09 0.75 36.7156672 -4.4912489 0.00 268.39 1.06 0.000 38.027 15:40:45.20
75 1 -24.1 -21.8 3.444 1.230 0.0 0.0 0.0 36.7156674 -4.4912450 0.00 270.09 0.75 36.7156672 -4.4912500 0.00 268.57 1.07 0.000 38.027 15:40:45.29
75 1 -24.1 -21.8 2.952 -0.123 0.0 0.0 0.0 36.7156674 -4.4912450 0.00 270.09 0.75 36.7156672 -4.4912500 0.00 268.57 1.07 0.000 38.027 15:40:45.40
75 1 -24.1 -21.8 3.075 -0.369 0.0 0.0 0.0 36.7156673 -4.4912474 0.00 264.10 1.20 36.7156672 -4.4912512 0.00 268.95 1.00 0.000 38.027 15:40:45.50
75 1 -24.1 -21.8 5.904 -1.353 0.0 0.0 0.0 36.7156673 -4.4912474 0.00 264.10 1.20 36.7156672 -4.4912512 0.00 268.95 1.00 0.000 38.027 15:40:45.60
75 1 -24.1 -21.8 4.305 -4.305 0.0 0.0 0.0 36.7156674 -4.4912484 0.00 264.10 0.92 36.7156672 -4.4912522 0.00 269.27 0.99 0.000 38.027 15:40:45.70
75 0 -24.1 -21.8 4.920 1.353 0.0 0.0 0.0 36.7156674 -4.4912484 0.00 264.10 0.92 36.7156672 -4.4912522 0.00 269.27 0.99 0.000 38.027 15:40:45.79
75 0 -24.1 -21.8 6.396 -4.305 0.0 0.0 0.0 36.7156674 -4.4912484 0.00 264.10 0.92 36.7156672 -4.4912533 0.00 269.70 1.03 0.000 38.027 15:40:45.90
75 0 -24.1 -21.8 2.829 0.738 0.0 0.0 0.0 36.7156674 -4.4912484 0.00 264.10 0.92 36.7156672 -4.4912533 0.00 269.70 1.03 0.000 38.027 15:40:46.00
75 0 -24.1 -21.8 3.567 -3.444 0.0 0.0 0.0 36.7156673 -4.4912507 0.00 268.69 1.11 36.7156672 -4.4912544 0.00 270.11 1.00 0.000 38.027 15:40:46.10
75 0 -24.1 -21.8 -0.369 -1.230 0.0 0.0 0.0 36.7156673 -4.4912507 0.00 268.69 1.11 36.7156672 -4.4912544 0.00 270.11 1.00 0.000 38.027 15:40:46.20
75 0 -24.1 -21.8 2.706 -1.968 0.0 0.0 0.0 36.7156672 -4.4912518 0.00 270.71 1.05 36.7156672 -4.4912554 0.00 270.24 0.96 0.000 38.027 15:40:46.29
75 -1 -24.1 -21.8 2.460 -5.289 0.0 0.0 0.0 36.7156672 -4.4912518 0.00 270.71 1.05 36.7156672 -4.4912554 0.00 270.24 0.96 0.000 38.027 15:40:46.40
75 -1 -24.1 -21.8 4.059 -0.984 0.0 0.0 0.0 36.7156672 -4.4912518 0.00 270.71 1.05 36.7156672 -4.4912566 0.00 270.31 1.01 0.000 38.027 15:40:46.50
75 -1 -24.1 -21.8 1.353 -3.936 0.0 0.0 0.0 36.7156672 -4.4912518 0.00 270.71 1.05 36.7156672 -4.4912566 0.00 270.31 1.01 0.000 38.027 15:40:46.60
75 -1 -24.1 -21.8 0.861 -1.845 0.0 0.0 0.0 36.7156673 -4.4912539 0.00 280.26 0.98 36.7156672 -4.4912577 0.00 270.35 0.97 0.000 38.027 15:40:46.70
75 -1 -24.1 -21.8 3.690 -6.642 0.0 0.0 0.0 36.7156673 -4.4912539 0.00 280.26 0.98 36.7156672 -4.4912577 0.00 270.35 0.97 0.000 38.027 15:40:46.79
75 -1 -24.1 -21.8 0.000 -2.091 0.0 0.0 0.0 36.7156672 -4.4912552 0.00 269.89 1.17 36.7156671 -4.4912588 0.00 270.35 1.03 0.000 38.027 15:40:46.90
75 -1 -24.1 -21.8 4.428 -4.551 0.0 0.0 0.0 36.7156672 -4.4912552 0.00 269.89 1.17 36.7156671 -4.4912588 0.00 270.35 1.03 0.000 38.027 15:40:47.00
75 -1 -24.1 -21.8 -0.984 -4.551 0.0 0.0 0.0 36.7156672 -4.4912552 0.00 269.89 1.17 36.7156672 -4.4912600 0.00 270.23 1.02 0.000 38.027 15:40:47.10
75 0 -24.1 -21.8 4.182 -4.551 0.0 0.0 0.0 36.7156672 -4.4912552 0.00 269.89 1.17 36.7156672 -4.4912600 0.00 270.23 1.02 0.000 38.027 15:40:47.20
75 0 -24.1 -21.8 0.123 -3.567 0.0 0.0 0.0 36.7156673 -4.4912574 0.00 269.89 0.95 36.7156672 -4.4912612 0.00 270.09 1.06 0.000 38.027 15:40:47.29
75 0 -24.1 -21.8 2.952 -1.968 0.0 0.0 0.0 36.7156673 -4.4912574 0.00 269.89 0.95 36.7156672 -4.4912612 0.00 270.09 1.06 0.000 38.027 15:40:47.40
75 0 -24.1 -21.8 3.690 -2.706 0.0 0.0 0.0 36.7156673 -4.4912584 0.00 269.89 0.82 36.7156672 -4.4912623 0.00 269.86 1.03 0.000 38.027 15:40:47.50
75 0 -24.1 -21.8 1.476 -2.460 0.0 0.0 0.0 36.7156673 -4.4912584 0.00 269.89 0.82 36.7156672 -4.4912623 0.00 269.86 1.03 0.000 38.027 15:40:47.60
75 0 -24.1 -21.8 4.305 -2.337 0.0 0.0 0.0 36.7156673 -4.4912584 0.00 269.89 0.82 36.7156672 -4.4912635 0.00 269.79 1.03 0.000 38.027 15:40:47.70
75 0 -24.1 -21.8 1.599 -1.107 0.0 0.0 0.0 36.7156673 -4.4912584 0.00 269.89 0.82 36.7156672 -4.4912635 0.00 269.79 1.03 0.000 38.027 15:40:47.79
75 0 -24.1 -21.8 7.134 -1.599 0.0 0.0 0.0 36.7156672 -4.4912608 0.00 268.88 0.91 36.7156672 -4.4912646 0.00 269.71 1.02 0.000 38.027 15:40:47.90
75 0 -24.1 -21.8 -0.738 -1.845 0.0 0.0 0.0 36.7156672 -4.4912608 0.00 268.88 0.91 36.7156672 -4.4912646 0.00 269.71 1.02 0.000 38.027 15:40:48.00
75 0 -24.1 -21.8 3.690 -2.337 0.0 0.0 0.0 36.7156672 -4.4912619 0.00 268.88 0.89 36.7156671 -4.4912658 0.00 269.67 1.03 0.000 38.027 15:40:48.10
75 0 -23.4 -22.6 2.337 0.984 0.0 0.0 0.0 36.7156672 -4.4912619 0.00 268.88 0.89 36.7156671 -4.4912658 0.00 269.67 1.03 0.000 38.027 15:40:48.20
75 0 -23.4 -22.6 2.952 -3.198 0.0 0.0 0.0 36.7156672 -4.4912619 0.00 268.88 0.89 36.7156671 -4.4912669 0.00 269.64 0.95 0.000 38.027 15:40:48.29
75 0 -23.4 -22.6 3.936 -1.230 0.0 0.0 0.0 36.7156672 -4.4912619 0.00 268.88 0.89 36.7156671 -4.4912669 0.00 269.64 0.95 0.000 38.027 15:40:48.40
75 0 -23.4 -22.6 0.246 -1.845 0.0 0.0 0.0 36.7156673 -4.4912642 0.00 273.84 1.07 36.7156672 -4.4912680 0.00 269.66 0.99 0.000 38.027 15:40:48.50
75 0 -23.4 -22.6 5.904 -2.583 0.0 0.0 0.0 36.7156673 -4.4912642 0.00 273.84 1.07 36.7156672 -4.4912680 0.00 269.66 0.99 0.000 38.027 15:40:48.60
75 0 -23.4 -22.6 0.738 -1.845 0.0 0.0 0.0 36.7156672 -4.4912653 0.00 273.84 0.92 36.7156672 -4.4912691 0.00 269.79 0.97 0.000 38.027 15:40:48.70
75 0 -23.4 -22.6 1.968 -1.968 0.0 0.0 0.0 36.7156672 -4.4912653 0.00 273.84 0.92 36.7156672 -4.4912691 0.00 269.79 0.97 0.000 38.027 15:40:48.79
75 0 -23.4 -22.6 4.305 -4.551 0.0 0.0 0.0 36.7156672 -4.4912653 0.00 273.84 0.92 36.7156672 -4.4912703 0.00 269.88 0.98 0.000 38.027 15:40:48.90
75 0 -23.4 -22.6 1.230 -1.722 0.0 0.0 0.0 36.7156672 -4.4912653 0.00 273.84 0.92 36.7156672 -4.4912703 0.00 269.88 0.98 0.000 38.027 15:40:49.00
75 0 -23.4 -22.6 7.503 -1.230 0.0 0.0 0.0 36.7156672 -4.4912675 0.00 268.47 1.09 36.7156672 -4.4912714 0.00 269.88 1.05 0.000 38.027 15:40:49.10
75 0 -23.4 -22.6 -0.984 -0.984 0.0 0.0 0.0 36.7156672 -4.4912675 0.00 268.47 1.09 36.7156672 -4.4912714 0.00 269.88 1.05 0.000 38.027 15:40:49.20
75 0 -23.4 -22.6 5.781 -3.567 0.0 0.0 0.0 36.7156672 -4.4912687 0.00 268.89 0.98 36.7156672 -4.4912725 0.00 270.00 1.03 0.000 38.027 15:40:49.29
75 -1 -23.4 -22.6 2.952 0.123 0.0 0.0 0.0 36.7156672 -4.4912687 0.00 268.89 0.98 36.7156672 -4.4912725 0.00 270.00 1.03 0.000 38.027 15:40:49.40
75 -1 -23.4 -22.6 5.166 -2.952 0.0 0.0 0.0 36.7156672 -4.4912687 0.00 268.89 0.98 36.7156672 -4.4912736 0.00 269.84 0.98 0.000 38.027 15:40:49.50
75 -1 -23.4 -22.6 2.706 0.123 0.0 0.0 0.0 36.7156672 -4.4912687 0.00 268.89 0.98 36.7156672 -4.4912736 0.00 269.84 0.98 0.000 38.027 15:40:49.60
75 -1 -23.4 -22.6 2.583 -3.444 0.0 0.0 0.0 36.7156672 -4.4912708 0.00 278.27 0.85 36.7156672 -4.4912748 0.00 269.87 1.01 0.000 38.027 15:40:49.70
75 0 -23.4 -22.6 2.091 -2.829 0.0 0.0 0.0 36.7156672 -4.4912708 0.00 278.27 0.85 36.7156672 -4.4912748 0.00 269.87 1.01 0.000 38.027 15:40:49.79
75 0 -23.4 -22.6 2.583 -3.936 0.0 0.0 0.0 36.7156672 -4.4912721 0.00 270.85 1.22 36.7156672 -4.4912760 0.00 269.79 1.07 0.000 38.027 15:40:49.90
75 0 -23.4 -22.6 2.337 -3.813 0.0 0.0 0.0 36.7156672 -4.4912721 0.00 270.85 1.22 36.7156672 -4.4912760 0.00 269.79 1.07 0.000 38.027 15:40:50.00
75 0 -23.4 -22.6 1.353 -0.492 0.0 0.0 0.0 36.7156672 -4.4912721 0.00 270.85 1.22 36.7156672 -4.4912772 0.00 269.65 1.08 0.000 38.027 15:40:50.10
75 0 -23.4 -22.6 4.674 -4.305 0.0 0.0 0.0 36.7156672 -4.4912721 0.00 270.85 1.22 36.7156672 -4.4912772 0.00 269.65 1.08 0.000 38.027 15:40:50.20
75 0 -23.4 -22.6 3.444 0.000 0.0 0.0 0.0 36.7156672 -4.4912744 0.00 277.37 1.15 36.7156671 -4.4912784 0.00 269.76 1.12 0.000 38.027 15:40:50.29
75 0 -23.4 -22.6 4.059 -5.166 0.0 0.0 0.0 36.7156672 -4.4912744 0.00 277.37 1.15 36.7156671 -4.4912784 0.00 269.76 1.12 0.000 38.027 15:40:50.40
75 0 -23.4 -22.6 3.567 1.845 0.0 0.0 0.0 36.7156672 -4.4912755 0.00 272.02 0.99 36.7156671 -4.4912796 0.00 269.88 1.13 0.000 38.027 15:40:50.50
75 0 -23.4 -22.6 2.952 -3.321 0.0 0.0 0.0 36.7156672 -4.4912755 0.00 272.02 0.99 36.7156671 -4.4912796 0.00 269.88 1.13 0.000 38.027 15:40:50.60
75 0 -23.4 -22.6 1.353 -0.369 0.0 0.0 0.0 36.7156672 -4.4912755 0.00 272.02 0.99 36.7156671 -4.4912808 0.00 270.02 1.05 0.000 38.027 15:40:50.70
75 0 -23.4 -22.6 3.444 -3.198 0.0 0.0 0.0 36.7156672 -4.4912755 0.00 272.02 0.99 36.7156671 -4.4912808 0.00 270.02 1.05 0.000 38.027 15:40:50.79
75 0 -23.4 -22.6 0.369 -2.091 0.0 0.0 0.0 36.7156672 -4.4912779 0.00 277.27 1.00 36.7156671 -4.4912818 0.00 270.04 0.95 0.000 38.027 15:40:50.90
75 -1 -23.4 -22.6 4.182 -3.444 0.0 0.0 0.0 36.7156672 -4.4912779 0.00 277.27 1.00 36.7156671 -4.4912818 0.00 270.04 0.95 0.000 38.027 15:40:51.00
75 -1 -23.4 -22.6 -0.123 -3.321 0.0 0.0 0.0 36.7156672 -4.4912790 0.00 277.27 0.85 36.7156671 -4.4912829 0.00 270.13 0.93 0.000 38.027 15:40:51.10
75 -1 -23.4 -22.6 2.337 -3.198 0.0 0.0 0.0 36.7156672 -4.4912790 0.00 277.27 0.85 36.7156671 -4.4912829 0.00 270.13 0.93 0.000 38.027 15:40:51.20
75 -1 -23.4 -22.6 1.968 -4.305 0.0 0.0 0.0 36.7156672 -4.4912790 0.00 277.27 0.85 36.7156671 -4.4912839 0.00 270.23 0.89 0.000 38.027 15:40:51.29
0 0 -23.4 -22.6 2.091 -2.706 0.0 0.0 0.0 36.7156672 -4.4912790 0.00 277.27 0.85 36.7156671 -4.4912839 0.00 270.23 0.89 0.000 38.027 15:40:51.40
0 0 -23.4 -22.6 -41.205 28.290 0.0 0.0 0.0 36.7156672 -4.4912810 0.00 275.33 0.98 36.7156671 -4.4912848 0.00 270.01 1.00 0.000 38.027 15:40:51.50
0 0 -23.4 -22.6 -1.722 2.583 0.0 0.0 0.0 36.7156672 -4.4912810 0.00 275.33 0.98 36.7156671 -4.4912848 0.00 270.01 1.00 0.000 38.027 15:40:51.60
0 0 -23.4 -22.6 3.444 -3.567 0.0 0.0 0.0 36.7156671 -4.4912821 0.00 275.33 0.92 36.7156672 -4.4912846 0.00 269.84 0.38 0.000 38.027 15:40:51.70
0 0 -23.4 -22.6 0.738 0.246 0.0 0.0 0.0 36.7156671 -4.4912821 0.00 275.33 0.92 36.7156672 -4.4912846 0.00 269.84 0.38 0.000 38.027 15:40:51.79
0 0 -23.4 -22.6 -1.230 2.829 0.0 0.0 0.0 36.7156671 -4.4912821 0.00 275.33 0.92 36.7156672 -4.4912847 0.00 269.21 0.27 0.000 38.027 15:40:51.90
