75 -1 -24.1 -23.0 5.166 0.984 0.0 0.0 0.0 36.7156704 -4.4910193 0.00 273.14 1.07 36.7156703 -4.4910252 0.00 269.99 1.05 0.000 38.672 15:49:48.51
75 -1 -24.1 -23.0 1.845 -5.043 0.0 0.0 0.0 36.7156704 -4.4910193 0.00 273.14 1.07 36.7156703 -4.4910252 0.00 269.99 1.05 0.000 38.672 15:49:48.60
75 -1 -24.1 -23.0 1.968 -2.706 0.0 0.0 0.0 36.7156703 -4.4910227 0.00 267.60 1.12 36.7156702 -4.4910263 0.00 270.05 0.94 0.000 38.672 15:49:48.70
75 -1 -24.1 -23.0 -0.123 -3.567 0.0 0.0 0.0 36.7156703 -4.4910227 0.00 267.60 1.12 36.7156702 -4.4910263 0.00 270.05 0.94 0.000 38.672 15:49:48.81
75 -1 -24.1 -23.0 2.337 -6.027 0.0 0.0 0.0 36.7156703 -4.4910227 0.00 267.60 1.12 36.7156703 -4.4910275 0.00 269.90 1.03 0.000 38.672 15:49:48.90
75 -1 -24.1 -23.0 -1.107 -0.615 0.0 0.0 0.0 36.7156703 -4.4910227 0.00 267.60 1.12 36.7156703 -4.4910275 0.00 269.90 1.03 0.000 38.672 15:49:49.01
75 -1 -24.1 -23.0 2.214 -6.519 0.0 0.0 0.0 36.7156703 -4.4910227 0.00 267.60 1.12 36.7156703 -4.4910286 0.00 269.64 0.98 0.000 38.672 15:49:49.10
75 -1 -24.1 -23.0 -0.123 -2.214 0.0 0.0 0.0 36.7156703 -4.4910227 0.00 267.60 1.12 36.7156703 -4.4910286 0.00 269.64 0.98 0.000 38.672 15:49:49.21
75 -1 -24.1 -23.0 1.722 -6.027 0.0 0.0 0.0 36.7156703 -4.4910261 0.00 272.24 0.95 36.7156703 -4.4910297 0.00 269.46 1.01 0.000 38.672 15:49:49.31
75 0 -24.1 -23.0 1.845 -3.075 0.0 0.0 0.0 36.7156703 -4.4910261 0.00 272.24 0.95 36.7156703 -4.4910297 0.00 269.46 1.01 0.000 38.672 15:49:49.40
75 0 -24.1 -23.0 0.246 -4.551 0.0 0.0 0.0 36.7156703 -4.4910261 0.00 272.24 0.95 36.7156703 -4.4910308 0.00 269.23 1.00 0.000 38.672 15:49:49.51
75 0 -24.1 -23.0 0.984 -3.813 0.0 0.0 0.0 36.7156703 -4.4910261 0.00 272.24 0.95 36.7156703 -4.4910308 0.00 269.23 1.00 0.000 38.672 15:49:49.60
75 0 -24.1 -23.0 1.353 -3.936 0.0 0.0 0.0 36.7156703 -4.4910261 0.00 272.24 0.95 36.7156702 -4.4910320 0.00 269.10 0.92 0.000 38.672 15:49:49.71
75 0 -24.1 -23.0 4.920 -1.968 0.0 0.0 0.0 36.7156703 -4.4910261 0.00 272.24 0.95 36.7156702 -4.4910320 0.00 269.10 0.92 0.000 38.672 15:49:49.81
75 0 -24.1 -23.0 1.968 -2.337 0.0 0.0 0.0 36.7156703 -4.4910295 0.00 269.82 1.06 36.7156702 -4.4910331 0.00 269.12 0.99 0.000 38.672 15:49:49.92
75 0 -24.1 -23.0 4.428 -3.075 0.0 0.0 0.0 36.7156703 -4.4910295 0.00 269.82 1.06 36.7156702 -4.4910331 0.00 269.12 0.99 0.000 38.672 15:49:50.01
75 0 -24.1 -23.0 0.492 -4.920 0.0 0.0 0.0 36.7156703 -4.4910295 0.00 269.82 1.06 36.7156702 -4.4910343 0.00 269.18 0.99 0.000 38.672 15:49:50.10
75 0 -24.1 -23.0 1.599 -2.583 0.0 0.0 0.0 36.7156703 -4.4910295 0.00 269.82 1.06 36.7156702 -4.4910343 0.00 269.18 0.99 0.000 38.672 15:49:50.21
75 0 -24.1 -23.0 2.460 -3.690 0.0 0.0 0.0 36.7156703 -4.4910295 0.00 269.82 1.06 36.7156702 -4.4910354 0.00 269.20 1.00 0.000 38.672 15:49:50.31
75 0 -24.1 -23.0 0.615 -3.198 0.0 0.0 0.0 36.7156702 -4.4910329 0.00 267.50 1.06 36.7156702 -4.4910354 0.00 269.20 1.00 0.000 38.672 15:49:50.42
75 0 -24.1 -23.0 2.829 -3.075 0.0 0.0 0.0 36.7156702 -4.4910329 0.00 267.50 1.06 36.7156702 -4.4910366 0.00 269.22 1.00 0.000 38.672 15:49:50.51
75 0 -24.1 -23.0 3.567 -3.813 0.0 0.0 0.0 36.7156702 -4.4910329 0.00 267.50 1.06 36.7156702 -4.4910366 0.00 269.22 1.00 0.000 38.672 15:49:50.60
75 0 -24.1 -23.0 2.460 -1.107 0.0 0.0 0.0 36.7156702 -4.4910329 0.00 267.50 1.06 36.7156701 -4.4910377 0.00 269.23 1.01 0.000 38.672 15:49:50.71
75 0 -24.1 -23.0 0.984 -5.412 0.0 0.0 0.0 36.7156702 -4.4910329 0.00 267.50 1.06 36.7156701 -4.4910377 0.00 269.23 1.01 0.000 38.672 15:49:50.81
75 0 -24.1 -23.0 4.182 1.722 0.0 0.0 0.0 36.7156702 -4.4910329 0.00 267.50 1.06 36.7156701 -4.4910388 0.00 269.21 0.93 0.000 38.672 15:49:50.92
75 0 -24.1 -23.0 1.476 -4.551 0.0 0.0 0.0 36.7156702 -4.4910329 0.00 267.50 1.06 36.7156701 -4.4910388 0.00 269.21 0.93 0.000 38.672 15:49:51.01
75 0 -24.1 -23.0 4.428 -1.968 0.0 0.0 0.0 36.7156702 -4.4910361 0.00 267.50 0.91 36.7156701 -4.4910399 0.00 269.15 1.00 0.000 38.672 15:49:51.12
75 1 -24.1 -23.0 1.599 -1.353 0.0 0.0 0.0 36.7156702 -4.4910361 0.00 267.50 0.91 36.7156701 -4.4910399 0.00 269.15 1.00 0.000 38.672 15:49:51.21
75 1 -24.1 -23.0 4.551 -2.706 0.0 0.0 0.0 36.7156702 -4.4910361 0.00 267.50 0.91 36.7156700 -4.4910411 0.00 269.05 1.01 0.000 38.672 15:49:51.31
75 1 -24.1 -23.0 1.845 -1.107 0.0 0.0 0.0 36.7156702 -4.4910361 0.00 267.50 0.91 36.7156700 -4.4910411 0.00 269.05 1.01 0.000 38.672 15:49:51.42
75 1 -24.1 -23.0 4.182 -3.567 0.0 0.0 0.0 36.7156702 -4.4910361 0.00 267.50 0.91 36.7156700 -4.4910422 0.00 269.13 1.01 0.000 38.672 15:49:51.51
75 1 -24.1 -23.0 4.551 1.968 0.0 0.0 0.0 36.7156702 -4.4910361 0.00 267.50 0.91 36.7156700 -4.4910422 0.00 269.13 1.01 0.000 38.672 15:49:51.62
75 1 -24.1 -23.0 5.289 -2.706 0.0 0.0 0.0 36.7156702 -4.4910396 0.00 270.72 1.12 36.7156700 -4.4910433 0.00 269.38 1.07 0.000 38.672 15:49:51.71
75 1 -24.1 -23.0 3.444 1.230 0.0 0.0 0.0 36.7156702 -4.4910396 0.00 270.72 1.12 36.7156700 -4.4910433 0.00 269.38 1.07 0.000 38.672 15:49:51.82
75 1 -24.1 -23.0 4.305 -3.198 0.0 0.0 0.0 36.7156702 -4.4910396 0.00 270.72 1.12 36.7156701 -4.4910445 0.00 269.57 1.00 0.000 38.672 15:49:51.92
75 0 -24.1 -23.0 5.658 0.492 0.0 0.0 0.0 36.7156702 -4.4910396 0.00 270.72 1.12 36.7156701 -4.4910445 0.00 269.57 1.00 0.000 38.672 15:49:52.01
75 0 -24.1 -23.0 0.861 -0.246 0.0 0.0 0.0 36.7156702 -4.4910396 0.00 270.72 1.12 36.7156701 -4.4910456 0.00 269.92 0.98 0.000 38.672 15:49:52.12
75 0 -24.1 -23.0 7.380 -1.230 0.0 0.0 0.0 36.7156702 -4.4910396 0.00 270.72 1.12 36.7156701 -4.4910456 0.00 269.92 0.98 0.000 38.672 15:49:52.21
75 0 -24.1 -23.0 1.968 -0.615 0.0 0.0 0.0 36.7156702 -4.4910430 0.00 268.49 0.96 36.7156701 -4.4910466 0.00 270.22 0.98 0.000 38.672 15:49:52.32
75 -1 -24.1 -23.0 5.658 -3.321 0.0 0.0 0.0 36.7156702 -4.4910430 0.00 268.49 0.96 36.7156701 -4.4910466 0.00 270.22 0.98 0.000 38.672 15:49:52.42
75 -1 -24.1 -23.0 1.599 -0.492 0.0 0.0 0.0 36.7156702 -4.4910430 0.00 268.49 0.96 36.7156701 -4.4910477 0.00 270.28 0.95 0.000 38.672 15:49:52.51
75 -1 -24.1 -23.0 3.075 -4.059 0.0 0.0 0.0 36.7156702 -4.4910430 0.00 268.49 0.96 36.7156701 -4.4910477 0.00 270.28 0.95 0.000 38.672 15:49:52.62
75 -1 -24.1 -23.0 3.321 -2.829 0.0 0.0 0.0 36.7156702 -4.4910430 0.00 268.49 0.96 36.7156701 -4.4910488 0.00 270.22 0.96 0.000 38.672 15:49:52.71
75 -1 -24.1 -23.0 2.214 -3.198 0.0 0.0 0.0 36.7156702 -4.4910430 0.00 268.49 0.96 36.7156701 -4.4910488 0.00 270.22 0.96 0.000 38.672 15:49:52.82
75 -1 -24.1 -23.0 2.091 -2.460 0.0 0.0 0.0 36.7156702 -4.4910463 0.00 273.45 1.04 36.7156701 -4.4910500 0.00 270.13 1.01 0.000 38.672 15:49:52.92
75 0 -24.1 -23.0 1.968 -2.337 0.0 0.0 0.0 36.7156702 -4.4910463 0.00 273.45 1.04 36.7156701 -4.4910500 0.00 270.13 1.01 0.000 38.672 15:49:53.03
75 0 -24.1 -23.0 3.936 -2.091 0.0 0.0 0.0 36.7156702 -4.4910463 0.00 273.45 1.04 36.7156701 -4.4910511 0.00 270.13 0.97 0.000 38.672 15:49:53.12
75 0 -24.1 -23.0 1.722 -4.551 0.0 0.0 0.0 36.7156702 -4.4910463 0.00 273.45 1.04 36.7156701 -4.4910511 0.00 270.13 0.97 0.000 38.672 15:49:53.21
75 0 -24.1 -23.0 3.813 1.353 0.0 0.0 0.0 36.7156702 -4.4910463 0.00 273.45 1.04 36.7156701 -4.4910522 0.00 269.90 0.94 0.000 38.672 15:49:53.32
75 0 -24.1 -23.0 2.829 -2.706 0.0 0.0 0.0 36.7156702 -4.4910463 0.00 273.45 1.04 36.7156701 -4.4910522 0.00 269.90 0.94 0.000 38.672 15:49:53.42
75 0 -23.0 -23.4 6.027 0.246 0.0 0.0 0.0 36.7156702 -4.4910497 0.00 272.99 1.10 36.7156701 -4.4910533 0.00 269.91 0.94 0.000 38.672 15:49:53.53
75 0 -23.0 -23.4 2.460 -3.936 0.0 0.0 0.0 36.7156702 -4.4910497 0.00 272.99 1.10 36.7156701 -4.4910533 0.00 269.91 0.94 0.000 38.672 15:49:53.62
75 0 -23.0 -23.4 3.936 -1.107 0.0 0.0 0.0 36.7156702 -4.4910497 0.00 272.99 1.10 36.7156701 -4.4910545 0.00 269.85 0.97 0.000 38.672 15:49:53.71
75 0 -23.0 -23.4 1.968 -1.476 0.0 0.0 0.0 36.7156702 -4.4910497 0.00 272.99 1.10 36.7156701 -4.4910545 0.00 269.85 0.97 0.000 38.672 15:49:53.82
75 0 -23.0 -23.4 5.535 -1.968 0.0 0.0 0.0 36.7156702 -4.4910497 0.00 272.99 1.10 36.7156701 -4.4910556 0.00 269.82 0.99 0.000 38.672 15:49:53.92
75 0 -23.0 -23.4 2.460 -1.476 0.0 0.0 0.0 36.7156702 -4.4910497 0.00 272.99 1.10 36.7156701 -4.4910556 0.00 269.82 0.99 0.000 38.672 15:49:54.03
75 0 -23.0 -23.4 4.182 -2.706 0.0 0.0 0.0 36.7156702 -4.4910531 0.00 272.47 1.01 36.7156701 -4.4910567 0.00 269.86 1.00 0.000 38.672 15:49:54.12
75 0 -23.0 -23.4 0.615 -1.722 0.0 0.0 0.0 36.7156702 -4.4910531 0.00 272.47 1.01 36.7156701 -4.4910567 0.00 269.86 1.00 0.000 38.672 15:49:54.23
75 0 -23.0 -23.4 3.075 -5.535 0.0 0.0 0.0 36.7156702 -4.4910531 0.00 272.47 1.01 36.7156701 -4.4910578 0.00 269.94 0.97 0.000 38.672 15:49:54.32
75 0 -23.0 -23.4 2.337 -1.107 0.0 0.0 0.0 36.7156702 -4.4910531 0.00 272.47 1.01 36.7156701 -4.4910578 0.00 269.94 0.97 0.000 38.672 15:49:54.42
75 0 -23.0 -23.4 0.492 -5.166 0.0 0.0 0.0 36.7156702 -4.4910531 0.00 272.47 1.01 36.7156701 -4.4910589 0.00 270.21 0.96 0.000 38.672 15:49:54.53
75 -1 -23.0 -23.4 2.337 -1.845 0.0 0.0 0.0 36.7156702 -4.4910531 0.00 272.47 1.01 36.7156701 -4.4910589 0.00 270.21 0.96 0.000 38.672 15:49:54.62
75 -1 -23.0 -23.4 0.738 -5.412 0.0 0.0 0.0 36.7156702 -4.4910563 0.00 273.03 1.07 36.7156701 -4.4910601 0.00 270.35 0.98 0.000 38.672 15:49:54.73
75 -1 -23.0 -23.4 4.182 -4.428 0.0 0.0 0.0 36.7156702 -4.4910563 0.00 273.03 1.07 36.7156701 -4.4910601 0.00 270.35 0.98 0.000 38.672 15:49:54.82
75 -1 -23.0 -23.4 0.000 -3.444 0.0 0.0 0.0 36.7156702 -4.4910563 0.00 273.03 1.07 36.7156700 -4.4910612 0.00 270.50 0.97 0.000 38.672 15:49:54.93
75 -1 -23.0 -23.4 3.813 -3.075 0.0 0.0 0.0 36.7156702 -4.4910563 0.00 273.03 1.07 36.7156700 -4.4910612 0.00 270.50 0.97 0.000 38.672 15:49:55.03
75 -1 -23.0 -23.4 0.492 -6.396 0.0 0.0 0.0 36.7156702 -4.4910563 0.00 273.03 1.07 36.7156700 -4.4910624 0.00 270.35 0.98 0.000 38.672 15:49:55.14
75 0 -23.0 -23.4 4.674 -2.583 0.0 0.0 0.0 36.7156702 -4.4910563 0.00 273.03 1.07 36.7156700 -4.4910624 0.00 270.35 0.98 0.000 38.672 15:49:55.23
75 0 -23.0 -23.4 0.492 -4.797 0.0 0.0 0.0 36.7156701 -4.4910598 0.00 268.22 1.10 36.7156700 -4.4910635 0.00 270.16 1.03 0.000 38.672 15:49:55.32
75 0 -23.0 -23.4 2.460 -2.829 0.0 0.0 0.0 36.7156701 -4.4910598 0.00 268.22 1.10 36.7156700 -4.4910635 0.00 270.16 1.03 0.000 38.672 15:49:55.43
75 0 -23.0 -23.4 1.845 -3.321 0.0 0.0 0.0 36.7156701 -4.4910598 0.00 268.22 1.10 36.7156700 -4.4910646 0.00 269.98 0.98 0.000 38.672 15:49:55.53
75 0 -23.0 -23.4 1.476 -3.567 0.0 0.0 0.0 36.7156701 -4.4910598 0.00 268.22 1.10 36.7156700 -4.4910646 0.00 269.98 0.98 0.000 38.672 15:49:55.64
75 0 -23.0 -23.4 2.706 -3.567 0.0 0.0 0.0 36.7156701 -4.4910598 0.00 268.22 1.10 36.7156700 -4.4910657 0.00 270.05 0.98 0.000 38.672 15:49:55.73
75 -2 -23.0 -23.4 3.075 -4.551 0.0 0.0 0.0 36.7156701 -4.4910598 0.00 268.22 1.10 36.7156700 -4.4910657 0.00 270.05 0.98 0.000 38.672 15:49:55.84
75 -2 -23.0 -23.4 2.706 -1.476 0.0 0.0 0.0 36.7156701 -4.4910631 0.00 274.24 0.88 36.7156700 -4.4910668 0.00 269.97 0.94 0.000 38.672 15:49:55.93
75 -2 -23.0 -23.4 2.460 -6.273 0.0 0.0 0.0 36.7156701 -4.4910631 0.00 274.24 0.88 36.7156700 -4.4910668 0.00 269.97 0.94 0.000 38.672 15:49:56.03
75 -2 -23.0 -23.4 2.091 0.492 0.0 0.0 0.0 36.7156701 -4.4910631 0.00 274.24 0.88 36.7156699 -4.4910680 0.00 269.94 1.00 0.000 38.672 15:49:56.14
75 -2 -23.0 -23.4 2.214 -4.551 0.0 0.0 0.0 36.7156701 -4.4910631 0.00 274.24 0.88 36.7156699 -4.4910680 0.00 269.94 1.00 0.000 38.672 15:49:56.23
75 -2 -23.0 -23.4 1.107 -1.968 0.0 0.0 0.0 36.7156701 -4.4910631 0.00 274.24 0.88 36.7156699 -4.4910691 0.00 269.81 0.99 0.000 38.672 15:49:56.34
75 -2 -23.0 -23.4 2.706 -4.182 0.0 0.0 0.0 36.7156701 -4.4910665 0.00 271.33 0.80 36.7156699 -4.4910691 0.00 269.81 0.99 0.000 38.672 15:49:56.43
75 -2 -23.0 -23.4 3.075 -6.273 0.0 0.0 0.0 36.7156701 -4.4910665 0.00 271.33 0.80 36.7156699 -4.4910702 0.00 269.56 1.03 0.000 38.672 15:49:56.54
75 -2 -23.0 -23.4 1.107 -2.829 0.0 0.0 0.0 36.7156701 -4.4910665 0.00 271.33 0.80 36.7156699 -4.4910702 0.00 269.56 1.03 0.000 38.672 15:49:56.64
75 -2 -23.0 -23.4 2.337 -6.150 0.0 0.0 0.0 36.7156701 -4.4910665 0.00 271.33 0.80 36.7156699 -4.4910714 0.00 269.46 1.03 0.000 38.672 15:49:56.73
75 -1 -23.0 -23.4 -0.492 -3.321 0.0 0.0 0.0 36.7156701 -4.4910665 0.00 271.33 0.80 36.7156699 -4.4910714 0.00 269.46 1.03 0.000 38.672 15:49:56.84
75 -1 -23.0 -23.4 3.690 -5.412 0.0 0.0 0.0 36.7156701 -4.4910665 0.00 271.33 0.80 36.7156699 -4.4910725 0.00 269.32 0.95 0.000 38.672 15:49:56.93
75 -1 -23.0 -23.4 -1.599 -3.936 0.0 0.0 0.0 36.7156701 -4.4910665 0.00 271.33 0.80 36.7156699 -4.4910725 0.00 269.32 0.95 0.000 38.672 15:49:57.04
75 -1 -23.0 -23.4 2.091 -4.674 0.0 0.0 0.0 36.7156701 -4.4910698 0.00 270.04 1.03 36.7156699 -4.4910736 0.00 269.16 0.99 0.000 38.672 15:49:57.14
75 -1 -23.0 -23.4 -0.369 -3.813 0.0 0.0 0.0 36.7156701 -4.4910698 0.00 270.04 1.03 36.7156699 -4.4910736 0.00 269.16 0.99 0.000 38.672 15:49:57.25
75 -1 -23.0 -23.4 1.476 -3.321 0.0 0.0 0.0 36.7156701 -4.4910698 0.00 270.04 1.03 36.7156699 -4.4910747 0.00 268.90 0.92 0.000 38.672 15:49:57.34
75 -1 -23.0 -23.4 0.369 -1.968 0.0 0.0 0.0 36.7156701 -4.4910698 0.00 270.04 1.03 36.7156699 -4.4910747 0.00 268.90 0.92 0.000 38.672 15:49:57.43
75 -1 -23.0 -23.4 0.492 -7.011 0.0 0.0 0.0 36.7156701 -4.4910698 0.00 270.04 1.03 36.7156699 -4.4910758 0.00 268.64 0.97 0.000 38.672 15:49:57.54
75 -1 -23.0 -23.4 3.198 -1.107 0.0 0.0 0.0 36.7156701 -4.4910698 0.00 270.04 1.03 36.7156699 -4.4910758 0.00 268.64 0.97 0.000 38.672 15:49:57.64
75 -1 -23.0 -23.4 0.615 -3.567 0.0 0.0 0.0 36.7156701 -4.4910733 0.00 271.25 0.89 36.7156699 -4.4910769 0.00 268.43 0.94 0.000 38.672 15:49:57.75
75 0 -23.0 -23.4 6.150 -0.369 0.0 0.0 0.0 36.7156701 -4.4910733 0.00 271.25 0.89 36.7156699 -4.4910769 0.00 268.43 0.94 0.000 38.672 15:49:57.84
75 0 -23.0 -23.4 1.353 -4.551 0.0 0.0 0.0 36.7156701 -4.4910733 0.00 271.25 0.89 36.7156698 -4.4910780 0.00 268.32 0.97 0.000 38.672 15:49:57.95
75 0 -23.0 -23.4 5.166 -2.829 0.0 0.0 0.0 36.7156701 -4.4910733 0.00 271.25 0.89 36.7156698 -4.4910780 0.00 268.32 0.97 0.000 38.672 15:49:58.04
75 0 -23.0 -23.4 2.952 -1.476 0.0 0.0 0.0 36.7156701 -4.4910733 0.00 271.25 0.89 36.7156698 -4.4910790 0.00 268.21 0.89 0.000 38.672 15:49:58.14
75 0 -23.0 -23.4 3.444 -3.321 0.0 0.0 0.0 36.7156701 -4.4910733 0.00 271.25 0.89 36.7156698 -4.4910790 0.00 268.21 0.89 0.000 38.672 15:49:58.25
75 0 -23.0 -23.4 1.722 -1.107 0.0 0.0 0.0 36.7156700 -4.4910765 0.00 269.82 0.99 36.7156698 -4.4910801 0.00 268.13 0.91 0.000 38.672 15:49:58.34
75 0 -23.0 -23.4 3.321 -4.305 0.0 0.0 0.0 36.7156700 -4.4910765 0.00 269.82 0.99 36.7156698 -4.4910801 0.00 268.13 0.91 0.000 38.672 15:49:58.45
75 0 -23.4 -22.6 2.214 -0.492 0.0 0.0 0.0 36.7156700 -4.4910765 0.00 269.82 0.99 36.7156698 -4.4910812 0.00 267.97 0.96 0.000 38.672 15:49:58.54
75 0 -23.4 -22.6 2.952 -4.551 0.0 0.0 0.0 36.7156700 -4.4910765 0.00 269.82 0.99 36.7156698 -4.4910812 0.00 267.97 0.96 0.000 38.672 15:49:58.65
75 0 -23.4 -22.6 3.321 -1.230 0.0 0.0 0.0 36.7156700 -4.4910765 0.00 269.82 0.99 36.7156698 -4.4910824 0.00 267.95 1.00 0.000 38.672 15:49:58.75
75 0 -23.4 -22.6 1.353 -3.690 0.0 0.0 0.0 36.7156700 -4.4910765 0.00 269.82 0.99 36.7156698 -4.4910824 0.00 267.95 1.00 0.000 38.672 15:49:58.85
75 0 -23.4 -22.6 5.166 -2.091 0.0 0.0 0.0 36.7156699 -4.4910798 0.00 274.43 0.86 36.7156697 -4.4910835 0.00 267.92 1.01 0.000 38.672 15:49:58.95
75 0 -23.4 -22.6 3.444 -3.444 0.0 0.0 0.0 36.7156699 -4.4910798 0.00 274.43 0.86 36.7156697 -4.4910835 0.00 267.92 1.01 0.000 38.672 15:49:59.04
75 0 -23.4 -22.6 3.075 -2.706 0.0 0.0 0.0 36.7156699 -4.4910798 0.00 274.43 0.86 36.7156697 -4.4910847 0.00 267.84 0.99 0.000 38.672 15:49:59.15
75 0 -23.4 -22.6 1.476 -2.460 0.0 0.0 0.0 36.7156699 -4.4910798 0.00 274.43 0.86 36.7156697 -4.4910847 0.00 267.84 0.99 0.000 38.672 15:49:59.25
75 0 -23.4 -22.6 5.166 -0.615 0.0 0.0 0.0 36.7156699 -4.4910798 0.00 274.43 0.86 36.7156697 -4.4910859 0.00 267.91 0.99 0.000 38.672 15:49:59.35
75 0 -23.4 -22.6 2.829 -3.813 0.0 0.0 0.0 36.7156698 -4.4910833 0.00 269.72 0.85 36.7156697 -4.4910859 0.00 267.91 0.99 0.000 38.672 15:49:59.45
75 0 -23.4 -22.6 5.289 0.369 0.0 0.0 0.0 36.7156698 -4.4910833 0.00 269.72 0.85 36.7156696 -4.4910871 0.00 267.98 0.94 0.000 38.672 15:49:59.54
75 0 -23.4 -22.6 0.492 -2.091 0.0 0.0 0.0 36.7156698 -4.4910833 0.00 269.72 0.85 36.7156696 -4.4910871 0.00 267.98 0.94 0.000 38.672 15:49:59.65
75 0 -23.4 -22.6 3.198 -2.460 0.0 0.0 0.0 36.7156698 -4.4910833 0.00 269.72 0.85 36.7156696 -4.4910882 0.00 268.08 0.97 0.000 38.672 15:49:59.75
75 0 -23.4 -22.6 2.829 -0.861 0.0 0.0 0.0 36.7156698 -4.4910833 0.00 269.72 0.85 36.7156696 -4.4910882 0.00 268.08 0.97 0.000 38.672 15:49:59.85
75 0 -23.4 -22.6 3.567 -3.690 0.0 0.0 0.0 36.7156698 -4.4910833 0.00 269.72 0.85 36.7156696 -4.4910893 0.00 268.08 1.00 0.000 38.672 15:49:59.95
75 0 -23.4 -22.6 4.797 0.000 0.0 0.0 0.0 36.7156698 -4.4910833 0.00 269.72 0.85 36.7156696 -4.4910893 0.00 268.08 1.00 0.000 38.672 15:50:00.04
75 0 -23.4 -22.6 1.476 -2.829 0.0 0.0 0.0 36.7156697 -4.4910867 0.00 268.49 0.96 36.7156695 -4.4910904 0.00 268.16 1.00 0.000 38.672 15:50:00.15
75 0 -23.4 -22.6 6.273 1.599 0.0 0.0 0.0 36.7156697 -4.4910867 0.00 268.49 0.96 36.7156695 -4.4910904 0.00 268.16 1.00 0.000 38.672 15:50:00.25
75 0 -23.4 -22.6 2.460 -0.246 0.0 0.0 0.0 36.7156697 -4.4910867 0.00 268.49 0.96 36.7156695 -4.4910915 0.00 268.16 0.96 0.000 38.672 15:50:00.35
75 0 -23.4 -22.6 5.289 -1.599 0.0 0.0 0.0 36.7156697 -4.4910867 0.00 268.49 0.96 36.7156695 -4.4910915 0.00 268.16 0.96 0.000 38.672 15:50:00.45
75 0 -23.4 -22.6 2.460 -1.599 0.0 0.0 0.0 36.7156697 -4.4910867 0.00 268.49 0.96 36.7156695 -4.4910926 0.00 268.25 0.96 0.000 38.672 15:50:00.54
75 0 -23.4 -22.6 4.182 -3.075 0.0 0.0 0.0 36.7156697 -4.4910867 0.00 268.49 0.96 36.7156695 -4.4910926 0.00 268.25 0.96 0.000 38.672 15:50:00.65
75 -1 -23.4 -22.6 3.690 0.615 0.0 0.0 0.0 36.7156696 -4.4910900 0.00 269.71 0.81 36.7156694 -4.4910937 0.00 268.27 0.96 0.000 38.672 15:50:00.75
75 -1 -23.4 -22.6 0.615 -5.166 0.0 0.0 0.0 36.7156696 -4.4910900 0.00 269.71 0.81 36.7156694 -4.4910937 0.00 268.27 0.96 0.000 38.672 15:50:00.85
75 -1 -23.4 -22.6 5.289 -1.107 0.0 0.0 0.0 36.7156696 -4.4910900 0.00 269.71 0.81 36.7156694 -4.4910948 0.00 268.34 0.92 0.000 38.672 15:50:00.95
75 -1 -23.4 -22.6 1.353 -4.305 0.0 0.0 0.0 36.7156696 -4.4910900 0.00 269.71 0.81 36.7156694 -4.4910948 0.00 268.34 0.92 0.000 38.672 15:50:01.04
75 1 -23.4 -22.6 4.305 -1.230 0.0 0.0 0.0 36.7156696 -4.4910900 0.00 269.71 0.81 36.7156694 -4.4910959 0.00 268.38 0.95 0.000 38.672 15:50:01.15
75 1 -23.4 -22.6 2.337 -1.476 0.0 0.0 0.0 36.7156696 -4.4910900 0.00 269.71 0.81 36.7156694 -4.4910959 0.00 268.38 0.95 0.000 38.672 15:50:01.25
75 1 -23.4 -22.6 5.781 -2.460 0.0 0.0 0.0 36.7156696 -4.4910934 0.00 273.02 0.85 36.7156694 -4.4910970 0.00 268.37 0.93 0.000 38.672 15:50:01.35
75 1 -23.4 -22.6 0.738 -1.107 0.0 0.0 0.0 36.7156696 -4.4910934 0.00 273.02 0.85 36.7156694 -4.4910970 0.00 268.37 0.93 0.000 38.672 15:50:01.45
75 1 -23.4 -22.6 3.321 -4.428 0.0 0.0 0.0 36.7156696 -4.4910934 0.00 273.02 0.85 36.7156694 -4.4910982 0.00 268.24 0.97 0.000 38.672 15:50:01.54
75 1 -23.4 -22.6 4.182 0.000 0.0 0.0 0.0 36.7156696 -4.4910934 0.00 273.02 0.85 36.7156694 -4.4910982 0.00 268.24 0.97 0.000 38.672 15:50:01.65
75 1 -23.4 -22.6 5.658 -1.476 0.0 0.0 0.0 36.7156696 -4.4910934 0.00 273.02 0.85 36.7156693 -4.4910993 0.00 268.30 0.92 0.000 38.672 15:50:01.75
75 1 -23.4 -22.6 4.674 1.845 0.0 0.0 0.0 36.7156696 -4.4910934 0.00 273.02 0.85 36.7156693 -4.4910993 0.00 268.30 0.92 0.000 38.672 15:50:01.85
75 1 -23.4 -22.6 5.166 -2.706 0.0 0.0 0.0 36.7156695 -4.4910967 0.00 273.94 0.73 36.7156693 -4.4911004 0.00 268.38 0.98 0.000 38.672 15:50:01.95
75 1 -23.4 -22.6 6.888 1.968 0.0 0.0 0.0 36.7156695 -4.4910967 0.00 273.94 0.73 36.7156693 -4.4911004 0.00 268.38 0.98 0.000 38.672 15:50:02.04
75 1 -23.4 -22.6 5.043 -0.738 0.0 0.0 0.0 36.7156695 -4.4910967 0.00 273.94 0.73 36.7156693 -4.4911016 0.00 268.58 0.98 0.000 38.672 15:50:02.15
75 1 -23.4 -22.6 6.027 0.246 0.0 0.0 0.0 36.7156695 -4.4910967 0.00 273.94 0.73 36.7156693 -4.4911016 0.00 268.58 0.98 0.000 38.672 15:50:02.25
75 1 -23.4 -22.6 3.690 -1.599 0.0 0.0 0.0 36.7156695 -4.4910967 0.00 273.94 0.73 36.7156692 -4.4911028 0.00 268.92 1.03 0.000 38.672 15:50:02.35
75 1 -23.4 -22.6 4.920 -0.369 0.0 0.0 0.0 36.7156694 -4.4911002 0.00 269.67 1.07 36.7156692 -4.4911028 0.00 268.92 1.03 0.000 38.672 15:50:02.45
75 0 -23.4 -22.6 2.952 -0.123 0.0 0.0 0.0 36.7156694 -4.4911002 0.00 269.67 1.07 36.7156692 -4.4911040 0.00 269.36 1.09 0.000 38.672 15:50:02.54
75 0 -23.4 -22.6 3.075 -1.230 0.0 0.0 0.0 36.7156694 -4.4911002 0.00 269.67 1.07 36.7156692 -4.4911040 0.00 269.36 1.09 0.000 38.672 15:50:02.65
75 0 -23.4 -22.6 0.861 -1.968 0.0 0.0 0.0 36.7156694 -4.4911002 0.00 269.67 1.07 36.7156692 -4.4911051 0.00 269.82 1.02 0.000 38.672 15:50:02.75
75 0 -23.4 -22.6 4.059 -1.599 0.0 0.0 0.0 36.7156694 -4.4911002 0.00 269.67 1.07 36.7156692 -4.4911051 0.00 269.82 1.02 0.000 38.672 15:50:02.85
75 -1 -23.4 -22.6 -0.246 -3.567 0.0 0.0 0.0 36.7156694 -4.4911002 0.00 269.67 1.07 36.7156693 -4.4911062 0.00 270.39 1.03 0.000 38.672 15:50:02.95
75 -1 -23.4 -22.6 1.845 -5.289 0.0 0.0 0.0 36.7156694 -4.4911002 0.00 269.67 1.07 36.7156693 -4.4911062 0.00 270.39 1.03 0.000 38.672 15:50:03.04
75 -2 -23.4 -22.6 2.091 -3.813 0.0 0.0 0.0 36.7156694 -4.4911036 0.00 274.57 0.93 36.7156693 -4.4911073 0.00 270.57 0.95 0.000 38.672 15:50:03.15
75 -2 -23.4 -22.6 0.492 -4.305 0.0 0.0 0.0 36.7156694 -4.4911036 0.00 274.57 0.93 36.7156693 -4.4911073 0.00 270.57 0.95 0.000 38.672 15:50:03.25
75 -2 -23.4 -22.6 4.551 -1.476 0.0 0.0 0.0 36.7156694 -4.4911036 0.00 274.57 0.93 36.7156693 -4.4911084 0.00 270.72 0.91 0.000 38.672 15:50:03.35
75 -2 -22.6 -23.0 1.599 -3.936 0.0 0.0 0.0 36.7156694 -4.4911036 0.00 274.57 0.93 36.7156693 -4.4911084 0.00 270.72 0.91 0.000 38.457 15:50:03.45
75 -2 -22.6 -23.0 5.658 -1.599 0.0 0.0 0.0 36.7156694 -4.4911036 0.00 274.57 0.93 36.7156693 -4.4911094 0.00 270.60 0.93 0.000 38.457 15:50:03.54
75 -2 -22.6 -23.0 1.476 -4.305 0.0 0.0 0.0 36.7156694 -4.4911036 0.00 274.57 0.93 36.7156693 -4.4911094 0.00 270.60 0.93 0.000 38.457 15:50:03.65
75 -1 -22.6 -23.0 3.075 -1.722 0.0 0.0 0.0 36.7156694 -4.4911068 0.00 272.32 0.92 36.7156693 -4.4911105 0.00 270.46 1.01 0.000 38.457 15:50:03.75
75 -1 -22.6 -23.0 -0.492 -4.920 0.0 0.0 0.0 36.7156694 -4.4911068 0.00 272.32 0.92 36.7156693 -4.4911105 0.00 270.46 1.01 0.000 38.457 15:50:03.85
75 -1 -22.6 -23.0 1.230 -7.011 0.0 0.0 0.0 36.7156694 -4.4911068 0.00 272.32 0.92 36.7156693 -4.4911116 0.00 270.34 0.98 0.000 38.457 15:50:03.95
75 -1 -22.6 -23.0 0.615 -2.460 0.0 0.0 0.0 36.7156694 -4.4911068 0.00 272.32 0.92 36.7156693 -4.4911116 0.00 270.34 0.98 0.000 38.457 15:50:04.04
75 -1 -22.6 -23.0 0.246 -5.904 0.0 0.0 0.0 36.7156694 -4.4911068 0.00 272.32 0.92 36.7156693 -4.4911128 0.00 270.21 1.02 0.000 38.457 15:50:04.15
75 -1 -22.6 -23.0 2.706 -0.492 0.0 0.0 0.0 36.7156694 -4.4911102 0.00 273.86 1.02 36.7156693 -4.4911128 0.00 270.21 1.02 0.000 38.457 15:50:04.25
75 -1 -22.6 -23.0 -0.984 -7.380 0.0 0.0 0.0 36.7156694 -4.4911102 0.00 273.86 1.02 36.7156693 -4.4911140 0.00 269.99 0.99 0.000 38.457 15:50:04.35
75 -1 -22.6 -23.0 3.198 -1.845 0.0 0.0 0.0 36.7156694 -4.4911102 0.00 273.86 1.02 36.7156693 -4.4911140 0.00 269.99 0.99 0.000 38.457 15:50:04.45
75 -1 -22.6 -23.0 -0.492 -4.920 0.0 0.0 0.0 36.7156694 -4.4911102 0.00 273.86 1.02 36.7156693 -4.4911151 0.00 269.78 0.99 0.000 38.457 15:50:04.54
75 -1 -22.6 -23.0 3.936 -3.690 0.0 0.0 0.0 36.7156694 -4.4911102 0.00 273.86 1.02 36.7156693 -4.4911151 0.00 269.78 0.99 0.000 38.457 15:50:04.65
75 -1 -22.6 -23.0 0.738 -4.059 0.0 0.0 0.0 36.7156694 -4.4911102 0.00 273.86 1.02 36.7156693 -4.4911162 0.00 269.56 0.92 0.000 38.457 15:50:04.75
75 -1 -22.6 -23.0 2.706 -2.583 0.0 0.0 0.0 36.7156694 -4.4911102 0.00 273.86 1.02 36.7156693 -4.4911162 0.00 269.56 0.92 0.000 38.457 15:50:04.85
75 -1 -22.6 -23.0 1.845 -2.583 0.0 0.0 0.0 36.7156694 -4.4911137 0.00 272.87 1.00 36.7156693 -4.4911174 0.00 269.38 0.92 0.000 38.457 15:50:04.95
75 -1 -22.6 -23.0 4.182 -2.706 0.0 0.0 0.0 36.7156694 -4.4911137 0.00 272.87 1.00 36.7156693 -4.4911174 0.00 269.38 0.92 0.000 38.457 15:50:05.04
75 0 -22.6 -23.0 2.337 -4.674 0.0 0.0 0.0 36.7156694 -4.4911137 0.00 272.87 1.00 36.7156693 -4.4911184 0.00 269.13 0.91 0.000 38.457 15:50:05.15
75 0 -22.6 -23.0 3.813 -3.321 0.0 0.0 0.0 36.7156694 -4.4911137 0.00 272.87 1.00 36.7156693 -4.4911184 0.00 269.13 0.91 0.000 38.457 15:50:05.25
75 0 -22.6 -23.0 1.476 -2.706 0.0 0.0 0.0 36.7156694 -4.4911137 0.00 272.87 1.00 36.7156693 -4.4911195 0.00 269.01 0.91 0.000 38.457 15:50:05.35
75 0 -22.6 -23.0 2.829 -2.829 0.0 0.0 0.0 36.7156694 -4.4911168 0.00 272.87 0.89 36.7156693 -4.4911195 0.00 269.01 0.91 0.000 38.457 15:50:05.45
75 0 -22.6 -23.0 2.706 -1.722 0.0 0.0 0.0 36.7156694 -4.4911168 0.00 272.87 0.89 36.7156693 -4.4911206 0.00 268.79 0.96 0.000 38.457 15:50:05.54
75 0 -22.6 -23.0 2.952 -5.166 0.0 0.0 0.0 36.7156694 -4.4911168 0.00 272.87 0.89 36.7156693 -4.4911206 0.00 268.79 0.96 0.000 38.457 15:50:05.65
75 0 -22.6 -23.0 4.551 -2.214 0.0 0.0 0.0 36.7156694 -4.4911168 0.00 272.87 0.89 36.7156693 -4.4911216 0.00 268.79 0.98 0.000 38.457 15:50:05.75
75 0 -22.6 -23.0 2.091 -3.444 0.0 0.0 0.0 36.7156694 -4.4911168 0.00 272.87 0.89 36.7156693 -4.4911216 0.00 268.79 0.98 0.000 38.457 15:50:05.85
75 1 -22.6 -23.0 3.936 -1.599 0.0 0.0 0.0 36.7156694 -4.4911168 0.00 272.87 0.89 36.7156693 -4.4911227 0.00 268.78 1.02 0.000 38.457 15:50:05.95
75 1 -22.6 -23.0 2.214 -0.738 0.0 0.0 0.0 36.7156694 -4.4911168 0.00 272.87 0.89 36.7156693 -4.4911227 0.00 268.78 1.02 0.000 38.457 15:50:06.04
75 1 -22.6 -23.0 3.567 -2.460 0.0 0.0 0.0 36.7156693 -4.4911202 0.00 272.42 0.96 36.7156692 -4.4911238 0.00 268.85 0.95 0.000 38.457 15:50:06.15
75 1 -22.6 -23.0 1.476 -1.722 0.0 0.0 0.0 36.7156693 -4.4911202 0.00 272.42 0.96 36.7156692 -4.4911238 0.00 268.85 0.95 0.000 38.457 15:50:06.25
75 1 -22.6 -23.0 2.829 -5.535 0.0 0.0 0.0 36.7156693 -4.4911202 0.00 272.42 0.96 36.7156692 -4.4911250 0.00 268.96 0.94 0.000 38.457 15:50:06.35
75 1 -22.6 -23.0 5.289 -0.123 0.0 0.0 0.0 36.7156693 -4.4911202 0.00 272.42 0.96 36.7156692 -4.4911250 0.00 268.96 0.94 0.000 38.457 15:50:06.45
75 1 -22.6 -23.0 4.920 -3.075 0.0 0.0 0.0 36.7156693 -4.4911202 0.00 272.42 0.96 36.7156692 -4.4911262 0.00 269.17 0.92 0.000 38.457 15:50:06.54
75 1 -22.6 -23.0 6.642 0.369 0.0 0.0 0.0 36.7156693 -4.4911202 0.00 272.42 0.96 36.7156692 -4.4911262 0.00 269.17 0.92 0.000 38.457 15:50:06.65
75 0 -22.6 -23.0 3.075 -1.722 0.0 0.0 0.0 36.7156693 -4.4911235 0.00 268.21 0.87 36.7156692 -4.4911273 0.00 269.42 0.96 0.000 38.457 15:50:06.75
75 0 -22.6 -23.0 7.011 -1.230 0.0 0.0 0.0 36.7156693 -4.4911235 0.00 268.21 0.87 36.7156692 -4.4911273 0.00 269.42 0.96 0.000 38.457 15:50:06.85
75 0 -22.6 -23.0 2.460 -1.722 0.0 0.0 0.0 36.7156693 -4.4911235 0.00 268.21 0.87 36.7156692 -4.4911284 0.00 269.65 0.95 0.000 38.457 15:50:06.95
75 0 -22.6 -23.0 3.198 -4.059 0.0 0.0 0.0 36.7156693 -4.4911235 0.00 268.21 0.87 36.7156692 -4.4911284 0.00 269.65 0.95 0.000 38.457 15:50:07.04
75 0 -22.6 -23.0 0.861 -2.829 0.0 0.0 0.0 36.7156693 -4.4911235 0.00 268.21 0.87 36.7156692 -4.4911295 0.00 270.00 0.90 0.000 38.457 15:50:07.15
75 0 -22.6 -23.0 1.722 -5.166 0.0 0.0 0.0 36.7156692 -4.4911269 0.00 267.09 0.86 36.7156692 -4.4911295 0.00 270.00 0.90 0.000 38.457 15:50:07.25
75 -1 -22.6 -23.0 1.476 -1.476 0.0 0.0 0.0 36.7156692 -4.4911269 0.00 267.09 0.86 36.7156692 -4.4911305 0.00 270.16 0.96 0.000 38.457 15:50:07.35
75 -1 -22.6 -23.0 -0.246 -5.166 0.0 0.0 0.0 36.7156692 -4.4911269 0.00 267.09 0.86 36.7156692 -4.4911305 0.00 270.16 0.96 0.000 38.457 15:50:07.45
75 -1 -22.6 -23.0 4.674 -1.107 0.0 0.0 0.0 36.7156692 -4.4911269 0.00 267.09 0.86 36.7156692 -4.4911316 0.00 270.34 0.92 0.000 38.457 15:50:07.54
75 -1 -22.6 -23.0 0.861 -6.642 0.0 0.0 0.0 36.7156692 -4.4911269 0.00 267.09 0.86 36.7156692 -4.4911316 0.00 270.34 0.92 0.000 38.457 15:50:07.65
75 -1 -22.6 -23.0 3.690 -2.829 0.0 0.0 0.0 36.7156692 -4.4911269 0.00 267.09 0.86 36.7156692 -4.4911327 0.00 270.41 0.97 0.000 38.457 15:50:07.75
75 -1 -22.6 -23.0 1.476 -4.551 0.0 0.0 0.0 36.7156692 -4.4911269 0.00 267.09 0.86 36.7156692 -4.4911327 0.00 270.41 0.97 0.000 38.457 15:50:07.85
75 -1 -22.6 -23.0 3.936 -3.321 0.0 0.0 0.0 36.7156692 -4.4911303 0.00 270.90 1.04 36.7156691 -4.4911339 0.00 270.32 0.99 0.000 38.457 15:50:07.95
75 -1 -22.6 -23.0 1.599 -1.845 0.0 0.0 0.0 36.7156692 -4.4911303 0.00 270.90 1.04 36.7156691 -4.4911339 0.00 270.32 0.99 0.000 38.457 15:50:08.04
75 0 -22.6 -23.0 1.353 -4.674 0.0 0.0 0.0 36.7156692 -4.4911303 0.00 270.90 1.04 36.7156691 -4.4911350 0.00 270.13 1.07 0.000 38.457 15:50:08.15
75 0 -22.6 -23.0 3.321 -1.230 0.0 0.0 0.0 36.7156692 -4.4911303 0.00 270.90 1.04 36.7156691 -4.4911350 0.00 270.13 1.07 0.000 38.457 15:50:08.25
75 0 -22.6 -23.0 1.476 -5.043 0.0 0.0 0.0 36.7156692 -4.4911303 0.00 270.90 1.04 36.7156691 -4.4911362 0.00 269.87 0.99 0.000 38.457 15:50:08.35
75 0 -23.4 -22.6 2.460 -1.107 0.0 0.0 0.0 36.7156692 -4.4911338 0.00 272.98 0.84 36.7156691 -4.4911362 0.00 269.87 0.99 0.000 38.672 15:50:08.45
75 0 -23.4 -22.6 1.476 -3.567 0.0 0.0 0.0 36.7156692 -4.4911338 0.00 272.98 0.84 36.7156691 -4.4911374 0.00 269.66 0.95 0.000 38.672 15:50:08.54
75 0 -23.4 -22.6 2.829 -2.706 0.0 0.0 0.0 36.7156692 -4.4911338 0.00 272.98 0.84 36.7156691 -4.4911374 0.00 269.66 0.95 0.000 38.672 15:50:08.65
75 0 -23.4 -22.6 3.321 -2.337 0.0 0.0 0.0 36.7156692 -4.4911338 0.00 272.98 0.84 36.7156691 -4.4911385 0.00 269.78 0.91 0.000 38.672 15:50:08.75
75 0 -23.4 -22.6 2.952 -1.107 0.0 0.0 0.0 36.7156692 -4.4911338 0.00 272.98 0.84 36.7156691 -4.4911385 0.00 269.78 0.91 0.000 38.672 15:50:08.85
75 0 -23.4 -22.6 3.567 -4.920 0.0 0.0 0.0 36.7156692 -4.4911338 0.00 272.98 0.84 36.7156691 -4.4911396 0.00 269.76 0.89 0.000 38.672 15:50:08.95
75 0 -23.4 -22.6 3.936 -1.599 0.0 0.0 0.0 36.7156692 -4.4911338 0.00 272.98 0.84 36.7156691 -4.4911396 0.00 269.76 0.89 0.000 38.672 15:50:09.04
75 0 -23.4 -22.6 2.829 -3.936 0.0 0.0 0.0 36.7156692 -4.4911372 0.00 271.78 1.03 36.7156691 -4.4911407 0.00 269.74 0.84 0.000 38.672 15:50:09.15
75 0 -23.4 -22.6 4.428 -1.599 0.0 0.0 0.0 36.7156692 -4.4911372 0.00 271.78 1.03 36.7156691 -4.4911407 0.00 269.74 0.84 0.000 38.672 15:50:09.25
75 0 -23.4 -22.6 1.230 -2.091 0.0 0.0 0.0 36.7156692 -4.4911372 0.00 271.78 1.03 36.7156691 -4.4911418 0.00 269.73 0.90 0.000 38.672 15:50:09.35
75 0 -23.4 -22.6 5.658 -1.722 0.0 0.0 0.0 36.7156692 -4.4911372 0.00 271.78 1.03 36.7156691 -4.4911418 0.00 269.73 0.90 0.000 38.672 15:50:09.45
75 0 -23.4 -22.6 1.599 -3.567 0.0 0.0 0.0 36.7156692 -4.4911372 0.00 271.78 1.03 36.7156691 -4.4911428 0.00 269.75 1.00 0.000 38.672 15:50:09.54
75 0 -23.4 -22.6 1.230 -6.765 0.0 0.0 0.0 36.7156692 -4.4911372 0.00 271.78 1.03 36.7156691 -4.4911428 0.00 269.75 1.00 0.000 38.672 15:50:09.65
75 0 -23.4 -22.6 0.738 -0.861 0.0 0.0 0.0 36.7156692 -4.4911404 0.00 271.78 0.85 36.7156691 -4.4911440 0.00 269.85 0.99 0.000 38.672 15:50:09.75
75 0 -23.4 -22.6 2.091 -4.674 0.0 0.0 0.0 36.7156692 -4.4911404 0.00 271.78 0.85 36.7156691 -4.4911440 0.00 269.85 0.99 0.000 38.672 15:50:09.85
75 0 -23.4 -22.6 0.246 0.123 0.0 0.0 0.0 36.7156692 -4.4911404 0.00 271.78 0.85 36.7156691 -4.4911451 0.00 269.92 0.93 0.000 38.672 15:50:09.95
75 0 -23.4 -22.6 3.444 -5.535 0.0 0.0 0.0 36.7156692 -4.4911404 0.00 271.78 0.85 36.7156691 -4.4911451 0.00 269.92 0.93 0.000 38.672 15:50:10.04
75 0 -23.4 -22.6 5.289 -0.369 0.0 0.0 0.0 36.7156692 -4.4911404 0.00 271.78 0.85 36.7156691 -4.4911462 0.00 269.98 0.90 0.000 38.672 15:50:10.15
75 0 -23.4 -22.6 0.984 -3.444 0.0 0.0 0.0 36.7156692 -4.4911438 0.00 272.06 1.02 36.7156691 -4.4911462 0.00 269.98 0.90 0.000 38.672 15:50:10.25
75 -1 -23.4 -22.6 6.642 -0.738 0.0 0.0 0.0 36.7156692 -4.4911438 0.00 272.06 1.02 36.7156691 -4.4911474 0.00 270.06 0.95 0.000 38.672 15:50:10.35
75 -1 -23.4 -22.6 -0.492 -2.214 0.0 0.0 0.0 36.7156692 -4.4911438 0.00 272.06 1.02 36.7156691 -4.4911474 0.00 270.06 0.95 0.000 38.672 15:50:10.45
75 -1 -23.4 -22.6 4.551 -3.567 0.0 0.0 0.0 36.7156692 -4.4911438 0.00 272.06 1.02 36.7156691 -4.4911485 0.00 270.11 0.91 0.000 38.672 15:50:10.54
75 -1 -23.4 -22.6 2.952 -0.984 0.0 0.0 0.0 36.7156692 -4.4911438 0.00 272.06 1.02 36.7156691 -4.4911485 0.00 270.11 0.91 0.000 38.672 15:50:10.65
75 -1 -23.4 -22.6 0.492 -5.166 0.0 0.0 0.0 36.7156692 -4.4911438 0.00 272.06 1.02 36.7156691 -4.4911496 0.00 270.03 1.02 0.000 38.672 15:50:10.75
75 -1 -23.4 -22.6 5.166 -4.059 0.0 0.0 0.0 36.7156692 -4.4911438 0.00 272.06 1.02 36.7156691 -4.4911496 0.00 270.03 1.02 0.000 38.672 15:50:10.85
75 -1 -23.4 -22.6 5.166 -4.059 0.0 0.0 0.0 36.7156692 -4.4911471 0.00 273.96 0.88 36.7156691 -4.4911507 0.00 269.95 1.01 0.000 38.672 15:50:10.95
75 -1 -23.4 -22.6 4.182 -0.984 0.0 0.0 0.0 36.7156692 -4.4911471 0.00 273.96 0.88 36.7156691 -4.4911507 0.00 269.95 1.01 0.000 38.672 15:50:11.04
75 -1 -23.4 -22.6 -0.369 -1.845 0.0 0.0 0.0 36.7156692 -4.4911471 0.00 273.96 0.88 36.7156691 -4.4911518 0.00 269.81 0.98 0.000 38.672 15:50:11.15
75 -1 -23.4 -22.6 1.968 -4.305 0.0 0.0 0.0 36.7156692 -4.4911471 0.00 273.96 0.88 36.7156691 -4.4911518 0.00 269.81 0.98 0.000 38.672 15:50:11.25
75 -1 -23.4 -22.6 1.722 -2.460 0.0 0.0 0.0 36.7156692 -4.4911471 0.00 273.96 0.88 36.7156690 -4.4911529 0.00 269.64 0.92 0.000 38.672 15:50:11.35
75 -1 -23.4 -22.6 1.230 -5.904 0.0 0.0 0.0 36.7156692 -4.4911471 0.00 273.96 0.88 36.7156690 -4.4911529 0.00 269.64 0.92 0.000 38.672 15:50:11.45
75 -1 -23.4 -22.6 1.230 -5.904 0.0 0.0 0.0 36.7156692 -4.4911505 0.00 272.25 1.12 36.7156691 -4.4911541 0.00 269.45 0.90 0.000 38.672 15:50:11.54
75 -1 -23.4 -22.6 1.353 -3.321 0.0 0.0 0.0 36.7156692 -4.4911505 0.00 272.25 1.12 36.7156691 -4.4911541 0.00 269.45 0.90 0.000 38.672 15:50:11.65
75 -1 -23.4 -22.6 1.353 -4.920 0.0 0.0 0.0 36.7156692 -4.4911505 0.00 272.25 1.12 36.7156690 -4.4911552 0.00 269.33 0.96 0.000 38.672 15:50:11.75
75 -1 -23.4 -22.6 2.214 -6.027 0.0 0.0 0.0 36.7156692 -4.4911505 0.00 272.25 1.12 36.7156690 -4.4911552 0.00 269.33 0.96 0.000 38.672 15:50:11.85
75 -1 -23.4 -22.6 -0.369 -5.904 0.0 0.0 0.0 36.7156692 -4.4911505 0.00 272.25 1.12 36.7156690 -4.4911564 0.00 269.12 0.98 0.000 38.672 15:50:11.95
75 -1 -23.4 -22.6 2.952 -3.813 0.0 0.0 0.0 36.7156692 -4.4911505 0.00 272.25 1.12 36.7156690 -4.4911564 0.00 269.12 0.98 0.000 38.672 15:50:12.04
75 0 -23.4 -22.6 0.984 -8.118 0.0 0.0 0.0 36.7156692 -4.4911539 0.00 274.75 0.94 36.7156690 -4.4911575 0.00 268.99 0.98 0.000 38.672 15:50:12.15
75 0 -23.4 -22.6 1.107 -2.952 0.0 0.0 0.0 36.7156692 -4.4911539 0.00 274.75 0.94 36.7156690 -4.4911575 0.00 268.99 0.98 0.000 38.672 15:50:12.25
75 0 -23.4 -22.6 1.599 -6.150 0.0 0.0 0.0 36.7156692 -4.4911539 0.00 274.75 0.94 36.7156689 -4.4911586 0.00 268.88 0.95 0.000 38.672 15:50:12.35
75 0 -23.4 -22.6 3.936 -0.123 0.0 0.0 0.0 36.7156692 -4.4911539 0.00 274.75 0.94 36.7156689 -4.4911586 0.00 268.88 0.95 0.000 38.672 15:50:12.45
75 0 -23.4 -22.6 0.861 -3.567 0.0 0.0 0.0 36.7156692 -4.4911539 0.00 274.75 0.94 36.7156689 -4.4911597 0.00 268.71 0.95 0.000 38.672 15:50:12.54
75 0 -23.4 -22.6 2.706 -3.075 0.0 0.0 0.0 36.7156692 -4.4911539 0.00 274.75 0.94 36.7156689 -4.4911597 0.00 268.71 0.95 0.000 38.672 15:50:12.65
75 0 -23.4 -22.6 1.722 -3.567 0.0 0.0 0.0 36.7156690 -4.4911573 0.00 268.50 1.13 36.7156689 -4.4911609 0.00 268.69 0.97 0.000 38.672 15:50:12.75
75 0 -23.4 -22.6 4.674 -3.198 0.0 0.0 0.0 36.7156690 -4.4911573 0.00 268.50 1.13 36.7156689 -4.4911609 0.00 268.69 0.97 0.000 38.672 15:50:12.85
75 0 -23.4 -22.6 0.738 -0.369 0.0 0.0 0.0 36.7156690 -4.4911573 0.00 268.50 1.13 36.7156689 -4.4911620 0.00 268.63 0.97 0.000 38.672 15:50:12.95
75 0 -23.4 -22.6 2.460 -5.043 0.0 0.0 0.0 36.7156690 -4.4911573 0.00 268.50 1.13 36.7156689 -4.4911620 0.00 268.63 0.97 0.000 38.672 15:50:13.04
75 0 -23.4 -22.6 4.551 0.369 0.0 0.0 0.0 36.7156690 -4.4911573 0.00 268.50 1.13 36.7156689 -4.4911631 0.00 268.59 0.96 0.000 38.672 15:50:13.15
75 0 -23.4 -22.6 4.428 -3.321 0.0 0.0 0.0 36.7156690 -4.4911573 0.00 268.50 1.13 36.7156689 -4.4911631 0.00 268.59 0.96 0.000 38.672 15:50:13.25
75 0 -23.4 -22.6 4.674 -0.984 0.0 0.0 0.0 36.7156690 -4.4911607 0.00 271.78 1.06 36.7156689 -4.4911642 0.00 268.54 0.94 0.000 38.672 15:50:13.35
75 0 -22.6 -23.0 1.599 -0.492 0.0 0.0 0.0 36.7156690 -4.4911607 0.00 271.78 1.06 36.7156689 -4.4911642 0.00 268.54 0.94 0.000 38.672 15:50:13.45
75 0 -22.6 -23.0 5.412 -2.706 0.0 0.0 0.0 36.7156690 -4.4911607 0.00 271.78 1.06 36.7156689 -4.4911653 0.00 268.50 0.94 0.000 38.672 15:50:13.54
75 0 -22.6 -23.0 5.289 0.984 0.0 0.0 0.0 36.7156690 -4.4911607 0.00 271.78 1.06 36.7156689 -4.4911653 0.00 268.50 0.94 0.000 38.672 15:50:13.65
75 0 -22.6 -23.0 1.968 -4.182 0.0 0.0 0.0 36.7156690 -4.4911607 0.00 271.78 1.06 36.7156688 -4.4911664 0.00 268.55 0.94 0.000 38.672 15:50:13.75
75 0 -22.6 -23.0 3.075 -1.476 0.0 0.0 0.0 36.7156690 -4.4911607 0.00 271.78 1.06 36.7156688 -4.4911664 0.00 268.55 0.94 0.000 38.672 15:50:13.85
75 0 -22.6 -23.0 3.198 -4.674 0.0 0.0 0.0 36.7156689 -4.4911640 0.00 270.26 1.06 36.7156688 -4.4911676 0.00 268.57 0.96 0.000 38.672 15:50:13.95
75 0 -22.6 -23.0 2.337 -1.476 0.0 0.0 0.0 36.7156689 -4.4911640 0.00 270.26 1.06 36.7156688 -4.4911676 0.00 268.57 0.96 0.000 38.672 15:50:14.04
75 0 -22.6 -23.0 0.984 -3.690 0.0 0.0 0.0 36.7156689 -4.4911640 0.00 270.26 1.06 36.7156688 -4.4911687 0.00 268.68 0.96 0.000 38.672 15:50:14.15
75 0 -22.6 -23.0 4.428 -1.968 0.0 0.0 0.0 36.7156689 -4.4911640 0.00 270.26 1.06 36.7156688 -4.4911687 0.00 268.68 0.96 0.000 38.672 15:50:14.25
75 0 -22.6 -23.0 0.123 -2.706 0.0 0.0 0.0 36.7156689 -4.4911640 0.00 270.26 1.06 36.7156687 -4.4911699 0.00 268.79 0.97 0.000 38.672 15:50:14.35
75 0 -22.6 -23.0 4.059 -3.444 0.0 0.0 0.0 36.7156688 -4.4911673 0.00 267.90 1.04 36.7156687 -4.4911699 0.00 268.79 0.97 0.000 38.672 15:50:14.45
75 0 -22.6 -23.0 1.968 -5.043 0.0 0.0 0.0 36.7156688 -4.4911673 0.00 267.90 1.04 36.7156687 -4.4911709 0.00 269.04 0.94 0.000 38.672 15:50:14.54
75 0 -22.6 -23.0 2.583 -4.428 0.0 0.0 0.0 36.7156688 -4.4911673 0.00 267.90 1.04 36.7156687 -4.4911709 0.00 269.04 0.94 0.000 38.672 15:50:14.65
75 -1 -22.6 -23.0 0.738 -2.337 0.0 0.0 0.0 36.7156688 -4.4911673 0.00 267.90 1.04 36.7156686 -4.4911721 0.00 269.17 0.97 0.000 38.672 15:50:14.75
75 -1 -22.6 -23.0 0.738 -6.396 0.0 0.0 0.0 36.7156688 -4.4911673 0.00 267.90 1.04 36.7156686 -4.4911721 0.00 269.17 0.97 0.000 38.672 15:50:14.85
75 -1 -22.6 -23.0 2.706 -3.075 0.0 0.0 0.0 36.7156688 -4.4911673 0.00 267.90 1.04 36.7156687 -4.4911732 0.00 269.33 1.00 0.000 38.672 15:50:14.95
75 -1 -22.6 -23.0 1.353 -3.567 0.0 0.0 0.0 36.7156688 -4.4911673 0.00 267.90 1.04 36.7156687 -4.4911732 0.00 269.33 1.00 0.000 38.672 15:50:15.04
75 -1 -22.6 -23.0 3.936 -3.198 0.0 0.0 0.0 36.7156688 -4.4911706 0.00 269.51 0.86 36.7156687 -4.4911744 0.00 269.36 1.01 0.000 38.672 15:50:15.15
75 -1 -22.6 -23.0 0.000 -3.567 0.0 0.0 0.0 36.7156688 -4.4911706 0.00 269.51 0.86 36.7156687 -4.4911744 0.00 269.36 1.01 0.000 38.672 15:50:15.25
75 -1 -22.6 -23.0 5.043 -1.353 0.0 0.0 0.0 36.7156688 -4.4911706 0.00 269.51 0.86 36.7156686 -4.4911755 0.00 269.20 1.00 0.000 38.672 15:50:15.35
75 -1 -22.6 -23.0 0.000 -4.305 0.0 0.0 0.0 36.7156688 -4.4911706 0.00 269.51 0.86 36.7156686 -4.4911755 0.00 269.20 1.00 0.000 38.672 15:50:15.45
75 0 -22.6 -23.0 3.690 -2.337 0.0 0.0 0.0 36.7156688 -4.4911706 0.00 269.51 0.86 36.7156685 -4.4911766 0.00 269.08 0.98 0.000 38.672 15:50:15.54
75 0 -22.6 -23.0 2.706 -5.166 0.0 0.0 0.0 36.7156688 -4.4911706 0.00 269.51 0.86 36.7156685 -4.4911766 0.00 269.08 0.98 0.000 38.672 15:50:15.65
75 0 -22.6 -23.0 1.353 -4.428 0.0 0.0 0.0 36.7156687 -4.4911740 0.00 268.52 1.02 36.7156685 -4.4911777 0.00 268.88 1.00 0.000 38.672 15:50:15.75
75 0 -22.6 -23.0 3.075 -0.984 0.0 0.0 0.0 36.7156687 -4.4911740 0.00 268.52 1.02 36.7156685 -4.4911777 0.00 268.88 1.00 0.000 38.672 15:50:15.85
75 0 -22.6 -23.0 1.107 -4.428 0.0 0.0 0.0 36.7156687 -4.4911740 0.00 268.52 1.02 36.7156685 -4.4911788 0.00 268.71 0.94 0.000 38.672 15:50:15.95
75 0 -22.6 -23.0 7.380 -0.492 0.0 0.0 0.0 36.7156687 -4.4911740 0.00 268.52 1.02 36.7156685 -4.4911788 0.00 268.71 0.94 0.000 38.672 15:50:16.04
75 0 -22.6 -23.0 1.353 -4.797 0.0 0.0 0.0 36.7156687 -4.4911740 0.00 268.52 1.02 36.7156686 -4.4911799 0.00 268.74 0.97 0.000 38.672 15:50:16.15
75 0 -22.6 -23.0 4.059 -0.615 0.0 0.0 0.0 36.7156687 -4.4911740 0.00 268.52 1.02 36.7156686 -4.4911799 0.00 268.74 0.97 0.000 38.672 15:50:16.25
75 0 -22.6 -23.0 1.968 -2.706 0.0 0.0 0.0 36.7156687 -4.4911774 0.00 273.45 1.13 36.7156686 -4.4911811 0.00 268.69 0.96 0.000 38.672 15:50:16.35
75 0 -22.6 -23.0 2.091 -5.289 0.0 0.0 0.0 36.7156687 -4.4911774 0.00 273.45 1.13 36.7156686 -4.4911811 0.00 268.69 0.96 0.000 38.672 15:50:16.45
75 0 -22.6 -23.0 3.936 -0.492 0.0 0.0 0.0 36.7156687 -4.4911774 0.00 273.45 1.13 36.7156686 -4.4911822 0.00 268.52 1.01 0.000 38.672 15:50:16.54
75 0 -22.6 -23.0 2.706 -3.444 0.0 0.0 0.0 36.7156687 -4.4911774 0.00 273.45 1.13 36.7156686 -4.4911822 0.00 268.52 1.01 0.000 38.672 15:50:16.65
75 0 -22.6 -23.0 3.321 0.615 0.0 0.0 0.0 36.7156687 -4.4911774 0.00 273.45 1.13 36.7156686 -4.4911834 0.00 268.52 0.98 0.000 38.672 15:50:16.75
75 0 -22.6 -23.0 4.674 -3.813 0.0 0.0 0.0 36.7156687 -4.4911774 0.00 273.45 1.13 36.7156686 -4.4911834 0.00 268.52 0.98 0.000 38.672 15:50:16.85
75 0 -22.6 -23.0 5.781 1.476 0.0 0.0 0.0 36.7156687 -4.4911808 0.00 270.85 1.04 36.7156685 -4.4911845 0.00 268.42 0.96 0.000 38.672 15:50:16.95
75 0 -22.6 -23.0 4.428 -1.230 0.0 0.0 0.0 36.7156687 -4.4911808 0.00 270.85 1.04 36.7156685 -4.4911845 0.00 268.42 0.96 0.000 38.672 15:50:17.06
75 0 -22.6 -23.0 5.781 -0.369 0.0 0.0 0.0 36.7156687 -4.4911808 0.00 270.85 1.04 36.7156685 -4.4911856 0.00 268.39 0.95 0.000 38.672 15:50:17.15
75 0 -22.6 -23.0 4.674 -1.107 0.0 0.0 0.0 36.7156687 -4.4911808 0.00 270.85 1.04 36.7156685 -4.4911856 0.00 268.39 0.95 0.000 38.672 15:50:17.25
75 0 -22.6 -23.0 5.781 -2.214 0.0 0.0 0.0 36.7156687 -4.4911808 0.00 270.85 1.04 36.7156685 -4.4911867 0.00 268.33 0.98 0.000 38.672 15:50:17.35
75 0 -22.6 -23.0 2.829 0.861 0.0 0.0 0.0 36.7156686 -4.4911842 0.00 269.55 0.90 36.7156685 -4.4911867 0.00 268.33 0.98 0.000 38.672 15:50:17.45
75 0 -22.6 -23.0 4.920 -3.444 0.0 0.0 0.0 36.7156686 -4.4911842 0.00 269.55 0.90 36.7156684 -4.4911879 0.00 268.43 0.99 0.000 38.672 15:50:17.56
75 0 -22.6 -23.0 1.845 0.369 0.0 0.0 0.0 36.7156686 -4.4911842 0.00 269.55 0.90 36.7156684 -4.4911879 0.00 268.43 0.99 0.000 38.672 15:50:17.65
75 0 -22.6 -23.0 2.091 -3.936 0.0 0.0 0.0 36.7156686 -4.4911842 0.00 269.55 0.90 36.7156684 -4.4911890 0.00 268.57 0.97 0.000 38.672 15:50:17.76
75 0 -22.6 -23.0 1.599 -2.091 0.0 0.0 0.0 36.7156686 -4.4911842 0.00 269.55 0.90 36.7156684 -4.4911890 0.00 268.57 0.97 0.000 38.672 15:50:17.85
75 0 -22.6 -23.0 1.599 -4.059 0.0 0.0 0.0 36.7156686 -4.4911842 0.00 269.55 0.90 36.7156683 -4.4911901 0.00 268.87 0.98 0.000 38.672 15:50:17.96
75 0 -22.6 -23.0 3.690 -2.214 0.0 0.0 0.0 36.7156686 -4.4911842 0.00 269.55 0.90 36.7156683 -4.4911901 0.00 268.87 0.98 0.000 38.672 15:50:18.06
75 0 -22.6 -23.0 0.738 -1.107 0.0 0.0 0.0 36.7156685 -4.4911875 0.00 271.37 1.06 36.7156683 -4.4911913 0.00 269.12 1.02 0.000 38.672 15:50:18.15
75 0 -22.6 -23.0 3.690 -2.829 0.0 0.0 0.0 36.7156685 -4.4911875 0.00 271.37 1.06 36.7156683 -4.4911913 0.00 269.12 1.02 0.000 38.672 15:50:18.26
75 -1 -22.6 -23.0 0.246 -3.198 0.0 0.0 0.0 36.7156685 -4.4911875 0.00 271.37 1.06 36.7156682 -4.4911924 0.00 269.39 1.00 0.000 38.672 15:50:18.35
75 -1 -23.0 -22.6 3.321 -5.658 0.0 0.0 0.0 36.7156685 -4.4911875 0.00 271.37 1.06 36.7156682 -4.4911924 0.00 269.39 1.00 0.000 38.457 15:50:18.46
75 -1 -23.0 -22.6 -1.230 -4.674 0.0 0.0 0.0 36.7156685 -4.4911875 0.00 271.37 1.06 36.7156682 -4.4911935 0.00 269.51 0.97 0.000 38.457 15:50:18.56
75 -1 -23.0 -22.6 3.690 -4.674 0.0 0.0 0.0 36.7156685 -4.4911875 0.00 271.37 1.06 36.7156682 -4.4911935 0.00 269.51 0.97 0.000 38.457 15:50:18.65
75 -1 -23.0 -22.6 1.107 -3.198 0.0 0.0 0.0 36.7156683 -4.4911909 0.00 264.90 1.08 36.7156682 -4.4911947 0.00 269.64 1.05 0.000 38.457 15:50:18.76
75 -1 -23.0 -22.6 -0.123 -4.305 0.0 0.0 0.0 36.7156683 -4.4911909 0.00 264.90 1.08 36.7156682 -4.4911947 0.00 269.64 1.05 0.000 38.457 15:50:18.85
75 -1 -23.0 -22.6 2.091 -1.476 0.0 0.0 0.0 36.7156683 -4.4911909 0.00 264.90 1.08 36.7156682 -4.4911959 0.00 269.50 1.02 0.000 38.457 15:50:18.96
75 -1 -23.0 -22.6 0.369 -5.658 0.0 0.0 0.0 36.7156683 -4.4911909 0.00 264.90 1.08 36.7156682 -4.4911959 0.00 269.50 1.02 0.000 38.457 15:50:19.06
75 -1 -23.0 -22.6 3.567 -0.369 0.0 0.0 0.0 36.7156683 -4.4911909 0.00 264.90 1.08 36.7156682 -4.4911970 0.00 269.37 0.97 0.000 38.457 15:50:19.17
75 -1 -23.0 -22.6 1.476 -5.904 0.0 0.0 0.0 36.7156684 -4.4911942 0.00 266.43 0.97 36.7156682 -4.4911970 0.00 269.37 0.97 0.000 38.457 15:50:19.26
75 -1 -23.0 -22.6 1.845 -0.123 0.0 0.0 0.0 36.7156684 -4.4911942 0.00 266.43 0.97 36.7156683 -4.4911981 0.00 269.18 1.01 0.000 38.457 15:50:19.35
75 -1 -23.0 -22.6 1.230 -6.765 0.0 0.0 0.0 36.7156684 -4.4911942 0.00 266.43 0.97 36.7156683 -4.4911981 0.00 269.18 1.01 0.000 38.457 15:50:19.46
75 -1 -23.0 -22.6 4.182 -3.936 0.0 0.0 0.0 36.7156684 -4.4911942 0.00 266.43 0.97 36.7156683 -4.4911992 0.00 268.90 0.96 0.000 38.457 15:50:19.56
75 -1 -23.0 -22.6 0.861 -1.722 0.0 0.0 0.0 36.7156684 -4.4911942 0.00 266.43 0.97 36.7156683 -4.4911992 0.00 268.90 0.96 0.000 38.457 15:50:19.67
75 0 -23.0 -22.6 -1.476 -5.043 0.0 0.0 0.0 36.7156684 -4.4911942 0.00 266.43 0.97 36.7156682 -4.4912003 0.00 268.80 1.00 0.000 38.457 15:50:19.76
75 0 -23.0 -22.6 2.337 0.000 0.0 0.0 0.0 36.7156684 -4.4911942 0.00 266.43 0.97 36.7156682 -4.4912003 0.00 268.80 1.00 0.000 38.457 15:50:19.85
75 0 -23.0 -22.6 0.369 -6.150 0.0 0.0 0.0 36.7156684 -4.4911976 0.00 269.83 1.00 36.7156682 -4.4912013 0.00 268.54 0.98 0.000 38.457 15:50:19.96
75 0 -23.0 -22.6 2.337 -1.107 0.0 0.0 0.0 36.7156684 -4.4911976 0.00 269.83 1.00 36.7156682 -4.4912013 0.00 268.54 0.98 0.000 38.457 15:50:20.06
75 0 -23.0 -22.6 0.615 -3.444 0.0 0.0 0.0 36.7156684 -4.4911976 0.00 269.83 1.00 36.7156682 -4.4912025 0.00 268.37 1.05 0.000 38.457 15:50:20.17
75 0 -23.0 -22.6 3.075 -2.214 0.0 0.0 0.0 36.7156684 -4.4911976 0.00 269.83 1.00 36.7156682 -4.4912025 0.00 268.37 1.05 0.000 38.457 15:50:20.26
75 0 -23.0 -22.6 2.829 -4.428 0.0 0.0 0.0 36.7156684 -4.4911976 0.00 269.83 1.00 36.7156682 -4.4912037 0.00 268.50 1.03 0.000 38.457 15:50:20.37
75 0 -23.0 -22.6 3.690 -2.952 0.0 0.0 0.0 36.7156684 -4.4911976 0.00 269.83 1.00 36.7156682 -4.4912037 0.00 268.50 1.03 0.000 38.457 15:50:20.46
75 0 -23.0 -22.6 2.952 -3.321 0.0 0.0 0.0 36.7156684 -4.4912010 0.00 271.86 1.12 36.7156681 -4.4912049 0.00 268.53 1.03 0.000 38.457 15:50:20.56
75 0 -23.0 -22.6 5.535 -3.690 0.0 0.0 0.0 36.7156684 -4.4912010 0.00 271.86 1.12 36.7156681 -4.4912049 0.00 268.53 1.03 0.000 38.457 15:50:20.67
75 0 -23.0 -22.6 1.845 -1.599 0.0 0.0 0.0 36.7156684 -4.4912010 0.00 271.86 1.12 36.7156681 -4.4912060 0.00 268.55 0.97 0.000 38.457 15:50:20.76
75 0 -23.0 -22.6 2.952 -3.690 0.0 0.0 0.0 36.7156684 -4.4912010 0.00 271.86 1.12 36.7156681 -4.4912060 0.00 268.55 0.97 0.000 38.457 15:50:20.87
75 0 -23.0 -22.6 1.599 -1.353 0.0 0.0 0.0 36.7156684 -4.4912010 0.00 271.86 1.12 36.7156681 -4.4912071 0.00 268.57 1.01 0.000 38.457 15:50:20.96
75 0 -23.0 -22.6 4.551 -4.059 0.0 0.0 0.0 36.7156684 -4.4912010 0.00 271.86 1.12 36.7156681 -4.4912071 0.00 268.57 1.01 0.000 38.457 15:50:21.06
75 0 -23.0 -22.6 -0.123 -3.321 0.0 0.0 0.0 36.7156683 -4.4912044 0.00 271.25 1.01 36.7156681 -4.4912082 0.00 268.57 0.98 0.000 38.457 15:50:21.17
75 0 -23.0 -22.6 4.059 -2.952 0.0 0.0 0.0 36.7156683 -4.4912044 0.00 271.25 1.01 36.7156681 -4.4912082 0.00 268.57 0.98 0.000 38.457 15:50:21.26
75 0 -23.0 -22.6 -0.246 -2.952 0.0 0.0 0.0 36.7156683 -4.4912044 0.00 271.25 1.01 36.7156681 -4.4912093 0.00 268.69 1.06 0.000 38.457 15:50:21.37
75 0 -23.0 -22.6 2.091 -4.674 0.0 0.0 0.0 36.7156683 -4.4912044 0.00 271.25 1.01 36.7156681 -4.4912093 0.00 268.69 1.06 0.000 38.457 15:50:21.46
75 0 -23.0 -22.6 2.829 -1.107 0.0 0.0 0.0 36.7156683 -4.4912044 0.00 271.25 1.01 36.7156680 -4.4912104 0.00 268.85 1.02 0.000 38.457 15:50:21.56
75 0 -23.0 -22.6 1.107 -7.995 0.0 0.0 0.0 36.7156683 -4.4912044 0.00 271.25 1.01 36.7156680 -4.4912104 0.00 268.85 1.02 0.000 38.457 15:50:21.67
75 -1 -23.0 -22.6 3.444 -1.476 0.0 0.0 0.0 36.7156683 -4.4912077 0.00 273.24 1.09 36.7156680 -4.4912116 0.00 269.03 1.00 0.000 38.457 15:50:21.76
75 -1 -23.0 -22.6 -0.984 -5.904 0.0 0.0 0.0 36.7156683 -4.4912077 0.00 273.24 1.09 36.7156680 -4.4912116 0.00 269.03 1.00 0.000 38.457 15:50:21.87
75 -1 -23.0 -22.6 5.412 -3.936 0.0 0.0 0.0 36.7156683 -4.4912077 0.00 273.24 1.09 36.7156680 -4.4912127 0.00 269.10 0.97 0.000 38.457 15:50:21.96
75 -1 -23.0 -22.6 -0.123 -3.321 0.0 0.0 0.0 36.7156683 -4.4912077 0.00 273.24 1.09 36.7156680 -4.4912127 0.00 269.10 0.97 0.000 38.457 15:50:22.07
75 -1 -23.0 -22.6 2.460 -5.043 0.0 0.0 0.0 36.7156683 -4.4912077 0.00 273.24 1.09 36.7156681 -4.4912139 0.00 269.08 0.97 0.000 38.457 15:50:22.17
75 -1 -23.0 -22.6 0.861 -1.722 0.0 0.0 0.0 36.7156683 -4.4912077 0.00 273.24 1.09 36.7156681 -4.4912139 0.00 269.08 0.97 0.000 38.457 15:50:22.26
75 -1 -23.0 -22.6 -1.107 -5.658 0.0 0.0 0.0 36.7156682 -4.4912111 0.00 271.13 0.82 36.7156680 -4.4912149 0.00 268.86 1.02 0.000 38.457 15:50:22.37
75 -1 -23.0 -22.6 0.861 -0.861 0.0 0.0 0.0 36.7156682 -4.4912111 0.00 271.13 0.82 36.7156680 -4.4912149 0.00 268.86 1.02 0.000 38.457 15:50:22.46
75 0 -23.0 -22.6 0.123 -6.027 0.0 0.0 0.0 36.7156682 -4.4912111 0.00 271.13 0.82 36.7156680 -4.4912160 0.00 268.68 1.04 0.000 38.457 15:50:22.57
75 0 -23.0 -22.6 1.845 -1.968 0.0 0.0 0.0 36.7156682 -4.4912111 0.00 271.13 0.82 36.7156680 -4.4912160 0.00 268.68 1.04 0.000 38.457 15:50:22.67
75 0 -23.0 -22.6 1.353 -5.043 0.0 0.0 0.0 36.7156682 -4.4912111 0.00 271.13 0.82 36.7156679 -4.4912171 0.00 268.60 1.01 0.000 38.457 15:50:22.76
75 0 -23.0 -22.6 2.214 -2.091 0.0 0.0 0.0 36.7156681 -4.4912144 0.00 268.17 0.86 36.7156680 -4.4912182 0.00 268.54 0.94 0.000 38.457 15:50:22.87
75 0 -23.0 -22.6 1.230 -2.091 0.0 0.0 0.0 36.7156681 -4.4912144 0.00 268.17 0.86 36.7156680 -4.4912182 0.00 268.54 0.94 0.000 38.457 15:50:22.96
75 0 -23.0 -22.6 4.182 -2.214 0.0 0.0 0.0 36.7156681 -4.4912144 0.00 268.17 0.86 36.7156680 -4.4912193 0.00 268.55 0.95 0.000 38.457 15:50:23.07
75 0 -23.0 -22.6 3.321 -0.615 0.0 0.0 0.0 36.7156681 -4.4912144 0.00 268.17 0.86 36.7156680 -4.4912193 0.00 268.55 0.95 0.000 38.457 15:50:23.17
75 0 -23.0 -22.6 3.567 -2.337 0.0 0.0 0.0 36.7156681 -4.4912144 0.00 268.17 0.86 36.7156680 -4.4912204 0.00 268.40 0.91 0.000 38.457 15:50:23.28
75 0 -23.0 -22.6 2.337 -3.567 0.0 0.0 0.0 36.7156681 -4.4912144 0.00 268.17 0.86 36.7156680 -4.4912204 0.00 268.40 0.91 0.000 38.457 15:50:23.37
75 0 -23.7 -22.6 4.797 -2.583 0.0 0.0 0.0 36.7156682 -4.4912177 0.00 271.00 0.88 36.7156680 -4.4912215 0.00 268.36 1.00 0.000 38.457 15:50:23.46
75 0 -23.7 -22.6 2.460 -1.353 0.0 0.0 0.0 36.7156682 -4.4912177 0.00 271.00 0.88 36.7156680 -4.4912215 0.00 268.36 1.00 0.000 38.457 15:50:23.57
75 0 -23.7 -22.6 3.690 0.000 0.0 0.0 0.0 36.7156682 -4.4912177 0.00 271.00 0.88 36.7156680 -4.4912226 0.00 268.28 0.99 0.000 38.457 15:50:23.67
75 0 -23.7 -22.6 2.337 -2.214 0.0 0.0 0.0 36.7156682 -4.4912177 0.00 271.00 0.88 36.7156680 -4.4912226 0.00 268.28 0.99 0.000 38.457 15:50:23.78
75 0 -23.7 -22.6 7.626 -0.615 0.0 0.0 0.0 36.7156682 -4.4912177 0.00 271.00 0.88 36.7156679 -4.4912237 0.00 268.20 1.07 0.000 38.457 15:50:23.87
75 0 -23.7 -22.6 1.722 0.984 0.0 0.0 0.0 36.7156682 -4.4912177 0.00 271.00 0.88 36.7156679 -4.4912237 0.00 268.20 1.07 0.000 38.457 15:50:23.96
75 0 -23.7 -22.6 3.567 -4.920 0.0 0.0 0.0 36.7156681 -4.4912212 0.00 269.25 1.08 36.7156679 -4.4912249 0.00 268.31 1.04 0.000 38.457 15:50:24.07
75 0 -23.7 -22.6 5.535 1.353 0.0 0.0 0.0 36.7156681 -4.4912212 0.00 269.25 1.08 36.7156679 -4.4912249 0.00 268.31 1.04 0.000 38.457 15:50:24.17
75 0 -23.7 -22.6 4.059 -3.321 0.0 0.0 0.0 36.7156681 -4.4912212 0.00 269.25 1.08 36.7156679 -4.4912261 0.00 268.40 0.96 0.000 38.457 15:50:24.28
75 -1 -23.7 -22.6 3.813 0.000 0.0 0.0 0.0 36.7156681 -4.4912212 0.00 269.25 1.08 36.7156679 -4.4912261 0.00 268.40 0.96 0.000 38.457 15:50:24.37
75 -1 -23.7 -22.6 0.984 -5.904 0.0 0.0 0.0 36.7156681 -4.4912212 0.00 269.25 1.08 36.7156679 -4.4912272 0.00 268.50 0.98 0.000 38.457 15:50:24.46
75 -1 -23.7 -22.6 5.781 -0.861 0.0 0.0 0.0 36.7156681 -4.4912212 0.00 269.25 1.08 36.7156679 -4.4912272 0.00 268.50 0.98 0.000 38.457 15:50:24.57
75 -1 -23.7 -22.6 1.107 -2.337 0.0 0.0 0.0 36.7156680 -4.4912246 0.00 271.24 1.13 36.7156679 -4.4912284 0.00 268.49 1.05 0.000 38.457 15:50:24.67
75 -1 -23.7 -22.6 3.936 -2.460 0.0 0.0 0.0 36.7156680 -4.4912246 0.00 271.24 1.13 36.7156679 -4.4912284 0.00 268.49 1.05 0.000 38.457 15:50:24.78
75 -1 -23.7 -22.6 2.583 -0.861 0.0 0.0 0.0 36.7156680 -4.4912246 0.00 271.24 1.13 36.7156678 -4.4912295 0.00 268.41 1.03 0.000 38.457 15:50:24.87
75 -1 -23.7 -22.6 5.043 -2.583 0.0 0.0 0.0 36.7156680 -4.4912246 0.00 271.24 1.13 36.7156678 -4.4912295 0.00 268.41 1.03 0.000 38.457 15:50:24.98
75 -1 -23.7 -22.6 1.476 -1.968 0.0 0.0 0.0 36.7156680 -4.4912246 0.00 271.24 1.13 36.7156678 -4.4912306 0.00 268.33 1.04 0.000 38.457 15:50:25.07
75 -1 -23.7 -22.6 -0.738 -5.781 0.0 0.0 0.0 36.7156680 -4.4912246 0.00 271.24 1.13 36.7156678 -4.4912306 0.00 268.33 1.04 0.000 38.457 15:50:25.17
75 -1 -23.7 -22.6 0.123 -4.428 0.0 0.0 0.0 36.7156680 -4.4912279 0.00 268.63 1.03 36.7156678 -4.4912317 0.00 268.21 1.01 0.000 38.457 15:50:25.28
75 0 -23.7 -22.6 0.000 -5.043 0.0 0.0 0.0 36.7156680 -4.4912279 0.00 268.63 1.03 36.7156678 -4.4912317 0.00 268.21 1.01 0.000 38.457 15:50:25.37
75 0 -23.7 -22.6 1.722 -2.214 0.0 0.0 0.0 36.7156680 -4.4912279 0.00 268.63 1.03 36.7156678 -4.4912328 0.00 268.05 0.91 0.000 38.457 15:50:25.48
75 0 -23.7 -22.6 1.230 -3.321 0.0 0.0 0.0 36.7156680 -4.4912279 0.00 268.63 1.03 36.7156678 -4.4912328 0.00 268.05 0.91 0.000 38.457 15:50:25.57
75 0 -23.7 -22.6 1.599 -2.214 0.0 0.0 0.0 36.7156680 -4.4912279 0.00 268.63 1.03 36.7156677 -4.4912339 0.00 267.95 0.97 0.000 38.457 15:50:25.67
75 0 -23.7 -22.6 1.599 -4.674 0.0 0.0 0.0 36.7156680 -4.4912279 0.00 268.63 1.03 36.7156677 -4.4912339 0.00 267.95 0.97 0.000 38.457 15:50:25.78
75 0 -23.7 -22.6 2.706 -0.492 0.0 0.0 0.0 36.7156679 -4.4912313 0.00 269.18 0.97 36.7156677 -4.4912349 0.00 267.86 0.96 0.000 38.457 15:50:25.87
75 0 -23.7 -22.6 3.690 -6.396 0.0 0.0 0.0 36.7156679 -4.4912313 0.00 269.18 0.97 36.7156677 -4.4912349 0.00 267.86 0.96 0.000 38.457 15:50:25.98
75 0 -23.7 -22.6 3.321 1.230 0.0 0.0 0.0 36.7156679 -4.4912313 0.00 269.18 0.97 36.7156676 -4.4912361 0.00 267.86 0.97 0.000 38.457 15:50:26.07
75 0 -23.7 -22.6 1.476 -3.075 0.0 0.0 0.0 36.7156679 -4.4912313 0.00 269.18 0.97 36.7156676 -4.4912361 0.00 267.86 0.97 0.000 38.457 15:50:26.18
75 0 -23.7 -22.6 2.829 -3.444 0.0 0.0 0.0 36.7156679 -4.4912313 0.00 269.18 0.97 36.7156676 -4.4912372 0.00 267.91 1.00 0.000 38.457 15:50:26.28
75 0 -23.7 -22.6 1.968 -2.214 0.0 0.0 0.0 36.7156679 -4.4912313 0.00 269.18 0.97 36.7156676 -4.4912372 0.00 267.91 1.00 0.000 38.457 15:50:26.37
75 0 -23.7 -22.6 2.460 -3.567 0.0 0.0 0.0 36.7156678 -4.4912346 0.00 266.70 0.97 36.7156675 -4.4912383 0.00 267.92 1.02 0.000 38.457 15:50:26.48
75 0 -23.7 -22.6 2.583 -1.476 0.0 0.0 0.0 36.7156678 -4.4912346 0.00 266.70 0.97 36.7156675 -4.4912383 0.00 267.92 1.02 0.000 38.457 15:50:26.57
75 0 -23.7 -22.6 5.166 -5.289 0.0 0.0 0.0 36.7156678 -4.4912346 0.00 266.70 0.97 36.7156675 -4.4912393 0.00 268.03 0.93 0.000 38.457 15:50:26.68
75 0 -23.7 -22.6 0.615 -1.353 0.0 0.0 0.0 36.7156678 -4.4912346 0.00 266.70 0.97 36.7156675 -4.4912393 0.00 268.03 0.93 0.000 38.457 15:50:26.78
75 0 -23.7 -22.6 2.091 -4.920 0.0 0.0 0.0 36.7156678 -4.4912346 0.00 266.70 0.97 36.7156675 -4.4912405 0.00 268.14 0.94 0.000 38.457 15:50:26.87
75 0 -23.7 -22.6 1.722 -1.353 0.0 0.0 0.0 36.7156678 -4.4912346 0.00 266.70 0.97 36.7156675 -4.4912405 0.00 268.14 0.94 0.000 38.457 15:50:26.98
75 0 -23.7 -22.6 1.230 -3.444 0.0 0.0 0.0 36.7156677 -4.4912378 0.00 267.28 0.72 36.7156674 -4.4912416 0.00 268.28 1.00 0.000 38.457 15:50:27.07
75 0 -23.7 -22.6 2.337 -1.845 0.0 0.0 0.0 36.7156677 -4.4912378 0.00 267.28 0.72 36.7156674 -4.4912416 0.00 268.28 1.00 0.000 38.457 15:50:27.18
75 0 -23.7 -22.6 0.123 -2.952 0.0 0.0 0.0 36.7156677 -4.4912378 0.00 267.28 0.72 36.7156674 -4.4912427 0.00 268.29 1.01 0.000 38.457 15:50:27.28
75 0 -23.7 -22.6 5.412 -2.829 0.0 0.0 0.0 36.7156677 -4.4912378 0.00 267.28 0.72 36.7156674 -4.4912427 0.00 268.29 1.01 0.000 38.457 15:50:27.39
75 0 -23.7 -22.6 3.936 -0.984 0.0 0.0 0.0 36.7156677 -4.4912378 0.00 267.28 0.72 36.7156674 -4.4912439 0.00 268.35 0.99 0.000 38.457 15:50:27.48
75 0 -23.7 -22.6 5.043 -1.722 0.0 0.0 0.0 36.7156677 -4.4912378 0.00 267.28 0.72 36.7156674 -4.4912439 0.00 268.35 0.99 0.000 38.457 15:50:27.57
75 0 -23.7 -22.6 2.583 -2.460 0.0 0.0 0.0 36.7156676 -4.4912413 0.00 271.82 1.06 36.7156674 -4.4912450 0.00 268.35 0.92 0.000 38.457 15:50:27.68
75 0 -23.7 -22.6 2.337 -3.690 0.0 0.0 0.0 36.7156676 -4.4912413 0.00 271.82 1.06 36.7156674 -4.4912450 0.00 268.35 0.92 0.000 38.457 15:50:27.78
75 0 -23.7 -22.6 1.230 -1.968 0.0 0.0 0.0 36.7156676 -4.4912413 0.00 271.82 1.06 36.7156674 -4.4912461 0.00 268.21 0.97 0.000 38.457 15:50:27.89
75 1 -23.7 -22.6 2.460 -1.968 0.0 0.0 0.0 36.7156676 -4.4912413 0.00 271.82 1.06 36.7156674 -4.4912461 0.00 268.21 0.97 0.000 38.457 15:50:27.98
75 1 -23.7 -22.6 5.412 0.369 0.0 0.0 0.0 36.7156676 -4.4912413 0.00 271.82 1.06 36.7156674 -4.4912472 0.00 268.17 0.95 0.000 38.457 15:50:28.09
75 1 -23.7 -22.6 3.936 -2.460 0.0 0.0 0.0 36.7156676 -4.4912413 0.00 271.82 1.06 36.7156674 -4.4912472 0.00 268.17 0.95 0.000 38.457 15:50:28.18
75 1 -23.7 -22.6 5.043 -0.123 0.0 0.0 0.0 36.7156676 -4.4912448 0.00 271.42 1.20 36.7156674 -4.4912483 0.00 268.09 0.96 0.000 38.457 15:50:28.28
75 2 -23.7 -22.6 5.166 0.738 0.0 0.0 0.0 36.7156676 -4.4912448 0.00 271.42 1.20 36.7156674 -4.4912483 0.00 268.09 0.96 0.000 38.457 15:50:28.39
75 2 -21.8 -23.4 5.535 -3.075 0.0 0.0 0.0 36.7156676 -4.4912448 0.00 271.42 1.20 36.7156674 -4.4912494 0.00 268.37 1.01 0.000 38.457 15:50:28.48
75 1 -21.8 -23.4 4.797 0.615 0.0 0.0 0.0 36.7156676 -4.4912448 0.00 271.42 1.20 36.7156674 -4.4912494 0.00 268.37 1.01 0.000 38.457 15:50:28.59
75 1 -21.8 -23.4 5.412 -0.615 0.0 0.0 0.0 36.7156676 -4.4912448 0.00 271.42 1.20 36.7156674 -4.4912506 0.00 268.65 1.03 0.000 38.457 15:50:28.68
75 1 -21.8 -23.4 2.952 -0.246 0.0 0.0 0.0 36.7156676 -4.4912448 0.00 271.42 1.20 36.7156674 -4.4912506 0.00 268.65 1.03 0.000 38.457 15:50:28.79
75 1 -21.8 -23.4 6.150 -0.492 0.0 0.0 0.0 36.7156676 -4.4912480 0.00 270.35 0.94 36.7156674 -4.4912517 0.00 269.01 1.04 0.000 38.457 15:50:28.89
75 0 -21.8 -23.4 1.230 -0.123 0.0 0.0 0.0 36.7156676 -4.4912480 0.00 270.35 0.94 36.7156674 -4.4912517 0.00 269.01 1.04 0.000 38.457 15:50:28.98
75 0 -21.8 -23.4 3.936 -1.722 0.0 0.0 0.0 36.7156676 -4.4912480 0.00 270.35 0.94 36.7156674 -4.4912528 0.00 269.28 0.93 0.000 38.457 15:50:29.09
75 0 -21.8 -23.4 4.428 -0.861 0.0 0.0 0.0 36.7156676 -4.4912480 0.00 270.35 0.94 36.7156674 -4.4912528 0.00 269.28 0.93 0.000 38.457 15:50:29.18
75 0 -21.8 -23.4 2.460 -1.968 0.0 0.0 0.0 36.7156676 -4.4912480 0.00 270.35 0.94 36.7156674 -4.4912539 0.00 269.64 0.92 0.000 38.457 15:50:29.29
75 0 -21.8 -23.4 5.658 -0.615 0.0 0.0 0.0 36.7156676 -4.4912480 0.00 270.35 0.94 36.7156674 -4.4912539 0.00 269.64 0.92 0.000 38.457 15:50:29.39
75 0 -21.8 -23.4 -0.615 -4.182 0.0 0.0 0.0 36.7156675 -4.4912513 0.00 267.25 0.66 36.7156674 -4.4912550 0.00 269.76 0.96 0.000 38.457 15:50:29.48
75 0 -21.8 -23.4 3.813 -3.198 0.0 0.0 0.0 36.7156675 -4.4912513 0.00 267.25 0.66 36.7156674 -4.4912550 0.00 269.76 0.96 0.000 38.457 15:50:29.59
75 0 -21.8 -23.4 0.861 -2.091 0.0 0.0 0.0 36.7156675 -4.4912513 0.00 267.25 0.66 36.7156674 -4.4912561 0.00 269.89 1.04 0.000 38.457 15:50:29.68
75 -1 -21.8 -23.4 3.567 -6.642 0.0 0.0 0.0 36.7156675 -4.4912513 0.00 267.25 0.66 36.7156674 -4.4912561 0.00 269.89 1.04 0.000 38.457 15:50:29.79
75 -1 -21.8 -23.4 -0.369 -1.476 0.0 0.0 0.0 36.7156675 -4.4912513 0.00 267.25 0.66 36.7156674 -4.4912573 0.00 270.14 1.06 0.000 38.457 15:50:29.89
75 -1 -21.8 -23.4 0.246 -6.642 0.0 0.0 0.0 36.7156675 -4.4912513 0.00 267.25 0.66 36.7156674 -4.4912573 0.00 270.14 1.06 0.000 38.457 15:50:30.00
75 -1 -21.8 -23.4 3.813 0.492 0.0 0.0 0.0 36.7156675 -4.4912547 0.00 279.34 1.04 36.7156673 -4.4912585 0.00 270.17 1.05 0.000 38.457 15:50:30.09
75 -1 -21.8 -23.4 0.369 -6.027 0.0 0.0 0.0 36.7156675 -4.4912547 0.00 279.34 1.04 36.7156673 -4.4912585 0.00 270.17 1.05 0.000 38.457 15:50:30.18
75 -1 -21.8 -23.4 5.781 -1.353 0.0 0.0 0.0 36.7156675 -4.4912547 0.00 279.34 1.04 36.7156673 -4.4912596 0.00 270.06 1.03 0.000 38.457 15:50:30.29
75 -1 -21.8 -23.4 0.861 -4.428 0.0 0.0 0.0 36.7156675 -4.4912547 0.00 279.34 1.04 36.7156673 -4.4912596 0.00 270.06 1.03 0.000 38.457 15:50:30.39
75 -1 -21.8 -23.4 3.567 -1.845 0.0 0.0 0.0 36.7156675 -4.4912547 0.00 279.34 1.04 36.7156673 -4.4912609 0.00 269.89 1.08 0.000 38.457 15:50:30.50
75 -1 -21.8 -23.4 1.845 -1.107 0.0 0.0 0.0 36.7156675 -4.4912547 0.00 279.34 1.04 36.7156673 -4.4912609 0.00 269.89 1.08 0.000 38.457 15:50:30.59
75 -1 -21.8 -23.4 0.369 -6.150 0.0 0.0 0.0 36.7156675 -4.4912581 0.00 269.18 1.13 36.7156673 -4.4912620 0.00 269.67 1.05 0.000 38.457 15:50:30.70
75 0 -21.8 -23.4 1.722 -1.353 0.0 0.0 0.0 36.7156675 -4.4912581 0.00 269.18 1.13 36.7156673 -4.4912620 0.00 269.67 1.05 0.000 38.457 15:50:30.79
75 0 -21.8 -23.4 1.968 -7.503 0.0 0.0 0.0 36.7156675 -4.4912581 0.00 269.18 1.13 36.7156673 -4.4912632 0.00 269.48 0.99 0.000 38.457 15:50:30.89
75 0 -21.8 -23.4 2.214 -1.722 0.0 0.0 0.0 36.7156675 -4.4912581 0.00 269.18 1.13 36.7156673 -4.4912632 0.00 269.48 0.99 0.000 38.457 15:50:31.00
75 0 -21.8 -23.4 1.476 -3.198 0.0 0.0 0.0 36.7156675 -4.4912581 0.00 269.18 1.13 36.7156673 -4.4912643 0.00 269.30 0.99 0.000 38.457 15:50:31.09
75 0 -21.8 -23.4 4.428 -0.738 0.0 0.0 0.0 36.7156675 -4.4912581 0.00 269.18 1.13 36.7156673 -4.4912643 0.00 269.30 0.99 0.000 38.457 15:50:31.20
75 0 -21.8 -23.4 2.214 -2.337 0.0 0.0 0.0 36.7156675 -4.4912615 0.00 275.22 0.69 36.7156673 -4.4912654 0.00 269.31 0.98 0.000 38.457 15:50:31.29
75 0 -21.8 -23.4 3.444 -0.123 0.0 0.0 0.0 36.7156675 -4.4912615 0.00 275.22 0.69 36.7156673 -4.4912654 0.00 269.31 0.98 0.000 38.457 15:50:31.40
75 0 -21.8 -23.4 2.214 -2.583 0.0 0.0 0.0 36.7156675 -4.4912615 0.00 275.22 0.69 36.7156673 -4.4912666 0.00 269.26 0.97 0.000 38.457 15:50:31.50
75 0 -21.8 -23.4 4.551 -2.460 0.0 0.0 0.0 36.7156675 -4.4912615 0.00 275.22 0.69 36.7156673 -4.4912666 0.00 269.26 0.97 0.000 38.457 15:50:31.59
75 0 -21.8 -23.4 2.091 -3.075 0.0 0.0 0.0 36.7156675 -4.4912615 0.00 275.22 0.69 36.7156673 -4.4912677 0.00 269.25 1.04 0.000 38.457 15:50:31.70
75 0 -21.8 -23.4 0.984 -2.952 0.0 0.0 0.0 36.7156675 -4.4912615 0.00 275.22 0.69 36.7156673 -4.4912677 0.00 269.25 1.04 0.000 38.457 15:50:31.79
75 0 -21.8 -23.4 2.460 -1.353 0.0 0.0 0.0 36.7156674 -4.4912648 0.00 274.03 0.69 36.7156673 -4.4912688 0.00 269.33 1.03 0.000 38.457 15:50:31.90
75 0 -21.8 -23.4 1.353 -3.813 0.0 0.0 0.0 36.7156674 -4.4912648 0.00 274.03 0.69 36.7156673 -4.4912688 0.00 269.33 1.03 0.000 38.457 15:50:32.00
75 0 -21.8 -23.4 2.829 -2.829 0.0 0.0 0.0 36.7156674 -4.4912648 0.00 274.03 0.69 36.7156673 -4.4912699 0.00 269.44 1.03 0.000 38.457 15:50:32.09
75 0 -21.8 -23.4 1.845 -3.690 0.0 0.0 0.0 36.7156674 -4.4912648 0.00 274.03 0.69 36.7156673 -4.4912699 0.00 269.44 1.03 0.000 38.457 15:50:32.20
75 0 -21.8 -23.4 3.567 -0.369 0.0 0.0 0.0 36.7156674 -4.4912648 0.00 274.03 0.69 36.7156673 -4.4912710 0.00 269.45 0.98 0.000 38.457 15:50:32.29
75 0 -21.8 -23.4 3.321 -3.075 0.0 0.0 0.0 36.7156674 -4.4912648 0.00 274.03 0.69 36.7156673 -4.4912710 0.00 269.45 0.98 0.000 38.457 15:50:32.40
75 0 -21.8 -23.4 6.027 -1.968 0.0 0.0 0.0 36.7156674 -4.4912683 0.00 273.12 1.27 36.7156673 -4.4912721 0.00 269.41 1.01 0.000 38.457 15:50:32.50
75 0 -21.8 -23.4 2.829 -1.230 0.0 0.0 0.0 36.7156674 -4.4912683 0.00 273.12 1.27 36.7156673 -4.4912721 0.00 269.41 1.01 0.000 38.457 15:50:32.59
75 0 -21.8 -23.4 6.765 0.861 0.0 0.0 0.0 36.7156674 -4.4912683 0.00 273.12 1.27 36.7156673 -4.4912732 0.00 269.33 0.96 0.000 38.457 15:50:32.70
75 0 -21.8 -23.4 2.460 -1.722 0.0 0.0 0.0 36.7156674 -4.4912683 0.00 273.12 1.27 36.7156673 -4.4912732 0.00 269.33 0.96 0.000 38.457 15:50:32.79
75 0 -21.8 -23.4 4.797 -4.797 0.0 0.0 0.0 36.7156674 -4.4912683 0.00 273.12 1.27 36.7156673 -4.4912743 0.00 269.38 1.05 0.000 38.457 15:50:32.90
75 0 -21.8 -23.4 3.075 -1.722 0.0 0.0 0.0 36.7156674 -4.4912683 0.00 273.12 1.27 36.7156673 -4.4912743 0.00 269.38 1.05 0.000 38.457 15:50:33.00
75 0 -21.8 -23.4 3.936 -5.043 0.0 0.0 0.0 36.7156675 -4.4912717 0.00 277.55 1.13 36.7156673 -4.4912754 0.00 269.41 1.05 0.000 38.457 15:50:33.09
75 -1 -21.8 -23.4 2.706 1.230 0.0 0.0 0.0 36.7156675 -4.4912717 0.00 277.55 1.13 36.7156673 -4.4912754 0.00 269.41 1.05 0.000 38.457 15:50:33.20
75 -1 -21.8 -23.4 2.460 -5.535 0.0 0.0 0.0 36.7156675 -4.4912717 0.00 277.55 1.13 36.7156673 -4.4912766 0.00 269.51 1.06 0.000 38.457 15:50:33.29
75 -1 -21.8 -23.4 4.059 -0.861 0.0 0.0 0.0 36.7156675 -4.4912717 0.00 277.55 1.13 36.7156673 -4.4912766 0.00 269.51 1.06 0.000 38.457 15:50:33.40
75 -1 -23.0 -21.8 -0.615 -5.043 0.0 0.0 0.0 36.7156675 -4.4912717 0.00 277.55 1.13 36.7156673 -4.4912779 0.00 269.72 1.05 0.000 38.672 15:50:33.50
75 -1 -23.0 -21.8 3.936 -4.182 0.0 0.0 0.0 36.7156675 -4.4912717 0.00 277.55 1.13 36.7156673 -4.4912779 0.00 269.72 1.05 0.000 38.672 15:50:33.60
75 -1 -23.0 -21.8 0.861 -3.444 0.0 0.0 0.0 36.7156675 -4.4912752 0.00 272.19 1.24 36.7156672 -4.4912791 0.00 269.74 1.09 0.000 38.672 15:50:33.70
75 -1 -23.0 -21.8 3.813 -2.829 0.0 0.0 0.0 36.7156675 -4.4912752 0.00 272.19 1.24 36.7156672 -4.4912791 0.00 269.74 1.09 0.000 38.672 15:50:33.79
75 -1 -23.0 -21.8 -1.353 -1.476 0.0 0.0 0.0 36.7156675 -4.4912752 0.00 272.19 1.24 36.7156672 -4.4912803 0.00 269.71 1.11 0.000 38.672 15:50:33.90
75 -1 -23.0 -21.8 0.861 -6.273 0.0 0.0 0.0 36.7156675 -4.4912752 0.00 272.19 1.24 36.7156672 -4.4912803 0.00 269.71 1.11 0.000 38.672 15:50:34.00
75 -1 -23.0 -21.8 3.444 -2.091 0.0 0.0 0.0 36.7156675 -4.4912752 0.00 272.19 1.24 36.7156672 -4.4912816 0.00 269.50 1.06 0.000 38.672 15:50:34.10
75 -1 -23.0 -21.8 -0.984 -6.027 0.0 0.0 0.0 36.7156675 -4.4912752 0.00 272.19 1.24 36.7156672 -4.4912816 0.00 269.50 1.06 0.000 38.672 15:50:34.20
75 -1 -23.0 -21.8 3.690 -5.166 0.0 0.0 0.0 36.7156674 -4.4912786 0.00 269.40 0.79 36.7156672 -4.4912826 0.00 269.35 1.10 0.000 38.672 15:50:34.31
75 -1 -23.0 -21.8 -1.107 -2.337 0.0 0.0 0.0 36.7156674 -4.4912786 0.00 269.40 0.79 36.7156672 -4.4912826 0.00 269.35 1.10 0.000 38.672 15:50:34.40
75 -1 -23.0 -21.8 1.968 -6.150 0.0 0.0 0.0 36.7156674 -4.4912786 0.00 269.40 0.79 36.7156672 -4.4912837 0.00 269.14 1.02 0.000 38.672 15:50:34.50
0 0 -23.0 -21.8 -0.615 -2.091 0.0 0.0 0.0 36.7156674 -4.4912786 0.00 269.40 0.79 36.7156672 -4.4912837 0.00 269.14 1.02 0.000 38.672 15:50:34.60
0 0 -23.0 -21.8 -52.521 37.884 0.0 0.0 0.0 36.7156674 -4.4912786 0.00 269.40 0.79 36.7156672 -4.4912848 0.00 268.98 1.00 0.000 38.672 15:50:34.70
