75 -6 -22.6 -23.7 0.123 -8.856 0.0 0.0 0.0 36.7156596 -4.4910421 0.00 229.25 0.01 36.7156701 -4.4910813 0.00 271.43 1.07 0.000 38.672 14:36:56.64
75 -6 -22.6 -23.7 0.738 -4.551 0.0 0.0 0.0 36.7156596 -4.4910421 0.00 229.25 0.01 36.7156701 -4.4910813 0.00 271.43 1.07 0.000 38.672 14:36:56.73
75 -3 -22.6 -23.7 -1.845 -8.610 0.0 0.0 0.0 36.7156596 -4.4910421 0.00 229.25 0.01 36.7156701 -4.4910813 0.00 271.43 1.07 0.000 38.672 14:36:56.84
75 -3 -22.6 -23.7 1.353 -6.642 0.0 0.0 0.0 36.7156596 -4.4910421 0.00 229.25 0.01 36.7156701 -4.4910813 0.00 271.43 1.07 0.000 38.672 14:36:56.93
75 -3 -22.6 -23.7 -1.107 -5.781 0.0 0.0 0.0 36.7156596 -4.4910421 0.00 229.25 0.01 36.7156701 -4.4910813 0.00 271.43 1.07 0.000 38.672 14:36:57.04
75 -3 -22.6 -23.7 0.123 -7.011 0.0 0.0 0.0 36.7156596 -4.4910421 0.00 229.25 0.01 36.7156701 -4.4910813 0.00 271.43 1.07 0.000 38.672 14:36:57.14
75 -3 -22.6 -23.7 -1.353 -3.936 0.0 0.0 0.0 36.7156596 -4.4910421 0.00 229.25 0.01 36.7156698 -4.4910847 0.00 268.03 0.99 0.000 38.672 14:36:57.23
75 -3 -22.6 -23.7 -1.968 -7.872 0.0 0.0 0.0 36.7156596 -4.4910421 0.00 229.25 0.01 36.7156698 -4.4910847 0.00 268.03 0.99 0.000 38.672 14:36:57.34
75 0 -22.6 -23.7 0.861 -6.150 0.0 0.0 0.0 36.7156596 -4.4910421 0.00 229.25 0.01 36.7156698 -4.4910847 0.00 268.03 0.99 0.000 38.672 14:36:57.43
75 0 -22.6 -23.7 -1.353 -4.674 0.0 0.0 0.0 36.7156596 -4.4910421 0.00 229.25 0.01 36.7156698 -4.4910847 0.00 268.03 0.99 0.000 38.672 14:36:57.54
75 0 -22.6 -23.7 2.829 -3.936 0.0 0.0 0.0 36.7156596 -4.4910421 0.00 229.25 0.01 36.7156698 -4.4910847 0.00 268.03 0.99 0.000 38.672 14:36:57.64
75 0 -22.6 -23.7 1.599 -3.198 0.0 0.0 0.0 36.7156596 -4.4910421 0.00 229.25 0.01 36.7156698 -4.4910847 0.00 268.03 0.99 0.000 38.672 14:36:57.75
75 0 -22.6 -23.7 -0.246 -6.273 0.0 0.0 0.0 36.7156596 -4.4910421 0.00 229.25 0.01 36.7156695 -4.4910880 0.00 266.85 0.82 0.000 38.672 14:36:57.84
75 0 -22.6 -23.7 -0.738 -1.476 0.0 0.0 0.0 36.7156596 -4.4910421 0.00 229.25 0.01 36.7156695 -4.4910880 0.00 266.85 0.82 0.000 38.672 14:36:57.95
75 1 -22.6 -23.7 2.214 -4.305 0.0 0.0 0.0 36.7156596 -4.4910421 0.00 229.25 0.01 36.7156695 -4.4910880 0.00 266.85 0.82 0.000 38.672 14:36:58.04
75 1 -22.6 -23.7 2.337 -0.984 0.0 0.0 0.0 36.7156596 -4.4910421 0.00 229.25 0.01 36.7156695 -4.4910880 0.00 266.85 0.82 0.000 38.672 14:36:58.14
75 1 -22.6 -23.7 1.722 -1.476 0.0 0.0 0.0 36.7156596 -4.4910421 0.00 229.25 0.01 36.7156695 -4.4910880 0.00 266.85 0.82 0.000 38.672 14:36:58.25
75 1 -22.6 -23.7 6.396 -3.936 0.0 0.0 0.0 36.7156596 -4.4910421 0.00 229.25 0.01 36.7156695 -4.4910880 0.00 266.85 0.82 0.000 38.672 14:36:58.34
75 1 -22.6 -23.7 3.075 -1.353 0.0 0.0 0.0 36.7156596 -4.4910421 0.00 229.25 0.01 36.7156691 -4.4910914 0.00 260.62 1.08 0.000 38.672 14:36:58.45
75 1 -22.6 -23.7 4.674 -3.321 0.0 0.0 0.0 36.7156596 -4.4910421 0.00 229.25 0.01 36.7156691 -4.4910914 0.00 260.62 1.08 0.000 38.672 14:36:58.54
75 6 -22.6 -23.7 4.674 -0.984 0.0 0.0 0.0 36.7156596 -4.4910421 0.00 229.25 0.01 36.7156691 -4.4910914 0.00 260.62 1.08 0.000 38.672 14:36:58.64
75 6 -22.6 -23.7 2.829 -1.230 0.0 0.0 0.0 36.7156596 -4.4910421 0.00 229.25 0.01 36.7156691 -4.4910914 0.00 260.62 1.08 0.000 38.672 14:36:58.75
75 6 -22.6 -23.7 7.011 0.984 0.0 0.0 0.0 36.7156596 -4.4910421 0.00 229.25 0.01 36.7156691 -4.4910914 0.00 260.62 1.08 0.000 38.672 14:36:58.84
75 6 -22.6 -23.7 4.428 1.230 0.0 0.0 0.0 36.7156596 -4.4910421 0.00 229.25 0.01 36.7156691 -4.4910914 0.00 260.62 1.08 0.000 38.672 14:36:58.95
75 6 -22.6 -23.7 5.535 -1.230 0.0 0.0 0.0 36.7156596 -4.4910421 0.00 229.25 0.01 36.7156688 -4.4910947 0.00 265.07 1.10 0.000 38.672 14:36:59.04
75 6 -22.6 -23.7 7.503 4.551 0.0 0.0 0.0 36.7156596 -4.4910421 0.00 229.25 0.01 36.7156688 -4.4910947 0.00 265.07 1.10 0.000 38.672 14:36:59.15
75 6 -22.6 -23.7 5.289 0.738 0.0 0.0 0.0 36.7156596 -4.4910421 0.00 229.25 0.01 36.7156688 -4.4910947 0.00 265.07 1.10 0.000 38.672 14:36:59.25
75 6 -22.6 -23.7 8.733 4.305 0.0 0.0 0.0 36.7156596 -4.4910421 0.00 229.25 0.01 36.7156688 -4.4910947 0.00 265.07 1.10 0.000 38.672 14:36:59.34
75 4 -22.6 -23.7 6.642 1.599 0.0 0.0 0.0 36.7156596 -4.4910421 0.00 229.25 0.01 36.7156688 -4.4910947 0.00 265.07 1.10 0.000 38.672 14:36:59.45
75 4 -22.6 -23.7 4.920 -1.968 0.0 0.0 0.0 36.7156596 -4.4910421 0.00 229.25 0.01 36.7156688 -4.4910947 0.00 265.07 1.10 0.000 38.672 14:36:59.54
75 4 -22.6 -23.7 6.888 2.460 0.0 0.0 0.0 36.7156596 -4.4910421 0.00 229.25 0.01 36.7156684 -4.4910980 0.00 261.87 1.13 0.000 38.672 14:36:59.65
75 4 -22.6 -23.4 4.797 -0.492 0.0 0.0 0.0 36.7156596 -4.4910421 0.00 229.25 0.01 36.7156684 -4.4910980 0.00 261.87 1.13 0.000 38.672 14:36:59.75
75 6 -22.6 -23.4 6.150 4.428 0.0 0.0 0.0 36.7156596 -4.4910421 0.00 229.25 0.01 36.7156684 -4.4910980 0.00 261.87 1.13 0.000 38.672 14:36:59.85
75 6 -22.6 -23.4 5.166 0.615 0.0 0.0 0.0 36.7156596 -4.4910421 0.00 229.25 0.01 36.7156684 -4.4910980 0.00 261.87 1.13 0.000 38.672 14:36:59.95
75 6 -22.6 -23.4 8.487 1.845 0.0 0.0 0.0 36.7156596 -4.4910421 0.00 229.25 0.01 36.7156684 -4.4910980 0.00 261.87 1.13 0.000 38.672 14:37:00.04
75 6 -22.6 -23.4 7.503 2.337 0.0 0.0 0.0 36.7156596 -4.4910421 0.00 229.25 0.01 36.7156684 -4.4910980 0.00 261.87 1.13 0.000 38.672 14:37:00.15
75 6 -22.6 -23.4 10.086 0.738 0.0 0.0 0.0 36.7156596 -4.4910421 0.00 229.25 0.01 36.7156682 -4.4911015 0.00 267.15 0.93 0.000 38.672 14:37:00.25
75 3 -22.6 -23.4 5.904 3.690 0.0 0.0 0.0 36.7156596 -4.4910421 0.00 229.25 0.01 36.7156682 -4.4911015 0.00 267.15 0.93 0.000 38.672 14:37:00.35
75 3 -22.6 -23.4 5.535 1.230 0.0 0.0 0.0 36.7156596 -4.4910421 0.00 229.25 0.01 36.7156682 -4.4911015 0.00 267.15 0.93 0.000 38.672 14:37:00.45
75 3 -22.6 -23.4 10.332 2.214 0.0 0.0 0.0 36.7156596 -4.4910421 0.00 229.25 0.01 36.7156682 -4.4911015 0.00 267.15 0.93 0.000 38.672 14:37:00.54
75 3 -22.6 -23.4 9.225 3.321 0.0 0.0 0.0 36.7156596 -4.4910421 0.00 229.25 0.01 36.7156682 -4.4911015 0.00 267.15 0.93 0.000 38.672 14:37:00.65
75 3 -22.6 -23.4 6.519 1.599 0.0 0.0 0.0 36.7156596 -4.4910421 0.00 229.25 0.01 36.7156682 -4.4911015 0.00 267.15 0.93 0.000 38.672 14:37:00.75
75 3 -22.6 -23.4 7.257 3.936 0.0 0.0 0.0 36.7156596 -4.4910421 0.00 229.25 0.01 36.7156681 -4.4911048 0.00 271.05 0.83 0.000 38.672 14:37:00.85
75 1 -22.6 -23.4 6.642 3.075 0.0 0.0 0.0 36.7156596 -4.4910421 0.00 229.25 0.01 36.7156681 -4.4911048 0.00 271.05 0.83 0.000 38.672 14:37:00.95
75 1 -22.6 -23.4 7.134 0.615 0.0 0.0 0.0 36.7156596 -4.4910421 0.00 229.25 0.01 36.7156681 -4.4911048 0.00 271.05 0.83 0.000 38.672 14:37:01.04
75 1 -22.6 -23.4 8.364 2.829 0.0 0.0 0.0 36.7156596 -4.4910421 0.00 229.25 0.01 36.7156681 -4.4911048 0.00 271.05 0.83 0.000 38.672 14:37:01.15
75 1 -22.6 -23.4 6.150 -2.952 0.0 0.0 0.0 36.7156596 -4.4910421 0.00 229.25 0.01 36.7156681 -4.4911048 0.00 271.05 0.83 0.000 38.672 14:37:01.25
75 1 -22.6 -23.4 5.043 1.230 0.0 0.0 0.0 36.7156596 -4.4910421 0.00 229.25 0.01 36.7156681 -4.4911048 0.00 271.05 0.83 0.000 38.672 14:37:01.35
75 1 -22.6 -23.4 3.813 -3.075 0.0 0.0 0.0 36.7156596 -4.4910421 0.00 229.25 0.01 36.7156680 -4.4911082 0.00 272.07 1.04 0.000 38.672 14:37:01.45
75 0 -22.6 -23.4 2.583 2.091 0.0 0.0 0.0 36.7156596 -4.4910421 0.00 229.25 0.01 36.7156680 -4.4911082 0.00 272.07 1.04 0.000 38.672 14:37:01.54
75 0 -22.6 -23.4 3.444 0.123 0.0 0.0 0.0 36.7156596 -4.4910421 0.00 229.25 0.01 36.7156680 -4.4911082 0.00 272.07 1.04 0.000 38.672 14:37:01.65
75 0 -22.6 -23.4 3.444 -4.305 0.0 0.0 0.0 36.7156596 -4.4910421 0.00 229.25 0.01 36.7156680 -4.4911082 0.00 272.07 1.04 0.000 38.672 14:37:01.75
75 0 -22.6 -23.4 2.460 1.599 0.0 0.0 0.0 36.7156596 -4.4910421 0.00 229.25 0.01 36.7156680 -4.4911082 0.00 272.07 1.04 0.000 38.672 14:37:01.85
75 0 -22.6 -23.4 2.337 -5.289 0.0 0.0 0.0 36.7156596 -4.4910421 0.00 229.25 0.01 36.7156680 -4.4911082 0.00 272.07 1.04 0.000 38.672 14:37:01.95
75 0 -22.6 -23.4 0.984 -0.984 0.0 0.0 0.0 36.7156596 -4.4910421 0.00 229.25 0.01 36.7156681 -4.4911116 0.00 274.30 1.02 0.000 38.672 14:37:02.04
75 -1 -22.6 -23.4 4.059 -3.321 0.0 0.0 0.0 36.7156596 -4.4910421 0.00 229.25 0.01 36.7156681 -4.4911116 0.00 274.30 1.02 0.000 38.672 14:37:02.15
75 -1 -22.6 -23.4 4.674 -2.706 0.0 0.0 0.0 36.7156596 -4.4910421 0.00 229.25 0.01 36.7156681 -4.4911116 0.00 274.30 1.02 0.000 38.672 14:37:02.25
75 -1 -22.6 -23.4 1.845 -0.246 0.0 0.0 0.0 36.7156596 -4.4910421 0.00 229.25 0.01 36.7156681 -4.4911116 0.00 274.30 1.02 0.000 38.672 14:37:02.35
75 -1 -22.6 -23.4 0.861 -6.027 0.0 0.0 0.0 36.7156596 -4.4910421 0.00 229.25 0.01 36.7156681 -4.4911116 0.00 274.30 1.02 0.000 38.672 14:37:02.45
75 -1 -22.6 -23.4 0.738 -1.476 0.0 0.0 0.0 36.7156596 -4.4910421 0.00 229.25 0.01 36.7156681 -4.4911116 0.00 274.30 1.02 0.000 38.672 14:37:02.54
75 -1 -22.6 -23.4 2.337 -3.567 0.0 0.0 0.0 36.7156596 -4.4910421 0.00 229.25 0.01 36.7156683 -4.4911149 0.00 275.93 0.76 0.000 38.672 14:37:02.65
75 -2 -22.6 -23.4 4.428 -2.091 0.0 0.0 0.0 36.7156596 -4.4910421 0.00 229.25 0.01 36.7156683 -4.4911149 0.00 275.93 0.76 0.000 38.672 14:37:02.75
75 -2 -22.6 -23.4 3.321 -1.845 0.0 0.0 0.0 36.7156596 -4.4910421 0.00 229.25 0.01 36.7156683 -4.4911149 0.00 275.93 0.76 0.000 38.672 14:37:02.85
75 -2 -22.6 -23.4 1.845 -3.813 0.0 0.0 0.0 36.7156596 -4.4910421 0.00 229.25 0.01 36.7156683 -4.4911149 0.00 275.93 0.76 0.000 38.672 14:37:02.95
75 -2 -22.6 -23.4 2.706 -0.738 0.0 0.0 0.0 36.7156596 -4.4910421 0.00 229.25 0.01 36.7156683 -4.4911149 0.00 275.93 0.76 0.000 38.672 14:37:03.04
75 -2 -22.6 -23.4 0.984 -5.535 0.0 0.0 0.0 36.7156596 -4.4910421 0.00 229.25 0.01 36.7156683 -4.4911149 0.00 275.93 0.76 0.000 38.672 14:37:03.15
75 -2 -22.6 -23.4 -0.615 -1.722 0.0 0.0 0.0 36.7156596 -4.4910421 0.00 229.25 0.01 36.7156684 -4.4911182 0.00 277.85 0.98 0.000 38.672 14:37:03.25
75 -3 -22.6 -23.4 1.476 -3.690 0.0 0.0 0.0 36.7156596 -4.4910421 0.00 229.25 0.01 36.7156684 -4.4911182 0.00 277.85 0.98 0.000 38.672 14:37:03.35
75 -3 -22.6 -23.4 0.861 -5.043 0.0 0.0 0.0 36.7156596 -4.4910421 0.00 229.25 0.01 36.7156684 -4.4911182 0.00 277.85 0.98 0.000 38.672 14:37:03.45
75 -3 -22.6 -23.4 -0.123 -4.551 0.0 0.0 0.0 36.7156596 -4.4910421 0.00 229.25 0.01 36.7156684 -4.4911182 0.00 277.85 0.98 0.000 38.672 14:37:03.54
75 -3 -22.6 -23.4 0.984 -9.348 0.0 0.0 0.0 36.7156596 -4.4910421 0.00 229.25 0.01 36.7156684 -4.4911182 0.00 277.85 0.98 0.000 38.672 14:37:03.65
75 -3 -22.6 -23.4 -1.599 -5.412 0.0 0.0 0.0 36.7156596 -4.4910421 0.00 229.25 0.01 36.7156684 -4.4911182 0.00 277.85 0.98 0.000 38.672 14:37:03.75
75 -3 -22.6 -23.4 -0.492 -7.995 0.0 0.0 0.0 36.7156596 -4.4910421 0.00 229.25 0.01 36.7156684 -4.4911217 0.00 272.99 1.15 0.000 38.672 14:37:03.85
75 -3 -22.6 -23.4 1.845 -6.273 0.0 0.0 0.0 36.7156596 -4.4910421 0.00 229.25 0.01 36.7156684 -4.4911217 0.00 272.99 1.15 0.000 38.672 14:37:03.95
75 -3 -22.6 -23.4 -1.599 -8.241 0.0 0.0 0.0 36.7156596 -4.4910421 0.00 229.25 0.01 36.7156684 -4.4911217 0.00 272.99 1.15 0.000 38.672 14:37:04.04
75 -1 -22.6 -23.4 0.123 -8.733 0.0 0.0 0.0 36.7156596 -4.4910421 0.00 229.25 0.01 36.7156684 -4.4911217 0.00 272.99 1.15 0.000 38.672 14:37:04.15
75 -1 -22.6 -23.4 -3.936 -4.305 0.0 0.0 0.0 36.7156596 -4.4910421 0.00 229.25 0.01 36.7156684 -4.4911217 0.00 272.99 1.15 0.000 38.672 14:37:04.25
75 -1 -22.6 -23.4 -0.246 -11.070 0.0 0.0 0.0 36.7156596 -4.4910421 0.00 229.25 0.01 36.7156684 -4.4911217 0.00 272.99 1.15 0.000 38.672 14:37:04.35
75 -1 -22.6 -23.4 2.337 -5.535 0.0 0.0 0.0 36.7156596 -4.4910421 0.00 229.25 0.01 36.7156684 -4.4911251 0.00 268.54 1.18 0.000 38.672 14:37:04.45
75 2 -22.6 -23.4 -1.968 -6.642 0.0 0.0 0.0 36.7156596 -4.4910421 0.00 229.25 0.01 36.7156684 -4.4911251 0.00 268.54 1.18 0.000 38.672 14:37:04.54
75 2 -23.0 -23.0 3.813 -3.813 0.0 0.0 0.0 36.7156596 -4.4910421 0.00 229.25 0.01 36.7156684 -4.4911251 0.00 268.54 1.18 0.000 38.672 14:37:04.65
75 2 -23.0 -23.0 0.492 -3.075 0.0 0.0 0.0 36.7156596 -4.4910421 0.00 229.25 0.01 36.7156684 -4.4911251 0.00 268.54 1.18 0.000 38.672 14:37:04.75
75 2 -23.0 -23.0 4.797 -4.059 0.0 0.0 0.0 36.7156596 -4.4910421 0.00 229.25 0.01 36.7156684 -4.4911251 0.00 268.54 1.18 0.000 38.672 14:37:04.85
75 2 -23.0 -23.0 0.000 -1.476 0.0 0.0 0.0 36.7156596 -4.4910421 0.00 229.25 0.01 36.7156684 -4.4911251 0.00 268.54 1.18 0.000 38.672 14:37:04.95
75 2 -23.0 -23.0 2.091 -2.337 0.0 0.0 0.0 36.7156596 -4.4910421 0.00 229.25 0.01 36.7156684 -4.4911282 0.00 274.08 0.93 0.000 38.672 14:37:05.04
75 -2 -23.0 -23.0 6.273 -1.353 0.0 0.0 0.0 36.7156596 -4.4910421 0.00 229.25 0.01 36.7156684 -4.4911282 0.00 274.08 0.93 0.000 38.672 14:37:05.15
75 -2 -23.0 -23.0 1.968 -3.198 0.0 0.0 0.0 36.7156596 -4.4910421 0.00 229.25 0.01 36.7156684 -4.4911282 0.00 274.08 0.93 0.000 38.672 14:37:05.25
75 -2 -23.0 -23.0 5.166 -3.075 0.0 0.0 0.0 36.7156596 -4.4910421 0.00 229.25 0.01 36.7156684 -4.4911282 0.00 274.08 0.93 0.000 38.672 14:37:05.35
75 -2 -23.0 -23.0 1.476 -1.968 0.0 0.0 0.0 36.7156596 -4.4910421 0.00 229.25 0.01 36.7156684 -4.4911282 0.00 274.08 0.93 0.000 38.672 14:37:05.45
75 -2 -23.0 -23.0 3.198 -5.166 0.0 0.0 0.0 36.7156596 -4.4910421 0.00 229.25 0.01 36.7156684 -4.4911282 0.00 274.08 0.93 0.000 38.672 14:37:05.54
75 -2 -23.0 -23.0 0.369 -3.690 0.0 0.0 0.0 36.7156596 -4.4910421 0.00 229.25 0.01 36.7156684 -4.4911317 0.00 271.58 1.18 0.000 38.672 14:37:05.65
75 0 -23.0 -23.0 0.246 -4.428 0.0 0.0 0.0 36.7156596 -4.4910421 0.00 229.25 0.01 36.7156684 -4.4911317 0.00 271.58 1.18 0.000 38.672 14:37:05.75
75 0 -23.0 -23.0 2.829 -1.968 0.0 0.0 0.0 36.7156596 -4.4910421 0.00 229.25 0.01 36.7156684 -4.4911317 0.00 271.58 1.18 0.000 38.672 14:37:05.85
75 0 -23.0 -23.0 -0.492 -2.829 0.0 0.0 0.0 36.7156596 -4.4910421 0.00 229.25 0.01 36.7156684 -4.4911317 0.00 271.58 1.18 0.000 38.672 14:37:05.95
75 0 -23.0 -23.0 3.198 -5.043 0.0 0.0 0.0 36.7156596 -4.4910421 0.00 229.25 0.01 36.7156684 -4.4911317 0.00 271.58 1.18 0.000 38.672 14:37:06.04
75 0 -23.0 -23.0 -0.615 -1.845 0.0 0.0 0.0 36.7156596 -4.4910421 0.00 229.25 0.01 36.7156684 -4.4911317 0.00 271.58 1.18 0.000 38.672 14:37:06.15
75 0 -23.0 -23.0 1.968 -5.658 0.0 0.0 0.0 36.7156596 -4.4910421 0.00 229.25 0.01 36.7156683 -4.4911352 0.00 269.62 0.86 0.000 38.672 14:37:06.25
75 1 -23.0 -23.0 1.722 -0.123 0.0 0.0 0.0 36.7156596 -4.4910421 0.00 229.25 0.01 36.7156683 -4.4911352 0.00 269.62 0.86 0.000 38.672 14:37:06.35
75 1 -23.0 -23.0 1.353 -2.583 0.0 0.0 0.0 36.7156596 -4.4910421 0.00 229.25 0.01 36.7156683 -4.4911352 0.00 269.62 0.86 0.000 38.672 14:37:06.45
75 1 -23.0 -23.0 4.182 -0.492 0.0 0.0 0.0 36.7156596 -4.4910421 0.00 229.25 0.01 36.7156683 -4.4911352 0.00 269.62 0.86 0.000 38.672 14:37:06.54
75 1 -23.0 -23.0 -1.230 -0.861 0.0 0.0 0.0 36.7156596 -4.4910421 0.00 229.25 0.01 36.7156683 -4.4911352 0.00 269.62 0.86 0.000 38.672 14:37:06.65
75 1 -23.0 -23.0 5.535 -4.551 0.0 0.0 0.0 36.7156596 -4.4910421 0.00 229.25 0.01 36.7156683 -4.4911352 0.00 269.62 0.86 0.000 38.672 14:37:06.75
75 1 -23.0 -23.0 2.091 0.000 0.0 0.0 0.0 36.7156596 -4.4910421 0.00 229.25 0.01 36.7156684 -4.4911384 0.00 280.44 0.79 0.000 38.672 14:37:06.85
75 -6 -23.0 -23.0 4.797 -2.460 0.0 0.0 0.0 36.7156596 -4.4910421 0.00 229.25 0.01 36.7156684 -4.4911384 0.00 280.44 0.79 0.000 38.672 14:37:06.95
75 -6 -23.0 -23.0 1.107 -3.444 0.0 0.0 0.0 36.7156596 -4.4910421 0.00 229.25 0.01 36.7156684 -4.4911384 0.00 280.44 0.79 0.000 38.672 14:37:07.04
75 -6 -23.0 -23.0 0.738 -3.936 0.0 0.0 0.0 36.7156596 -4.4910421 0.00 229.25 0.01 36.7156684 -4.4911384 0.00 280.44 0.79 0.000 38.672 14:37:07.15
75 -6 -23.0 -23.0 4.920 -3.198 0.0 0.0 0.0 36.7156596 -4.4910421 0.00 229.25 0.01 36.7156684 -4.4911384 0.00 280.44 0.79 0.000 38.672 14:37:07.25
75 -6 -23.0 -23.0 -0.861 -2.337 0.0 0.0 0.0 36.7156596 -4.4910421 0.00 229.25 0.01 36.7156684 -4.4911384 0.00 280.44 0.79 0.000 38.672 14:37:07.35
75 -6 -23.0 -23.0 -0.615 -7.503 0.0 0.0 0.0 36.7156596 -4.4910421 0.00 229.25 0.01 36.7156683 -4.4911418 0.00 268.89 1.08 0.000 38.672 14:37:07.45
75 2 -23.0 -23.0 0.000 -6.888 0.0 0.0 0.0 36.7156596 -4.4910421 0.00 229.25 0.01 36.7156683 -4.4911418 0.00 268.89 1.08 0.000 38.672 14:37:07.54
75 2 -23.0 -23.0 1.722 -3.075 0.0 0.0 0.0 36.7156596 -4.4910421 0.00 229.25 0.01 36.7156683 -4.4911418 0.00 268.89 1.08 0.000 38.672 14:37:07.65
75 2 -23.0 -23.0 1.599 -7.134 0.0 0.0 0.0 36.7156596 -4.4910421 0.00 229.25 0.01 36.7156683 -4.4911418 0.00 268.89 1.08 0.000 38.672 14:37:07.75
75 2 -23.0 -23.0 -1.353 -0.861 0.0 0.0 0.0 36.7156596 -4.4910421 0.00 229.25 0.01 36.7156683 -4.4911418 0.00 268.89 1.08 0.000 38.672 14:37:07.85
75 2 -23.0 -23.0 1.107 -7.011 0.0 0.0 0.0 36.7156596 -4.4910421 0.00 229.25 0.01 36.7156683 -4.4911418 0.00 268.89 1.08 0.000 38.672 14:37:07.95
75 2 -23.0 -23.0 1.722 -2.091 0.0 0.0 0.0 36.7156596 -4.4910421 0.00 229.25 0.01 36.7156683 -4.4911452 0.00 266.15 0.87 0.000 38.672 14:37:08.04
75 4 -23.0 -23.0 2.829 -1.968 0.0 0.0 0.0 36.7156596 -4.4910421 0.00 229.25 0.01 36.7156683 -4.4911452 0.00 266.15 0.87 0.000 38.672 14:37:08.15
75 4 -23.0 -23.0 3.813 -5.043 0.0 0.0 0.0 36.7156596 -4.4910421 0.00 229.25 0.01 36.7156683 -4.4911452 0.00 266.15 0.87 0.000 38.672 14:37:08.25
75 4 -23.0 -23.0 3.321 -0.246 0.0 0.0 0.0 36.7156596 -4.4910421 0.00 229.25 0.01 36.7156683 -4.4911452 0.00 266.15 0.87 0.000 38.672 14:37:08.35
75 4 -23.0 -23.0 6.150 -2.829 0.0 0.0 0.0 36.7156596 -4.4910421 0.00 229.25 0.01 36.7156683 -4.4911452 0.00 266.15 0.87 0.000 38.672 14:37:08.45
75 4 -23.0 -23.0 4.059 1.230 0.0 0.0 0.0 36.7156596 -4.4910421 0.00 229.25 0.01 36.7156683 -4.4911452 0.00 266.15 0.87 0.000 38.672 14:37:08.54
75 4 -23.0 -23.0 6.150 -0.369 0.0 0.0 0.0 36.7156596 -4.4910421 0.00 229.25 0.01 36.7156683 -4.4911484 0.00 271.67 0.96 0.000 38.672 14:37:08.65
75 1 -23.0 -23.0 7.749 0.861 0.0 0.0 0.0 36.7156596 -4.4910421 0.00 229.25 0.01 36.7156683 -4.4911484 0.00 271.67 0.96 0.000 38.672 14:37:08.75
75 1 -23.0 -23.0 3.567 -1.107 0.0 0.0 0.0 36.7156596 -4.4910421 0.00 229.25 0.01 36.7156683 -4.4911484 0.00 271.67 0.96 0.000 38.672 14:37:08.85
75 1 -23.0 -23.0 7.626 -2.583 0.0 0.0 0.0 36.7156596 -4.4910421 0.00 229.25 0.01 36.7156683 -4.4911484 0.00 271.67 0.96 0.000 38.672 14:37:08.95
75 1 -23.0 -23.0 6.519 1.107 0.0 0.0 0.0 36.7156596 -4.4910421 0.00 229.25 0.01 36.7156683 -4.4911484 0.00 271.67 0.96 0.000 38.672 14:37:09.04
75 1 -23.0 -23.0 5.043 -1.230 0.0 0.0 0.0 36.7156596 -4.4910421 0.00 229.25 0.01 36.7156683 -4.4911484 0.00 271.67 0.96 0.000 38.672 14:37:09.15
75 1 -23.0 -23.0 9.594 0.738 0.0 0.0 0.0 36.7156596 -4.4910421 0.00 229.25 0.01 36.7156683 -4.4911519 0.00 276.69 0.93 0.000 38.672 14:37:09.25
75 1 -23.0 -23.0 3.444 1.107 0.0 0.0 0.0 36.7156596 -4.4910421 0.00 229.25 0.01 36.7156683 -4.4911519 0.00 276.69 0.93 0.000 38.672 14:37:09.35
75 1 -23.0 -23.0 6.273 -2.460 0.0 0.0 0.0 36.7156596 -4.4910421 0.00 229.25 0.01 36.7156683 -4.4911519 0.00 276.69 0.93 0.000 38.672 14:37:09.45
75 -5 -23.0 -23.0 1.476 0.861 0.0 0.0 0.0 36.7156596 -4.4910421 0.00 229.25 0.01 36.7156683 -4.4911519 0.00 276.69 0.93 0.000 38.672 14:37:09.54
75 -5 -23.0 -22.2 2.583 -5.412 0.0 0.0 0.0 36.7156596 -4.4910421 0.00 229.25 0.01 36.7156683 -4.4911519 0.00 276.69 0.93 0.000 38.887 14:37:09.65
75 1 -23.0 -22.2 0.738 -1.599 0.0 0.0 0.0 36.7156596 -4.4910421 0.00 229.25 0.01 36.7156683 -4.4911552 0.00 267.84 0.91 0.000 38.887 14:37:09.75
75 1 -23.0 -22.2 3.813 -1.476 0.0 0.0 0.0 36.7156596 -4.4910421 0.00 229.25 0.01 36.7156683 -4.4911552 0.00 267.84 0.91 0.000 38.887 14:37:09.85
75 1 -23.0 -22.2 2.706 -4.305 0.0 0.0 0.0 36.7156596 -4.4910421 0.00 229.25 0.01 36.7156683 -4.4911552 0.00 267.84 0.91 0.000 38.887 14:37:09.95
75 1 -23.0 -22.2 0.246 -3.567 0.0 0.0 0.0 36.7156596 -4.4910421 0.00 229.25 0.01 36.7156683 -4.4911552 0.00 267.84 0.91 0.000 38.887 14:37:10.06
75 1 -23.0 -22.2 2.460 -3.813 0.0 0.0 0.0 36.7156596 -4.4910421 0.00 229.25 0.01 36.7156683 -4.4911552 0.00 267.84 0.91 0.000 38.887 14:37:10.15
75 1 -23.0 -22.2 0.246 -0.615 0.0 0.0 0.0 36.7156596 -4.4910421 0.00 229.25 0.01 36.7156683 -4.4911552 0.00 267.84 0.91 0.000 38.887 14:37:10.25
75 1 -23.0 -22.2 3.075 -5.166 0.0 0.0 0.0 36.7156596 -4.4910421 0.00 229.25 0.01 36.7156683 -4.4911552 0.00 267.84 0.91 0.000 38.887 14:37:10.35
75 1 -23.0 -22.2 4.674 -0.615 0.0 0.0 0.0 36.7156596 -4.4910421 0.00 229.25 0.01 36.7156685 -4.4911587 0.00 275.74 1.19 0.000 38.887 14:37:10.45
75 -4 -23.0 -22.2 3.444 -3.813 0.0 0.0 0.0 36.7156596 -4.4910421 0.00 229.25 0.01 36.7156685 -4.4911587 0.00 275.74 1.19 0.000 38.887 14:37:10.56
75 -4 -23.0 -22.2 4.059 -1.476 0.0 0.0 0.0 36.7156596 -4.4910421 0.00 229.25 0.01 36.7156685 -4.4911587 0.00 275.74 1.19 0.000 38.887 14:37:10.65
75 -4 -23.0 -22.2 2.337 -2.952 0.0 0.0 0.0 36.7156596 -4.4910421 0.00 229.25 0.01 36.7156685 -4.4911587 0.00 275.74 1.19 0.000 38.887 14:37:10.76
75 -4 -23.0 -22.2 4.551 -5.781 0.0 0.0 0.0 36.7156596 -4.4910421 0.00 229.25 0.01 36.7156685 -4.4911587 0.00 275.74 1.19 0.000 38.887 14:37:10.85
75 -4 -23.0 -22.2 -0.123 -1.353 0.0 0.0 0.0 36.7156596 -4.4910421 0.00 229.25 0.01 36.7156685 -4.4911587 0.00 275.74 1.19 0.000 38.887 14:37:10.95
75 -4 -23.0 -22.2 1.476 -3.567 0.0 0.0 0.0 36.7156596 -4.4910421 0.00 229.25 0.01 36.7156686 -4.4911620 0.00 276.56 0.93 0.000 38.887 14:37:11.06
75 -5 -23.0 -22.2 2.214 -1.107 0.0 0.0 0.0 36.7156596 -4.4910421 0.00 229.25 0.01 36.7156686 -4.4911620 0.00 276.56 0.93 0.000 38.887 14:37:11.15
75 -5 -23.0 -22.2 0.615 -7.503 0.0 0.0 0.0 36.7156596 -4.4910421 0.00 229.25 0.01 36.7156686 -4.4911620 0.00 276.56 0.93 0.000 38.887 14:37:11.26
75 -5 -23.0 -22.2 1.968 -6.396 0.0 0.0 0.0 36.7156596 -4.4910421 0.00 229.25 0.01 36.7156686 -4.4911620 0.00 276.56 0.93 0.000 38.887 14:37:11.35
75 -5 -23.0 -22.2 -1.599 -5.781 0.0 0.0 0.0 36.7156596 -4.4910421 0.00 229.25 0.01 36.7156686 -4.4911620 0.00 276.56 0.93 0.000 38.887 14:37:11.45
75 -5 -23.0 -22.2 -2.583 -9.102 0.0 0.0 0.0 36.7156596 -4.4910421 0.00 229.25 0.01 36.7156686 -4.4911620 0.00 276.56 0.93 0.000 38.887 14:37:11.56
75 -5 -23.0 -22.2 -2.214 -4.920 0.0 0.0 0.0 36.7156596 -4.4910421 0.00 229.25 0.01 36.7156687 -4.4911654 0.00 272.47 0.99 0.000 38.887 14:37:11.65
75 -2 -23.0 -22.2 -0.615 -11.562 0.0 0.0 0.0 36.7156596 -4.4910421 0.00 229.25 0.01 36.7156687 -4.4911654 0.00 272.47 0.99 0.000 38.887 14:37:11.76
75 -2 -23.0 -22.2 0.615 -5.289 0.0 0.0 0.0 36.7156596 -4.4910421 0.00 229.25 0.01 36.7156687 -4.4911654 0.00 272.47 0.99 0.000 38.887 14:37:11.85
75 -2 -23.0 -22.2 -1.353 -8.118 0.0 0.0 0.0 36.7156596 -4.4910421 0.00 229.25 0.01 36.7156687 -4.4911654 0.00 272.47 0.99 0.000 38.887 14:37:11.96
75 -2 -23.0 -22.2 -0.492 -7.995 0.0 0.0 0.0 36.7156596 -4.4910421 0.00 229.25 0.01 36.7156687 -4.4911654 0.00 272.47 0.99 0.000 38.887 14:37:12.06
75 -2 -23.0 -22.2 -2.214 -4.797 0.0 0.0 0.0 36.7156596 -4.4910421 0.00 229.25 0.01 36.7156687 -4.4911654 0.00 272.47 0.99 0.000 38.887 14:37:12.17
75 -2 -23.0 -22.2 -2.214 -9.594 0.0 0.0 0.0 36.7156596 -4.4910421 0.00 229.25 0.01 36.7156687 -4.4911687 0.00 271.44 0.88 0.000 38.887 14:37:12.26
75 -2 -23.0 -22.2 2.214 -2.214 0.0 0.0 0.0 36.7156596 -4.4910421 0.00 229.25 0.01 36.7156687 -4.4911687 0.00 271.44 0.88 0.000 38.887 14:37:12.35
75 -2 -23.0 -22.2 0.123 -6.765 0.0 0.0 0.0 36.7156596 -4.4910421 0.00 229.25 0.01 36.7156687 -4.4911687 0.00 271.44 0.88 0.000 38.887 14:37:12.46
75 -2 -23.0 -22.2 2.460 -6.150 0.0 0.0 0.0 36.7156596 -4.4910421 0.00 229.25 0.01 36.7156687 -4.4911687 0.00 271.44 0.88 0.000 38.887 14:37:12.56
75 -2 -23.0 -22.2 -1.722 -5.412 0.0 0.0 0.0 36.7156596 -4.4910421 0.00 229.25 0.01 36.7156687 -4.4911687 0.00 271.44 0.88 0.000 38.887 14:37:12.67
75 0 -23.0 -22.2 -0.738 -7.872 0.0 0.0 0.0 36.7156596 -4.4910421 0.00 229.25 0.01 36.7156686 -4.4911720 0.00 268.61 0.95 0.000 38.887 14:37:12.76
75 0 -23.0 -22.2 1.353 -2.091 0.0 0.0 0.0 36.7156596 -4.4910421 0.00 229.25 0.01 36.7156686 -4.4911720 0.00 268.61 0.95 0.000 38.887 14:37:12.85
75 0 -23.0 -22.2 1.107 -5.781 0.0 0.0 0.0 36.7156596 -4.4910421 0.00 229.25 0.01 36.7156686 -4.4911720 0.00 268.61 0.95 0.000 38.887 14:37:12.96
75 0 -23.0 -22.2 1.353 -3.321 0.0 0.0 0.0 36.7156596 -4.4910421 0.00 229.25 0.01 36.7156686 -4.4911720 0.00 268.61 0.95 0.000 38.887 14:37:13.06
75 0 -23.0 -22.2 1.722 -3.444 0.0 0.0 0.0 36.7156596 -4.4910421 0.00 229.25 0.01 36.7156686 -4.4911720 0.00 268.61 0.95 0.000 38.887 14:37:13.17
75 0 -23.0 -22.2 2.829 -4.059 0.0 0.0 0.0 36.7156596 -4.4910421 0.00 229.25 0.01 36.7156686 -4.4911720 0.00 268.61 0.95 0.000 38.887 14:37:13.26
75 0 -23.0 -22.2 4.305 0.123 0.0 0.0 0.0 36.7156596 -4.4910421 0.00 229.25 0.01 36.7156686 -4.4911720 0.00 268.61 0.95 0.000 38.887 14:37:13.37
75 0 -23.0 -22.2 1.968 -5.535 0.0 0.0 0.0 36.7156596 -4.4910421 0.00 229.25 0.01 36.7156686 -4.4911754 0.00 274.96 0.73 0.000 38.887 14:37:13.46
75 -4 -23.0 -22.2 2.337 -1.599 0.0 0.0 0.0 36.7156596 -4.4910421 0.00 229.25 0.01 36.7156686 -4.4911754 0.00 274.96 0.73 0.000 38.887 14:37:13.56
75 -4 -23.0 -22.2 0.984 -4.797 0.0 0.0 0.0 36.7156596 -4.4910421 0.00 229.25 0.01 36.7156686 -4.4911754 0.00 274.96 0.73 0.000 38.887 14:37:13.67
75 -4 -23.0 -22.2 4.797 -2.583 0.0 0.0 0.0 36.7156596 -4.4910421 0.00 229.25 0.01 36.7156686 -4.4911754 0.00 274.96 0.73 0.000 38.887 14:37:13.76
75 -4 -23.0 -22.2 2.583 -1.599 0.0 0.0 0.0 36.7156596 -4.4910421 0.00 229.25 0.01 36.7156686 -4.4911754 0.00 274.96 0.73 0.000 38.887 14:37:13.87
75 -4 -23.0 -22.2 2.460 -4.797 0.0 0.0 0.0 36.7156596 -4.4910421 0.00 229.25 0.01 36.7156686 -4.4911754 0.00 274.96 0.73 0.000 38.887 14:37:13.96
75 -4 -23.0 -22.2 0.369 -1.722 0.0 0.0 0.0 36.7156596 -4.4910421 0.00 229.25 0.01 36.7156686 -4.4911788 0.00 276.20 0.86 0.000 38.887 14:37:14.06
75 -5 -23.0 -22.2 0.738 -5.535 0.0 0.0 0.0 36.7156596 -4.4910421 0.00 229.25 0.01 36.7156686 -4.4911788 0.00 276.20 0.86 0.000 38.887 14:37:14.17
75 -5 -23.0 -22.2 0.738 -4.674 0.0 0.0 0.0 36.7156596 -4.4910421 0.00 229.25 0.01 36.7156686 -4.4911788 0.00 276.20 0.86 0.000 38.887 14:37:14.26
75 -5 -23.0 -22.2 -1.845 -5.289 0.0 0.0 0.0 36.7156596 -4.4910421 0.00 229.25 0.01 36.7156686 -4.4911788 0.00 276.20 0.86 0.000 38.887 14:37:14.37
75 -5 -23.0 -22.2 -0.861 -8.979 0.0 0.0 0.0 36.7156596 -4.4910421 0.00 229.25 0.01 36.7156686 -4.4911788 0.00 276.20 0.86 0.000 38.887 14:37:14.46
75 -5 -23.0 -22.2 -2.214 -6.519 0.0 0.0 0.0 36.7156596 -4.4910421 0.00 229.25 0.01 36.7156686 -4.4911788 0.00 276.20 0.86 0.000 38.887 14:37:14.57
75 -5 -23.7 -22.2 -0.861 -8.733 0.0 0.0 0.0 36.7156596 -4.4910421 0.00 229.25 0.01 36.7156686 -4.4911823 0.00 272.26 0.94 0.000 38.672 14:37:14.67
75 -3 -23.7 -22.2 -0.984 -7.134 0.0 0.0 0.0 36.7156596 -4.4910421 0.00 229.25 0.01 36.7156686 -4.4911823 0.00 272.26 0.94 0.000 38.672 14:37:14.76
75 -3 -23.7 -22.2 -2.829 -5.166 0.0 0.0 0.0 36.7156596 -4.4910421 0.00 229.25 0.01 36.7156686 -4.4911823 0.00 272.26 0.94 0.000 38.672 14:37:14.87
75 -3 -23.7 -22.2 1.476 -6.396 0.0 0.0 0.0 36.7156596 -4.4910421 0.00 229.25 0.01 36.7156686 -4.4911823 0.00 272.26 0.94 0.000 38.672 14:37:14.96
75 -3 -23.7 -22.2 -2.460 -5.535 0.0 0.0 0.0 36.7156596 -4.4910421 0.00 229.25 0.01 36.7156686 -4.4911823 0.00 272.26 0.94 0.000 38.672 14:37:15.07
75 -3 -23.7 -22.2 0.861 -8.118 0.0 0.0 0.0 36.7156596 -4.4910421 0.00 229.25 0.01 36.7156686 -4.4911823 0.00 272.26 0.94 0.000 38.672 14:37:15.17
75 -3 -23.7 -22.2 -3.936 -5.904 0.0 0.0 0.0 36.7156596 -4.4910421 0.00 229.25 0.01 36.7156684 -4.4911857 0.00 261.69 1.10 0.000 38.672 14:37:15.26
75 5 -23.7 -22.2 -2.583 -5.904 0.0 0.0 0.0 36.7156596 -4.4910421 0.00 229.25 0.01 36.7156684 -4.4911857 0.00 261.69 1.10 0.000 38.672 14:37:15.37
75 5 -23.7 -22.2 2.337 -3.813 0.0 0.0 0.0 36.7156596 -4.4910421 0.00 229.25 0.01 36.7156684 -4.4911857 0.00 261.69 1.10 0.000 38.672 14:37:15.46
75 5 -23.7 -22.2 0.123 -2.214 0.0 0.0 0.0 36.7156596 -4.4910421 0.00 229.25 0.01 36.7156684 -4.4911857 0.00 261.69 1.10 0.000 38.672 14:37:15.57
75 5 -23.7 -22.2 3.444 -3.813 0.0 0.0 0.0 36.7156596 -4.4910421 0.00 229.25 0.01 36.7156684 -4.4911857 0.00 261.69 1.10 0.000 38.672 14:37:15.67
75 5 -23.7 -22.2 0.246 -1.599 0.0 0.0 0.0 36.7156596 -4.4910421 0.00 229.25 0.01 36.7156681 -4.4911889 0.00 261.69 0.86 0.000 38.672 14:37:15.78
75 5 -23.7 -22.2 7.503 -3.567 0.0 0.0 0.0 36.7156596 -4.4910421 0.00 229.25 0.01 36.7156681 -4.4911889 0.00 261.69 0.86 0.000 38.672 14:37:15.87
75 5 -23.7 -22.2 5.658 1.353 0.0 0.0 0.0 36.7156596 -4.4910421 0.00 229.25 0.01 36.7156681 -4.4911889 0.00 261.69 0.86 0.000 38.672 14:37:15.96
75 5 -23.7 -22.2 5.043 0.123 0.0 0.0 0.0 36.7156596 -4.4910421 0.00 229.25 0.01 36.7156681 -4.4911889 0.00 261.69 0.86 0.000 38.672 14:37:16.07
75 5 -23.7 -22.2 8.487 0.369 0.0 0.0 0.0 36.7156596 -4.4910421 0.00 229.25 0.01 36.7156681 -4.4911889 0.00 261.69 0.86 0.000 38.672 14:37:16.17
75 5 -23.7 -22.2 5.658 3.075 0.0 0.0 0.0 36.7156596 -4.4910421 0.00 229.25 0.01 36.7156681 -4.4911889 0.00 261.69 0.86 0.000 38.672 14:37:16.28
75 5 -23.7 -22.2 5.658 3.075 0.0 0.0 0.0 36.7156596 -4.4910421 0.00 229.25 0.01 36.7156681 -4.4911889 0.00 261.69 0.86 0.000 38.672 14:37:16.37
75 5 -23.7 -22.2 6.273 2.952 0.0 0.0 0.0 36.7156596 -4.4910421 0.00 229.25 0.01 36.7156680 -4.4911923 0.00 268.61 1.07 0.000 38.672 14:37:16.46
75 1 -23.7 -22.2 7.995 1.353 0.0 0.0 0.0 36.7156596 -4.4910421 0.00 229.25 0.01 36.7156680 -4.4911923 0.00 268.61 1.07 0.000 38.672 14:37:16.57
75 1 -23.7 -22.2 7.995 1.353 0.0 0.0 0.0 36.7156596 -4.4910421 0.00 229.25 0.01 36.7156680 -4.4911923 0.00 268.61 1.07 0.000 38.672 14:37:16.67
75 1 -23.7 -22.2 6.273 0.615 0.0 0.0 0.0 36.7156596 -4.4910421 0.00 229.25 0.01 36.7156680 -4.4911923 0.00 268.61 1.07 0.000 38.672 14:37:16.78
75 1 -23.7 -22.2 6.273 0.615 0.0 0.0 0.0 36.7156596 -4.4910421 0.00 229.25 0.01 36.7156680 -4.4911923 0.00 268.61 1.07 0.000 38.672 14:37:16.87
75 1 -23.7 -22.2 9.348 0.738 0.0 0.0 0.0 36.7156596 -4.4910421 0.00 229.25 0.01 36.7156680 -4.4911923 0.00 268.61 1.07 0.000 38.672 14:37:16.98
75 1 -23.7 -22.2 5.412 0.000 0.0 0.0 0.0 36.7156596 -4.4910421 0.00 229.25 0.01 36.7156680 -4.4911957 0.00 268.97 0.98 0.000 38.672 14:37:17.07
75 1 -23.7 -22.2 7.134 1.599 0.0 0.0 0.0 36.7156596 -4.4910421 0.00 229.25 0.01 36.7156680 -4.4911957 0.00 268.97 0.98 0.000 38.672 14:37:17.17
75 1 -23.7 -22.2 7.134 1.599 0.0 0.0 0.0 36.7156596 -4.4910421 0.00 229.25 0.01 36.7156680 -4.4911957 0.00 268.97 0.98 0.000 38.672 14:37:17.28
75 0 -23.7 -22.2 3.444 -0.492 0.0 0.0 0.0 36.7156596 -4.4910421 0.00 229.25 0.01 36.7156680 -4.4911957 0.00 268.97 0.98 0.000 38.672 14:37:17.37
75 0 -23.7 -22.2 8.487 1.353 0.0 0.0 0.0 36.7156596 -4.4910421 0.00 229.25 0.01 36.7156680 -4.4911957 0.00 268.97 0.98 0.000 38.672 14:37:17.48
75 0 -23.7 -22.2 3.321 0.000 0.0 0.0 0.0 36.7156596 -4.4910421 0.00 229.25 0.01 36.7156680 -4.4911957 0.00 268.97 0.98 0.000 38.672 14:37:17.57
75 0 -23.7 -22.2 7.380 -2.214 0.0 0.0 0.0 36.7156596 -4.4910421 0.00 229.25 0.01 36.7156680 -4.4911990 0.00 275.98 0.93 0.000 38.672 14:37:17.67
75 -5 -23.7 -22.2 4.797 1.353 0.0 0.0 0.0 36.7156596 -4.4910421 0.00 229.25 0.01 36.7156680 -4.4911990 0.00 275.98 0.93 0.000 38.672 14:37:17.78
75 -5 -23.7 -22.2 3.075 -1.599 0.0 0.0 0.0 36.7156596 -4.4910421 0.00 229.25 0.01 36.7156680 -4.4911990 0.00 275.98 0.93 0.000 38.672 14:37:17.87
75 -5 -23.7 -22.2 4.551 -1.845 0.0 0.0 0.0 36.7156596 -4.4910421 0.00 229.25 0.01 36.7156680 -4.4911990 0.00 275.98 0.93 0.000 38.672 14:37:17.98
75 -5 -23.7 -22.2 0.123 -4.797 0.0 0.0 0.0 36.7156596 -4.4910421 0.00 229.25 0.01 36.7156680 -4.4911990 0.00 275.98 0.93 0.000 38.672 14:37:18.07
75 -5 -23.7 -22.2 2.952 -2.214 0.0 0.0 0.0 36.7156596 -4.4910421 0.00 229.25 0.01 36.7156680 -4.4911990 0.00 275.98 0.93 0.000 38.672 14:37:18.17
75 -5 -23.7 -22.2 -1.230 -3.567 0.0 0.0 0.0 36.7156596 -4.4910421 0.00 229.25 0.01 36.7156681 -4.4912024 0.00 273.50 0.97 0.000 38.672 14:37:18.28
75 -3 -23.7 -22.2 0.738 -7.995 0.0 0.0 0.0 36.7156596 -4.4910421 0.00 229.25 0.01 36.7156681 -4.4912024 0.00 273.50 0.97 0.000 38.672 14:37:18.37
75 -3 -23.7 -22.2 0.492 -2.337 0.0 0.0 0.0 36.7156596 -4.4910421 0.00 229.25 0.01 36.7156681 -4.4912024 0.00 273.50 0.97 0.000 38.672 14:37:18.48
75 -3 -23.7 -22.2 -2.829 -9.840 0.0 0.0 0.0 36.7156596 -4.4910421 0.00 229.25 0.01 36.7156681 -4.4912024 0.00 273.50 0.97 0.000 38.672 14:37:18.57
75 -3 -23.7 -22.2 -0.246 -9.102 0.0 0.0 0.0 36.7156596 -4.4910421 0.00 229.25 0.01 36.7156681 -4.4912024 0.00 273.50 0.97 0.000 38.672 14:37:18.67
75 -3 -23.7 -22.2 -2.829 -5.166 0.0 0.0 0.0 36.7156596 -4.4910421 0.00 229.25 0.01 36.7156680 -4.4912058 0.00 273.10 1.00 0.000 38.672 14:37:18.78
75 -3 -23.7 -22.2 -2.460 -9.471 0.0 0.0 0.0 36.7156596 -4.4910421 0.00 229.25 0.01 36.7156680 -4.4912058 0.00 273.10 1.00 0.000 38.672 14:37:18.87
75 -3 -23.7 -22.2 0.246 -4.059 0.0 0.0 0.0 36.7156596 -4.4910421 0.00 229.25 0.01 36.7156680 -4.4912058 0.00 273.10 1.00 0.000 38.672 14:37:18.98
75 -3 -23.7 -22.2 -3.690 -7.257 0.0 0.0 0.0 36.7156596 -4.4910421 0.00 229.25 0.01 36.7156680 -4.4912058 0.00 273.10 1.00 0.000 38.672 14:37:19.07
75 -3 -23.7 -22.2 -0.861 -8.241 0.0 0.0 0.0 36.7156596 -4.4910421 0.00 229.25 0.01 36.7156680 -4.4912058 0.00 273.10 1.00 0.000 38.672 14:37:19.18
75 -3 -23.7 -22.2 -2.214 -7.503 0.0 0.0 0.0 36.7156596 -4.4910421 0.00 229.25 0.01 36.7156680 -4.4912058 0.00 273.10 1.00 0.000 38.672 14:37:19.28
75 -3 -23.7 -22.2 -1.845 -9.840 0.0 0.0 0.0 36.7156596 -4.4910421 0.00 229.25 0.01 36.7156680 -4.4912058 0.00 273.10 1.00 0.000 38.672 14:37:19.37
75 -3 -23.7 -22.2 0.123 -3.690 0.0 0.0 0.0 36.7156596 -4.4910421 0.00 229.25 0.01 36.7156679 -4.4912093 0.00 268.76 0.98 0.000 38.672 14:37:19.48
75 0 -23.7 -22.2 -1.476 -8.733 0.0 0.0 0.0 36.7156596 -4.4910421 0.00 229.25 0.01 36.7156679 -4.4912093 0.00 268.76 0.98 0.000 38.672 14:37:19.57
75 0 -22.6 -21.8 1.599 -2.829 0.0 0.0 0.0 36.7156596 -4.4910421 0.00 229.25 0.01 36.7156679 -4.4912093 0.00 268.76 0.98 0.000 38.672 14:37:19.68
75 0 -22.6 -21.8 0.615 -5.535 0.0 0.0 0.0 36.7156596 -4.4910421 0.00 229.25 0.01 36.7156679 -4.4912093 0.00 268.76 0.98 0.000 38.672 14:37:19.78
75 0 -22.6 -21.8 0.369 -8.856 0.0 0.0 0.0 36.7156596 -4.4910421 0.00 229.25 0.01 36.7156679 -4.4912093 0.00 268.76 0.98 0.000 38.672 14:37:19.89
75 0 -22.6 -21.8 0.861 -3.567 0.0 0.0 0.0 36.7156596 -4.4910421 0.00 229.25 0.01 36.7156679 -4.4912093 0.00 268.76 0.98 0.000 38.672 14:37:19.98
75 0 -22.6 -21.8 0.246 -6.396 0.0 0.0 0.0 36.7156596 -4.4910421 0.00 229.25 0.01 36.7156679 -4.4912125 0.00 275.07 0.78 0.000 38.672 14:37:20.07
75 -4 -22.6 -21.8 1.845 -1.230 0.0 0.0 0.0 36.7156596 -4.4910421 0.00 229.25 0.01 36.7156679 -4.4912125 0.00 275.07 0.78 0.000 38.672 14:37:20.18
75 -4 -22.6 -21.8 -0.246 -6.273 0.0 0.0 0.0 36.7156596 -4.4910421 0.00 229.25 0.01 36.7156679 -4.4912125 0.00 275.07 0.78 0.000 38.672 14:37:20.28
75 -4 -22.6 -21.8 2.214 -5.043 0.0 0.0 0.0 36.7156596 -4.4910421 0.00 229.25 0.01 36.7156679 -4.4912125 0.00 275.07 0.78 0.000 38.672 14:37:20.39
75 -4 -22.6 -21.8 1.107 -2.337 0.0 0.0 0.0 36.7156596 -4.4910421 0.00 229.25 0.01 36.7156679 -4.4912125 0.00 275.07 0.78 0.000 38.672 14:37:20.48
75 -4 -22.6 -21.8 -0.738 -7.503 0.0 0.0 0.0 36.7156596 -4.4910421 0.00 229.25 0.01 36.7156679 -4.4912125 0.00 275.07 0.78 0.000 38.672 14:37:20.59
75 -4 -22.6 -21.8 1.476 -1.722 0.0 0.0 0.0 36.7156596 -4.4910421 0.00 229.25 0.01 36.7156677 -4.4912158 0.00 269.46 0.76 0.000 38.672 14:37:20.68
75 0 -22.6 -21.8 -2.091 -6.150 0.0 0.0 0.0 36.7156596 -4.4910421 0.00 229.25 0.01 36.7156677 -4.4912158 0.00 269.46 0.76 0.000 38.672 14:37:20.78
75 0 -22.6 -21.8 2.583 -4.551 0.0 0.0 0.0 36.7156596 -4.4910421 0.00 229.25 0.01 36.7156677 -4.4912158 0.00 269.46 0.76 0.000 38.672 14:37:20.89
75 0 -22.6 -21.8 0.246 -4.305 0.0 0.0 0.0 36.7156596 -4.4910421 0.00 229.25 0.01 36.7156677 -4.4912158 0.00 269.46 0.76 0.000 38.672 14:37:20.98
75 0 -22.6 -21.8 -0.615 -6.150 0.0 0.0 0.0 36.7156596 -4.4910421 0.00 229.25 0.01 36.7156677 -4.4912158 0.00 269.46 0.76 0.000 38.672 14:37:21.09
75 0 -22.6 -21.8 2.829 -0.123 0.0 0.0 0.0 36.7156596 -4.4910421 0.00 229.25 0.01 36.7156677 -4.4912158 0.00 269.46 0.76 0.000 38.672 14:37:21.18
75 0 -22.6 -21.8 -0.369 -3.690 0.0 0.0 0.0 36.7156596 -4.4910421 0.00 229.25 0.01 36.7156675 -4.4912192 0.00 268.68 0.88 0.000 38.672 14:37:21.29
75 0 -22.6 -21.8 4.305 -1.230 0.0 0.0 0.0 36.7156596 -4.4910421 0.00 229.25 0.01 36.7156675 -4.4912192 0.00 268.68 0.88 0.000 38.672 14:37:21.39
75 0 -22.6 -21.8 0.615 -0.738 0.0 0.0 0.0 36.7156596 -4.4910421 0.00 229.25 0.01 36.7156675 -4.4912192 0.00 268.68 0.88 0.000 38.672 14:37:21.48
75 0 -22.6 -21.8 0.492 -5.904 0.0 0.0 0.0 36.7156596 -4.4910421 0.00 229.25 0.01 36.7156675 -4.4912192 0.00 268.68 0.88 0.000 38.672 14:37:21.59
75 0 -22.6 -21.8 3.198 -2.829 0.0 0.0 0.0 36.7156596 -4.4910421 0.00 229.25 0.01 36.7156675 -4.4912192 0.00 268.68 0.88 0.000 38.672 14:37:21.68
75 0 -22.6 -21.8 -0.369 -5.658 0.0 0.0 0.0 36.7156596 -4.4910421 0.00 229.25 0.01 36.7156674 -4.4912226 0.00 269.55 0.80 0.000 38.672 14:37:21.79
75 0 -22.6 -21.8 3.936 -1.476 0.0 0.0 0.0 36.7156596 -4.4910421 0.00 229.25 0.01 36.7156674 -4.4912226 0.00 269.55 0.80 0.000 38.672 14:37:21.89
75 0 -22.6 -21.8 -0.246 -3.321 0.0 0.0 0.0 36.7156596 -4.4910421 0.00 229.25 0.01 36.7156674 -4.4912226 0.00 269.55 0.80 0.000 38.672 14:37:22.00
75 0 -22.6 -21.8 4.797 -2.706 0.0 0.0 0.0 36.7156596 -4.4910421 0.00 229.25 0.01 36.7156674 -4.4912226 0.00 269.55 0.80 0.000 38.672 14:37:22.09
75 0 -22.6 -21.8 3.444 -1.107 0.0 0.0 0.0 36.7156596 -4.4910421 0.00 229.25 0.01 36.7156674 -4.4912226 0.00 269.55 0.80 0.000 38.672 14:37:22.18
75 0 -22.6 -21.8 -0.246 -5.412 0.0 0.0 0.0 36.7156596 -4.4910421 0.00 229.25 0.01 36.7156674 -4.4912226 0.00 269.55 0.80 0.000 38.672 14:37:22.29
75 0 -22.6 -21.8 3.321 0.738 0.0 0.0 0.0 36.7156596 -4.4910421 0.00 229.25 0.01 36.7156674 -4.4912226 0.00 269.55 0.80 0.000 38.672 14:37:22.39
75 0 -22.6 -21.8 1.476 -4.305 0.0 0.0 0.0 36.7156596 -4.4910421 0.00 229.25 0.01 36.7156672 -4.4912261 0.00 266.59 0.98 0.000 38.672 14:37:22.50
75 2 -22.6 -21.8 6.765 -1.107 0.0 0.0 0.0 36.7156596 -4.4910421 0.00 229.25 0.01 36.7156672 -4.4912261 0.00 266.59 0.98 0.000 38.672 14:37:22.59
75 2 -22.6 -21.8 3.321 0.123 0.0 0.0 0.0 36.7156596 -4.4910421 0.00 229.25 0.01 36.7156672 -4.4912261 0.00 266.59 0.98 0.000 38.672 14:37:22.70
75 2 -22.6 -21.8 4.305 -4.674 0.0 0.0 0.0 36.7156596 -4.4910421 0.00 229.25 0.01 36.7156672 -4.4912261 0.00 266.59 0.98 0.000 38.672 14:37:22.79
75 2 -22.6 -21.8 4.920 0.123 0.0 0.0 0.0 36.7156596 -4.4910421 0.00 229.25 0.01 36.7156672 -4.4912261 0.00 266.59 0.98 0.000 38.672 14:37:22.89
75 2 -22.6 -21.8 2.952 -1.599 0.0 0.0 0.0 36.7156596 -4.4910421 0.00 229.25 0.01 36.7156671 -4.4912293 0.00 269.63 0.87 0.000 38.672 14:37:23.00
75 2 -22.6 -21.8 5.289 -1.722 0.0 0.0 0.0 36.7156596 -4.4910421 0.00 229.25 0.01 36.7156671 -4.4912293 0.00 269.63 0.87 0.000 38.672 14:37:23.09
75 0 -22.6 -21.8 2.091 -2.460 0.0 0.0 0.0 36.7156596 -4.4910421 0.00 229.25 0.01 36.7156671 -4.4912293 0.00 269.63 0.87 0.000 38.672 14:37:23.20
75 0 -22.6 -21.8 2.214 -3.198 0.0 0.0 0.0 36.7156596 -4.4910421 0.00 229.25 0.01 36.7156671 -4.4912293 0.00 269.63 0.87 0.000 38.672 14:37:23.29
75 0 -22.6 -21.8 1.845 -1.599 0.0 0.0 0.0 36.7156596 -4.4910421 0.00 229.25 0.01 36.7156671 -4.4912293 0.00 269.63 0.87 0.000 38.672 14:37:23.40
75 0 -22.6 -21.8 1.599 -3.444 0.0 0.0 0.0 36.7156596 -4.4910421 0.00 229.25 0.01 36.7156671 -4.4912293 0.00 269.63 0.87 0.000 38.672 14:37:23.50
75 0 -22.6 -21.8 3.936 -0.738 0.0 0.0 0.0 36.7156596 -4.4910421 0.00 229.25 0.01 36.7156669 -4.4912327 0.00 264.30 1.02 0.000 38.672 14:37:23.59
75 0 -22.6 -21.8 -0.738 -2.337 0.0 0.0 0.0 36.7156596 -4.4910421 0.00 229.25 0.01 36.7156669 -4.4912327 0.00 264.30 1.02 0.000 38.672 14:37:23.70
75 4 -22.6 -21.8 4.428 -3.813 0.0 0.0 0.0 36.7156596 -4.4910421 0.00 229.25 0.01 36.7156669 -4.4912327 0.00 264.30 1.02 0.000 38.672 14:37:23.79
75 4 -22.6 -21.8 3.813 -0.492 0.0 0.0 0.0 36.7156596 -4.4910421 0.00 229.25 0.01 36.7156669 -4.4912327 0.00 264.30 1.02 0.000 38.672 14:37:23.90
75 4 -22.6 -21.8 0.738 -2.337 0.0 0.0 0.0 36.7156596 -4.4910421 0.00 229.25 0.01 36.7156669 -4.4912327 0.00 264.30 1.02 0.000 38.672 14:37:24.00
75 4 -22.6 -21.8 3.198 -2.460 0.0 0.0 0.0 36.7156596 -4.4910421 0.00 229.25 0.01 36.7156669 -4.4912327 0.00 264.30 1.02 0.000 38.672 14:37:24.09
75 4 -22.6 -21.8 3.198 -0.615 0.0 0.0 0.0 36.7156596 -4.4910421 0.00 229.25 0.01 36.7156667 -4.4912360 0.00 264.57 1.28 0.000 38.672 14:37:24.20
75 4 -22.6 -21.8 8.118 -2.337 0.0 0.0 0.0 36.7156596 -4.4910421 0.00 229.25 0.01 36.7156667 -4.4912360 0.00 264.57 1.28 0.000 38.672 14:37:24.29
75 4 -22.6 -21.8 1.230 -1.230 0.0 0.0 0.0 36.7156596 -4.4910421 0.00 229.25 0.01 36.7156667 -4.4912360 0.00 264.57 1.28 0.000 38.672 14:37:24.40
75 4 -22.6 -21.8 4.551 -0.492 0.0 0.0 0.0 36.7156596 -4.4910421 0.00 229.25 0.01 36.7156667 -4.4912360 0.00 264.57 1.28 0.000 38.672 14:37:24.50
75 4 -22.6 -21.8 6.150 2.583 0.0 0.0 0.0 36.7156596 -4.4910421 0.00 229.25 0.01 36.7156667 -4.4912360 0.00 264.57 1.28 0.000 38.672 14:37:24.60
75 4 -22.6 -23.7 7.503 0.492 0.0 0.0 0.0 36.7156596 -4.4910421 0.00 229.25 0.01 36.7156667 -4.4912360 0.00 264.57 1.28 0.000 38.672 14:37:24.70
75 -3 -22.6 -23.7 9.594 -1.107 0.0 0.0 0.0 36.7156596 -4.4910421 0.00 229.25 0.01 36.7156666 -4.4912394 0.00 276.54 0.91 0.000 38.672 14:37:24.81
75 -3 -22.6 -23.7 1.845 -1.353 0.0 0.0 0.0 36.7156596 -4.4910421 0.00 229.25 0.01 36.7156666 -4.4912394 0.00 276.54 0.91 0.000 38.672 14:37:24.90
75 -3 -22.6 -23.7 3.936 -4.797 0.0 0.0 0.0 36.7156596 -4.4910421 0.00 229.25 0.01 36.7156666 -4.4912394 0.00 276.54 0.91 0.000 38.672 14:37:25.00
75 -3 -22.6 -23.7 0.369 -1.353 0.0 0.0 0.0 36.7156596 -4.4910421 0.00 229.25 0.01 36.7156666 -4.4912394 0.00 276.54 0.91 0.000 38.672 14:37:25.10
75 -3 -22.6 -23.7 1.845 -4.920 0.0 0.0 0.0 36.7156596 -4.4910421 0.00 229.25 0.01 36.7156666 -4.4912394 0.00 276.54 0.91 0.000 38.672 14:37:25.20
75 -3 -22.6 -23.7 1.476 -2.829 0.0 0.0 0.0 36.7156596 -4.4910421 0.00 229.25 0.01 36.7156666 -4.4912394 0.00 276.54 0.91 0.000 38.672 14:37:25.31
75 -3 -22.6 -23.7 0.738 -3.075 0.0 0.0 0.0 36.7156596 -4.4910421 0.00 229.25 0.01 36.7156666 -4.4912428 0.00 268.96 0.83 0.000 38.672 14:37:25.40
75 -3 -22.6 -23.7 2.460 -6.642 0.0 0.0 0.0 36.7156596 -4.4910421 0.00 229.25 0.01 36.7156666 -4.4912428 0.00 268.96 0.83 0.000 38.672 14:37:25.50
75 2 -22.6 -23.7 -0.738 -4.797 0.0 0.0 0.0 36.7156596 -4.4910421 0.00 229.25 0.01 36.7156666 -4.4912428 0.00 268.96 0.83 0.000 38.672 14:37:25.60
75 2 -22.6 -23.7 5.289 -5.535 0.0 0.0 0.0 36.7156596 -4.4910421 0.00 229.25 0.01 36.7156666 -4.4912428 0.00 268.96 0.83 0.000 38.672 14:37:25.70
75 2 -22.6 -23.7 -1.845 -4.182 0.0 0.0 0.0 36.7156596 -4.4910421 0.00 229.25 0.01 36.7156666 -4.4912428 0.00 268.96 0.83 0.000 38.672 14:37:25.81
75 2 -22.6 -23.7 1.230 -4.305 0.0 0.0 0.0 36.7156596 -4.4910421 0.00 229.25 0.01 36.7156666 -4.4912428 0.00 268.96 0.83 0.000 38.672 14:37:25.90
75 2 -22.6 -23.7 4.674 -3.567 0.0 0.0 0.0 36.7156596 -4.4910421 0.00 229.25 0.01 36.7156666 -4.4912428 0.00 268.96 0.83 0.000 38.672 14:37:26.00
75 2 -22.6 -23.7 1.845 -0.615 0.0 0.0 0.0 36.7156596 -4.4910421 0.00 229.25 0.01 36.7156666 -4.4912460 0.00 273.87 0.63 0.000 38.672 14:37:26.10
75 2 -22.6 -23.7 5.412 -5.043 0.0 0.0 0.0 36.7156596 -4.4910421 0.00 229.25 0.01 36.7156666 -4.4912460 0.00 273.87 0.63 0.000 38.672 14:37:26.20
75 2 -22.6 -23.7 0.246 -3.075 0.0 0.0 0.0 36.7156596 -4.4910421 0.00 229.25 0.01 36.7156666 -4.4912460 0.00 273.87 0.63 0.000 38.672 14:37:26.31
75 -2 -22.6 -23.7 5.781 -3.444 0.0 0.0 0.0 36.7156596 -4.4910421 0.00 229.25 0.01 36.7156666 -4.4912460 0.00 273.87 0.63 0.000 38.672 14:37:26.40
75 -2 -22.6 -23.7 3.444 -2.583 0.0 0.0 0.0 36.7156596 -4.4910421 0.00 229.25 0.01 36.7156666 -4.4912460 0.00 273.87 0.63 0.000 38.672 14:37:26.51
75 -2 -22.6 -23.7 -0.123 -3.321 0.0 0.0 0.0 36.7156596 -4.4910421 0.00 229.25 0.01 36.7156666 -4.4912494 0.00 273.39 0.76 0.000 38.672 14:37:26.60
75 -2 -22.6 -23.7 2.460 -3.444 0.0 0.0 0.0 36.7156596 -4.4910421 0.00 229.25 0.01 36.7156666 -4.4912494 0.00 273.39 0.76 0.000 38.672 14:37:26.70
75 -2 -22.6 -23.7 0.123 -2.706 0.0 0.0 0.0 36.7156596 -4.4910421 0.00 229.25 0.01 36.7156666 -4.4912494 0.00 273.39 0.76 0.000 38.672 14:37:26.81
75 -2 -22.6 -23.7 4.059 -3.075 0.0 0.0 0.0 36.7156596 -4.4910421 0.00 229.25 0.01 36.7156666 -4.4912494 0.00 273.39 0.76 0.000 38.672 14:37:26.90
75 -2 -22.6 -23.7 0.123 -4.182 0.0 0.0 0.0 36.7156596 -4.4910421 0.00 229.25 0.01 36.7156666 -4.4912494 0.00 273.39 0.76 0.000 38.672 14:37:27.01
75 -2 -22.6 -23.7 1.230 -6.519 0.0 0.0 0.0 36.7156596 -4.4910421 0.00 229.25 0.01 36.7156666 -4.4912494 0.00 273.39 0.76 0.000 38.672 14:37:27.10
75 -2 -22.6 -23.7 0.861 -4.797 0.0 0.0 0.0 36.7156596 -4.4910421 0.00 229.25 0.01 36.7156666 -4.4912494 0.00 273.39 0.76 0.000 38.672 14:37:27.20
75 -2 -22.6 -23.7 0.369 -4.797 0.0 0.0 0.0 36.7156596 -4.4910421 0.00 229.25 0.01 36.7156665 -4.4912527 0.00 267.88 0.87 0.000 38.672 14:37:27.31
75 2 -22.6 -23.7 3.198 -3.444 0.0 0.0 0.0 36.7156596 -4.4910421 0.00 229.25 0.01 36.7156665 -4.4912527 0.00 267.88 0.87 0.000 38.672 14:37:27.40
75 2 -22.6 -23.7 1.230 -5.043 0.0 0.0 0.0 36.7156596 -4.4910421 0.00 229.25 0.01 36.7156665 -4.4912527 0.00 267.88 0.87 0.000 38.672 14:37:27.51
75 2 -22.6 -23.7 3.690 -5.043 0.0 0.0 0.0 36.7156596 -4.4910421 0.00 229.25 0.01 36.7156665 -4.4912527 0.00 267.88 0.87 0.000 38.672 14:37:27.60
75 2 -22.6 -23.7 -0.369 -1.968 0.0 0.0 0.0 36.7156596 -4.4910421 0.00 229.25 0.01 36.7156665 -4.4912527 0.00 267.88 0.87 0.000 38.672 14:37:27.71
75 0 -22.6 -23.7 2.583 -2.952 0.0 0.0 0.0 36.7156596 -4.4910421 0.00 229.25 0.01 36.7156664 -4.4912561 0.00 270.86 0.95 0.000 38.672 14:37:27.81
75 0 -22.6 -23.7 1.722 -3.567 0.0 0.0 0.0 36.7156596 -4.4910421 0.00 229.25 0.01 36.7156664 -4.4912561 0.00 270.86 0.95 0.000 38.672 14:37:27.90
75 0 -22.6 -23.7 1.230 -3.813 0.0 0.0 0.0 36.7156596 -4.4910421 0.00 229.25 0.01 36.7156664 -4.4912561 0.00 270.86 0.95 0.000 38.672 14:37:28.01
75 0 -22.6 -23.7 4.551 -1.476 0.0 0.0 0.0 36.7156596 -4.4910421 0.00 229.25 0.01 36.7156664 -4.4912561 0.00 270.86 0.95 0.000 38.672 14:37:28.10
75 0 -22.6 -23.7 2.952 -2.583 0.0 0.0 0.0 36.7156596 -4.4910421 0.00 229.25 0.01 36.7156664 -4.4912561 0.00 270.86 0.95 0.000 38.672 14:37:28.21
75 0 -22.6 -23.7 3.321 -3.321 0.0 0.0 0.0 36.7156596 -4.4910421 0.00 229.25 0.01 36.7156664 -4.4912561 0.00 270.86 0.95 0.000 38.672 14:37:28.31
75 0 -22.6 -23.7 1.599 -2.583 0.0 0.0 0.0 36.7156596 -4.4910421 0.00 229.25 0.01 36.7156664 -4.4912561 0.00 270.86 0.95 0.000 38.672 14:37:28.40
75 0 -22.6 -23.7 3.075 -2.829 0.0 0.0 0.0 36.7156596 -4.4910421 0.00 229.25 0.01 36.7156665 -4.4912595 0.00 266.57 0.97 0.000 38.672 14:37:28.51
75 3 -22.6 -23.7 1.968 -0.615 0.0 0.0 0.0 36.7156596 -4.4910421 0.00 229.25 0.01 36.7156665 -4.4912595 0.00 266.57 0.97 0.000 38.672 14:37:28.60
75 3 -22.6 -23.7 3.321 -0.246 0.0 0.0 0.0 36.7156596 -4.4910421 0.00 229.25 0.01 36.7156665 -4.4912595 0.00 266.57 0.97 0.000 38.672 14:37:28.71
75 3 -22.6 -23.7 7.134 -2.214 0.0 0.0 0.0 36.7156596 -4.4910421 0.00 229.25 0.01 36.7156665 -4.4912595 0.00 266.57 0.97 0.000 38.672 14:37:28.81
75 3 -22.6 -23.7 4.797 -0.246 0.0 0.0 0.0 36.7156596 -4.4910421 0.00 229.25 0.01 36.7156665 -4.4912595 0.00 266.57 0.97 0.000 38.672 14:37:28.92
75 3 -22.6 -23.7 8.487 -0.984 0.0 0.0 0.0 36.7156596 -4.4910421 0.00 229.25 0.01 36.7156664 -4.4912630 0.00 273.36 1.18 0.000 38.672 14:37:29.01
75 3 -22.6 -23.7 3.198 0.861 0.0 0.0 0.0 36.7156596 -4.4910421 0.00 229.25 0.01 36.7156664 -4.4912630 0.00 273.36 1.18 0.000 38.672 14:37:29.10
75 -1 -22.6 -23.7 5.043 1.230 0.0 0.0 0.0 36.7156596 -4.4910421 0.00 229.25 0.01 36.7156664 -4.4912630 0.00 273.36 1.18 0.000 38.672 14:37:29.21
75 -1 -22.6 -23.7 5.781 -1.353 0.0 0.0 0.0 36.7156596 -4.4910421 0.00 229.25 0.01 36.7156664 -4.4912630 0.00 273.36 1.18 0.000 38.672 14:37:29.31
75 -1 -22.6 -23.7 2.214 1.845 0.0 0.0 0.0 36.7156596 -4.4910421 0.00 229.25 0.01 36.7156664 -4.4912630 0.00 273.36 1.18 0.000 38.672 14:37:29.42
75 -1 -22.6 -23.7 3.813 -2.706 0.0 0.0 0.0 36.7156596 -4.4910421 0.00 229.25 0.01 36.7156664 -4.4912630 0.00 273.36 1.18 0.000 38.672 14:37:29.51
75 -1 -22.6 -23.7 0.861 -2.460 0.0 0.0 0.0 36.7156596 -4.4910421 0.00 229.25 0.01 36.7156664 -4.4912662 0.00 272.82 1.13 0.000 38.672 14:37:29.62
75 -1 -22.2 -22.6 1.230 -4.182 0.0 0.0 0.0 36.7156596 -4.4910421 0.00 229.25 0.01 36.7156664 -4.4912662 0.00 272.82 1.13 0.000 38.672 14:37:29.71
75 -1 -22.2 -22.6 5.535 -1.845 0.0 0.0 0.0 36.7156596 -4.4910421 0.00 229.25 0.01 36.7156664 -4.4912662 0.00 272.82 1.13 0.000 38.672 14:37:29.81
75 -1 -22.2 -22.6 -0.369 -0.369 0.0 0.0 0.0 36.7156596 -4.4910421 0.00 229.25 0.01 36.7156664 -4.4912662 0.00 272.82 1.13 0.000 38.672 14:37:29.92
75 -1 -22.2 -22.6 3.075 -6.150 0.0 0.0 0.0 36.7156596 -4.4910421 0.00 229.25 0.01 36.7156664 -4.4912662 0.00 272.82 1.13 0.000 38.672 14:37:30.01
75 -1 -22.2 -22.6 -1.476 -2.214 0.0 0.0 0.0 36.7156596 -4.4910421 0.00 229.25 0.01 36.7156664 -4.4912662 0.00 272.82 1.13 0.000 38.672 14:37:30.12
75 -1 -22.2 -22.6 1.476 -3.567 0.0 0.0 0.0 36.7156596 -4.4910421 0.00 229.25 0.01 36.7156665 -4.4912696 0.00 269.04 0.95 0.000 38.672 14:37:30.21
75 -1 -22.2 -22.6 3.321 -5.412 0.0 0.0 0.0 36.7156596 -4.4910421 0.00 229.25 0.01 36.7156665 -4.4912696 0.00 269.04 0.95 0.000 38.672 14:37:30.32
75 1 -22.2 -22.6 -1.968 -1.968 0.0 0.0 0.0 36.7156596 -4.4910421 0.00 229.25 0.01 36.7156665 -4.4912696 0.00 269.04 0.95 0.000 38.672 14:37:30.42
75 1 -22.2 -22.6 3.690 -5.535 0.0 0.0 0.0 36.7156596 -4.4910421 0.00 229.25 0.01 36.7156665 -4.4912696 0.00 269.04 0.95 0.000 38.672 14:37:30.51
75 1 -22.2 -22.6 -0.861 0.000 0.0 0.0 0.0 36.7156596 -4.4910421 0.00 229.25 0.01 36.7156665 -4.4912696 0.00 269.04 0.95 0.000 38.672 14:37:30.62
75 1 -22.2 -22.6 2.091 -4.674 0.0 0.0 0.0 36.7156596 -4.4910421 0.00 229.25 0.01 36.7156665 -4.4912733 0.00 275.25 1.18 0.000 38.672 14:37:30.71
75 -2 -22.2 -22.6 1.476 -1.968 0.0 0.0 0.0 36.7156596 -4.4910421 0.00 229.25 0.01 36.7156665 -4.4912733 0.00 275.25 1.18 0.000 38.672 14:37:30.82
75 -2 -22.2 -22.6 0.369 -2.337 0.0 0.0 0.0 36.7156596 -4.4910421 0.00 229.25 0.01 36.7156665 -4.4912733 0.00 275.25 1.18 0.000 38.672 14:37:30.92
75 -2 -22.2 -22.6 4.428 -2.829 0.0 0.0 0.0 36.7156596 -4.4910421 0.00 229.25 0.01 36.7156665 -4.4912733 0.00 275.25 1.18 0.000 38.672 14:37:31.03
75 -2 -22.2 -22.6 0.984 -0.984 0.0 0.0 0.0 36.7156596 -4.4910421 0.00 229.25 0.01 36.7156665 -4.4912733 0.00 275.25 1.18 0.000 38.672 14:37:31.12
75 -2 -22.2 -22.6 3.198 -4.797 0.0 0.0 0.0 36.7156596 -4.4910421 0.00 229.25 0.01 36.7156665 -4.4912733 0.00 275.25 1.18 0.000 38.672 14:37:31.21
75 -2 -22.2 -22.6 -1.722 -2.583 0.0 0.0 0.0 36.7156596 -4.4910421 0.00 229.25 0.01 36.7156665 -4.4912733 0.00 275.25 1.18 0.000 38.672 14:37:31.32
75 -2 -22.2 -22.6 0.369 -5.535 0.0 0.0 0.0 36.7156596 -4.4910421 0.00 229.25 0.01 36.7156666 -4.4912766 0.00 263.70 1.36 0.000 38.672 14:37:31.42
75 -2 -22.2 -22.6 2.583 -3.075 0.0 0.0 0.0 36.7156596 -4.4910421 0.00 229.25 0.01 36.7156666 -4.4912766 0.00 263.70 1.36 0.000 38.672 14:37:31.53
75 5 -22.2 -22.6 -0.984 -3.936 0.0 0.0 0.0 36.7156596 -4.4910421 0.00 229.25 0.01 36.7156666 -4.4912766 0.00 263.70 1.36 0.000 38.672 14:37:31.62
75 5 -22.2 -22.6 3.075 -4.797 0.0 0.0 0.0 36.7156596 -4.4910421 0.00 229.25 0.01 36.7156666 -4.4912766 0.00 263.70 1.36 0.000 38.672 14:37:31.71
75 5 -22.2 -22.6 -0.738 -1.476 0.0 0.0 0.0 36.7156596 -4.4910421 0.00 229.25 0.01 36.7156666 -4.4912766 0.00 263.70 1.36 0.000 38.672 14:37:31.82
75 5 -22.2 -22.6 2.706 -3.813 0.0 0.0 0.0 36.7156596 -4.4910421 0.00 229.25 0.01 36.7156666 -4.4912766 0.00 263.70 1.36 0.000 38.672 14:37:31.92
75 5 -22.2 -22.6 4.551 1.353 0.0 0.0 0.0 36.7156596 -4.4910421 0.00 229.25 0.01 36.7156667 -4.4912798 0.00 275.05 0.85 0.000 38.672 14:37:32.03
75 5 -22.2 -22.6 4.182 -0.369 0.0 0.0 0.0 36.7156596 -4.4910421 0.00 229.25 0.01 36.7156667 -4.4912798 0.00 275.05 0.85 0.000 38.672 14:37:32.12
75 -2 -22.2 -22.6 7.257 1.107 0.0 0.0 0.0 36.7156596 -4.4910421 0.00 229.25 0.01 36.7156667 -4.4912798 0.00 275.05 0.85 0.000 38.672 14:37:32.23
75 -2 -22.2 -22.6 2.337 0.246 0.0 0.0 0.0 36.7156596 -4.4910421 0.00 229.25 0.01 36.7156667 -4.4912798 0.00 275.05 0.85 0.000 38.672 14:37:32.32
75 -2 -22.2 -22.6 6.519 -1.353 0.0 0.0 0.0 36.7156596 -4.4910421 0.00 229.25 0.01 36.7156667 -4.4912798 0.00 275.05 0.85 0.000 38.672 14:37:32.42
75 -2 -22.2 -22.6 1.845 0.615 0.0 0.0 0.0 36.7156596 -4.4910421 0.00 229.25 0.01 36.7156667 -4.4912798 0.00 275.05 0.85 0.000 38.672 14:37:32.53
75 -2 -22.2 -22.6 5.412 -2.460 0.0 0.0 0.0 36.7156596 -4.4910421 0.00 229.25 0.01 36.7156666 -4.4912832 0.00 267.91 0.93 0.000 38.672 14:37:32.62
75 -2 -22.2 -22.6 2.952 -0.615 0.0 0.0 0.0 36.7156596 -4.4910421 0.00 229.25 0.01 36.7156666 -4.4912832 0.00 267.91 0.93 0.000 38.672 14:37:32.73
75 -2 -22.2 -22.6 1.230 -2.952 0.0 0.0 0.0 36.7156596 -4.4910421 0.00 229.25 0.01 36.7156666 -4.4912832 0.00 267.91 0.93 0.000 38.672 14:37:32.82
75 -2 -22.2 -22.6 6.519 -2.337 0.0 0.0 0.0 36.7156596 -4.4910421 0.00 229.25 0.01 36.7156666 -4.4912832 0.00 267.91 0.93 0.000 38.672 14:37:32.93
0 0 -22.2 -22.6 -1.845 -0.861 0.0 0.0 0.0 36.7156596 -4.4910421 0.00 229.25 0.01 36.7156666 -4.4912832 0.00 267.91 0.93 0.000 38.672 14:37:33.03
0 0 -22.2 -22.6 -54.120 50.553 0.0 0.0 0.0 36.7156596 -4.4910421 0.00 229.25 0.01 36.7156666 -4.4912832 0.00 267.91 0.93 0.000 38.672 14:37:33.12
0 0 -22.2 -22.6 -4.182 3.075 0.0 0.0 0.0 36.7156596 -4.4910421 0.00 229.25 0.01 36.7156666 -4.4912832 0.00 267.91 0.93 0.000 38.672 14:37:33.23
0 0 -22.2 -22.6 -0.369 0.123 0.0 0.0 0.0 36.7156596 -4.4910421 0.00 229.25 0.01 36.7156666 -4.4912832 0.00 267.91 0.93 0.000 38.672 14:37:33.32
