75 0 -23.0 -22.6 5.904 -1.107 0.0 0.0 0.0 36.7155550 -4.4901500 5.00 287.45 0.08 36.7156698 -4.4910824 0.00 268.21 0.99 0.000 39.531 10:14:57.78
75 0 -23.0 -22.6 5.904 -1.107 0.0 0.0 0.0 36.7155550 -4.4901500 5.00 287.45 0.08 36.7156698 -4.4910824 0.00 268.21 0.99 0.000 39.531 10:14:57.87
75 0 -23.0 -22.6 3.936 -3.075 0.0 0.0 0.0 36.7155550 -4.4901500 5.00 287.45 0.08 36.7156698 -4.4910836 0.00 268.20 0.99 0.000 39.531 10:14:57.96
75 0 -23.0 -22.6 5.412 -0.492 0.0 0.0 0.0 36.7155550 -4.4901500 5.00 287.45 0.08 36.7156698 -4.4910836 0.00 268.20 0.99 0.000 39.531 10:14:58.07
75 0 -23.0 -22.6 3.198 -4.674 0.0 0.0 0.0 36.7155550 -4.4901500 5.00 287.45 0.08 36.7156698 -4.4910847 0.00 268.18 1.03 0.000 39.531 10:14:58.17
75 0 -23.0 -22.6 5.535 -0.369 0.0 0.0 0.0 36.7155550 -4.4901500 5.00 287.45 0.08 36.7156698 -4.4910847 0.00 268.18 1.03 0.000 39.531 10:14:58.28
75 0 -23.0 -22.6 3.690 -0.369 0.0 0.0 0.0 36.7155550 -4.4901500 5.00 287.45 0.08 36.7156698 -4.4910859 0.00 268.19 0.97 0.000 39.531 10:14:58.37
75 -1 -23.0 -22.6 3.198 -3.813 0.0 0.0 0.0 36.7155550 -4.4901500 5.00 287.45 0.08 36.7156698 -4.4910859 0.00 268.19 0.97 0.000 39.531 10:14:58.46
75 -1 -23.0 -22.6 7.503 -0.246 0.0 0.0 0.0 36.7155550 -4.4901500 5.00 287.45 0.08 36.7156698 -4.4910871 0.00 268.23 1.04 0.000 39.531 10:14:58.57
75 -1 -23.0 -22.6 1.722 -4.551 0.0 0.0 0.0 36.7155550 -4.4901500 5.00 287.45 0.08 36.7156698 -4.4910871 0.00 268.23 1.04 0.000 39.531 10:14:58.67
75 -1 -23.0 -22.6 1.845 -1.476 0.0 0.0 0.0 36.7155550 -4.4901500 5.00 287.45 0.08 36.7156697 -4.4910882 0.00 268.25 1.02 0.000 39.531 10:14:58.78
75 -1 -23.0 -22.6 2.214 -5.043 0.0 0.0 0.0 36.7155550 -4.4901500 5.00 287.45 0.08 36.7156697 -4.4910882 0.00 268.25 1.02 0.000 39.531 10:14:58.87
75 -1 -23.0 -22.6 0.615 -3.444 0.0 0.0 0.0 36.7155550 -4.4901500 5.00 287.45 0.08 36.7156697 -4.4910894 0.00 268.14 1.07 0.000 39.531 10:14:58.96
75 -1 -23.0 -22.6 5.535 -3.936 0.0 0.0 0.0 36.7155550 -4.4901500 5.00 287.45 0.08 36.7156697 -4.4910894 0.00 268.14 1.07 0.000 39.531 10:14:59.07
75 -1 -23.0 -22.6 -1.353 -4.797 0.0 0.0 0.0 36.7155550 -4.4901500 5.00 287.45 0.08 36.7156697 -4.4910905 0.00 267.93 0.98 0.000 39.531 10:14:59.17
75 0 -23.0 -22.6 0.492 -4.428 0.0 0.0 0.0 36.7155550 -4.4901500 5.00 287.45 0.08 36.7156697 -4.4910905 0.00 267.93 0.98 0.000 39.531 10:14:59.28
75 0 -23.0 -22.6 -0.246 -4.059 0.0 0.0 0.0 36.7155550 -4.4901500 5.00 287.45 0.08 36.7156697 -4.4910917 0.00 267.71 1.01 0.000 39.531 10:14:59.37
75 0 -23.0 -22.6 2.337 -3.198 0.0 0.0 0.0 36.7155550 -4.4901500 5.00 287.45 0.08 36.7156697 -4.4910917 0.00 267.71 1.01 0.000 39.531 10:14:59.46
75 0 -23.0 -22.6 2.460 -2.214 0.0 0.0 0.0 36.7155550 -4.4901500 5.00 287.45 0.08 36.7156696 -4.4910928 0.00 267.56 0.96 0.000 39.531 10:14:59.57
75 0 -23.0 -22.6 -0.123 -3.075 0.0 0.0 0.0 36.7155550 -4.4901500 5.00 287.45 0.08 36.7156696 -4.4910928 0.00 267.56 0.96 0.000 39.531 10:14:59.67
75 0 -23.0 -22.6 3.936 -0.369 0.0 0.0 0.0 36.7155550 -4.4901500 5.00 287.45 0.08 36.7156695 -4.4910938 0.00 267.52 0.94 0.000 39.531 10:14:59.78
75 0 -23.0 -22.6 1.599 -2.583 0.0 0.0 0.0 36.7155550 -4.4901500 5.00 287.45 0.08 36.7156695 -4.4910938 0.00 267.52 0.94 0.000 39.531 10:14:59.87
75 0 -23.0 -22.6 4.428 -3.198 0.0 0.0 0.0 36.7155550 -4.4901500 5.00 287.45 0.08 36.7156696 -4.4910949 0.00 267.40 0.96 0.000 39.531 10:14:59.96
75 0 -23.0 -22.6 1.845 -0.369 0.0 0.0 0.0 36.7155550 -4.4901500 5.00 287.45 0.08 36.7156696 -4.4910949 0.00 267.40 0.96 0.000 39.531 10:15:00.07
75 0 -23.0 -22.6 1.722 -1.230 0.0 0.0 0.0 36.7155550 -4.4901500 5.00 287.45 0.08 36.7156695 -4.4910960 0.00 267.35 0.96 0.000 39.531 10:15:00.17
75 1 -23.0 -22.6 2.829 -2.460 0.0 0.0 0.0 36.7155550 -4.4901500 5.00 287.45 0.08 36.7156695 -4.4910960 0.00 267.35 0.96 0.000 39.531 10:15:00.28
75 1 -23.0 -22.6 2.583 -2.337 0.0 0.0 0.0 36.7155550 -4.4901500 5.00 287.45 0.08 36.7156695 -4.4910971 0.00 267.38 1.03 0.000 39.531 10:15:00.37
75 1 -23.0 -22.6 4.182 -2.829 0.0 0.0 0.0 36.7155550 -4.4901500 5.00 287.45 0.08 36.7156695 -4.4910971 0.00 267.38 1.03 0.000 39.531 10:15:00.46
75 1 -23.0 -22.6 4.305 -1.845 0.0 0.0 0.0 36.7155550 -4.4901500 5.00 287.45 0.08 36.7156695 -4.4910982 0.00 267.43 0.91 0.000 39.531 10:15:00.57
75 1 -23.0 -22.6 4.305 1.968 0.0 0.0 0.0 36.7155550 -4.4901500 5.00 287.45 0.08 36.7156695 -4.4910982 0.00 267.43 0.91 0.000 39.531 10:15:00.67
75 1 -23.0 -22.6 5.412 -3.321 0.0 0.0 0.0 36.7155550 -4.4901500 5.00 287.45 0.08 36.7156695 -4.4910993 0.00 267.54 0.95 0.000 39.531 10:15:00.78
75 1 -23.0 -22.6 6.765 1.107 0.0 0.0 0.0 36.7155550 -4.4901500 5.00 287.45 0.08 36.7156695 -4.4910993 0.00 267.54 0.95 0.000 39.531 10:15:00.87
75 1 -23.0 -22.6 3.813 -1.353 0.0 0.0 0.0 36.7155550 -4.4901500 5.00 287.45 0.08 36.7156694 -4.4911004 0.00 267.74 0.95 0.000 39.531 10:15:00.96
75 1 -23.0 -22.6 4.428 -0.123 0.0 0.0 0.0 36.7155550 -4.4901500 5.00 287.45 0.08 36.7156694 -4.4911004 0.00 267.74 0.95 0.000 39.531 10:15:01.07
75 1 -23.0 -22.6 8.118 1.230 0.0 0.0 0.0 36.7155550 -4.4901500 5.00 287.45 0.08 36.7156694 -4.4911016 0.00 267.97 1.02 0.000 39.531 10:15:01.17
75 1 -23.0 -22.6 3.690 -2.337 0.0 0.0 0.0 36.7155550 -4.4901500 5.00 287.45 0.08 36.7156694 -4.4911016 0.00 267.97 1.02 0.000 39.531 10:15:01.28
75 1 -23.0 -22.6 6.765 2.091 0.0 0.0 0.0 36.7155550 -4.4901500 5.00 287.45 0.08 36.7156694 -4.4911027 0.00 268.17 1.05 0.000 39.531 10:15:01.37
75 1 -23.0 -22.6 5.904 -2.214 0.0 0.0 0.0 36.7155550 -4.4901500 5.00 287.45 0.08 36.7156694 -4.4911027 0.00 268.17 1.05 0.000 39.531 10:15:01.46
75 1 -23.0 -22.6 4.797 1.476 0.0 0.0 0.0 36.7155550 -4.4901500 5.00 287.45 0.08 36.7156693 -4.4911039 0.00 268.32 1.03 0.000 39.531 10:15:01.57
75 1 -23.0 -22.6 8.118 0.123 0.0 0.0 0.0 36.7155550 -4.4901500 5.00 287.45 0.08 36.7156693 -4.4911039 0.00 268.32 1.03 0.000 39.531 10:15:01.67
75 1 -23.0 -22.6 3.936 -2.706 0.0 0.0 0.0 36.7155550 -4.4901500 5.00 287.45 0.08 36.7156693 -4.4911051 0.00 268.61 0.98 0.000 39.531 10:15:01.78
75 0 -23.0 -22.6 6.888 1.722 0.0 0.0 0.0 36.7155550 -4.4901500 5.00 287.45 0.08 36.7156693 -4.4911051 0.00 268.61 0.98 0.000 39.531 10:15:01.87
75 0 -23.0 -22.6 3.567 0.861 0.0 0.0 0.0 36.7155550 -4.4901500 5.00 287.45 0.08 36.7156693 -4.4911062 0.00 268.87 0.89 0.000 39.531 10:15:01.96
75 0 -23.0 -22.6 3.813 1.476 0.0 0.0 0.0 36.7155550 -4.4901500 5.00 287.45 0.08 36.7156693 -4.4911062 0.00 268.87 0.89 0.000 39.531 10:15:02.07
75 0 -23.0 -22.6 7.257 0.000 0.0 0.0 0.0 36.7155550 -4.4901500 5.00 287.45 0.08 36.7156693 -4.4911072 0.00 269.10 0.97 0.000 39.531 10:15:02.17
75 0 -23.0 -22.6 3.075 0.369 0.0 0.0 0.0 36.7155550 -4.4901500 5.00 287.45 0.08 36.7156693 -4.4911072 0.00 269.10 0.97 0.000 39.531 10:15:02.28
75 0 -23.4 -23.4 5.658 1.353 0.0 0.0 0.0 36.7155550 -4.4901500 5.00 287.45 0.08 36.7156692 -4.4911083 0.00 269.24 0.91 0.000 39.746 10:15:02.37
75 0 -23.4 -23.4 3.075 -0.369 0.0 0.0 0.0 36.7155550 -4.4901500 5.00 287.45 0.08 36.7156692 -4.4911083 0.00 269.24 0.91 0.000 39.746 10:15:02.46
75 0 -23.4 -23.4 4.551 0.123 0.0 0.0 0.0 36.7155550 -4.4901500 5.00 287.45 0.08 36.7156692 -4.4911093 0.00 269.35 0.99 0.000 39.746 10:15:02.57
75 0 -23.4 -23.4 6.273 0.861 0.0 0.0 0.0 36.7155550 -4.4901500 5.00 287.45 0.08 36.7156692 -4.4911093 0.00 269.35 0.99 0.000 39.746 10:15:02.67
75 0 -23.4 -23.4 1.968 -2.091 0.0 0.0 0.0 36.7155550 -4.4901500 5.00 287.45 0.08 36.7156692 -4.4911104 0.00 269.35 0.90 0.000 39.746 10:15:02.78
75 0 -23.4 -23.4 5.535 -1.599 0.0 0.0 0.0 36.7155550 -4.4901500 5.00 287.45 0.08 36.7156692 -4.4911104 0.00 269.35 0.90 0.000 39.746 10:15:02.87
75 0 -23.4 -23.4 2.706 -2.460 0.0 0.0 0.0 36.7155550 -4.4901500 5.00 287.45 0.08 36.7156693 -4.4911115 0.00 269.42 1.01 0.000 39.746 10:15:02.96
75 0 -23.4 -23.4 3.813 -0.738 0.0 0.0 0.0 36.7155550 -4.4901500 5.00 287.45 0.08 36.7156693 -4.4911115 0.00 269.42 1.01 0.000 39.746 10:15:03.07
75 0 -23.4 -23.4 2.706 -1.353 0.0 0.0 0.0 36.7155550 -4.4901500 5.00 287.45 0.08 36.7156693 -4.4911128 0.00 269.48 1.07 0.000 39.746 10:15:03.17
75 0 -23.4 -23.4 2.583 -2.829 0.0 0.0 0.0 36.7155550 -4.4901500 5.00 287.45 0.08 36.7156693 -4.4911128 0.00 269.48 1.07 0.000 39.746 10:15:03.28

75 0 -23.4 -23.4 4.182 -0.615 0.0 0.0 0.0 36.7155550 -4.4901500 5.00 287.45 0.08 36.7156693 -4.4911140 0.00 269.59 1.14 0.000 39.746 10:15:03.37
75 0 -23.4 -23.4 1.230 0.246 0.0 0.0 0.0 36.7155550 -4.4901500 5.00 287.45 0.08 36.7156693 -4.4911140 0.00 269.59 1.14 0.000 39.746 10:15:03.46
75 0 -23.4 -23.4 4.182 -0.861 0.0 0.0 0.0 36.7155550 -4.4901500 5.00 287.45 0.08 36.7156693 -4.4911151 0.00 269.67 1.05 0.000 39.746 10:15:03.57
75 -1 -23.4 -23.4 3.936 -1.353 0.0 0.0 0.0 36.7155550 -4.4901500 5.00 287.45 0.08 36.7156693 -4.4911151 0.00 269.67 1.05 0.000 39.746 10:15:03.67
75 -1 -23.4 -23.4 2.583 -2.583 0.0 0.0 0.0 36.7155550 -4.4901500 5.00 287.45 0.08 36.7156694 -4.4911163 0.00 269.69 0.92 0.000 39.746 10:15:03.78
75 -1 -23.4 -23.4 6.027 -0.615 0.0 0.0 0.0 36.7155550 -4.4901500 5.00 287.45 0.08 36.7156694 -4.4911163 0.00 269.69 0.92 0.000 39.746 10:15:03.87
75 -1 -23.4 -23.4 1.845 -3.321 0.0 0.0 0.0 36.7155550 -4.4901500 5.00 287.45 0.08 36.7156694 -4.4911174 0.00 269.79 0.93 0.000 39.746 10:15:03.96
75 -1 -23.4 -23.4 3.936 -2.583 0.0 0.0 0.0 36.7155550 -4.4901500 5.00 287.45 0.08 36.7156694 -4.4911174 0.00 269.79 0.93 0.000 39.746 10:15:04.07
75 -1 -23.4 -23.4 1.722 -1.968 0.0 0.0 0.0 36.7155550 -4.4901500 5.00 287.45 0.08 36.7156694 -4.4911185 0.00 269.57 0.94 0.000 39.746 10:15:04.17
75 -1 -23.4 -23.4 1.968 -2.706 0.0 0.0 0.0 36.7155550 -4.4901500 5.00 287.45 0.08 36.7156694 -4.4911185 0.00 269.57 0.94 0.000 39.746 10:15:04.28
75 -1 -23.4 -23.4 4.182 -0.738 0.0 0.0 0.0 36.7155550 -4.4901500 5.00 287.45 0.08 36.7156694 -4.4911195 0.00 269.32 0.92 0.000 39.746 10:15:04.37
75 -1 -23.4 -23.4 0.615 -2.460 0.0 0.0 0.0 36.7155550 -4.4901500 5.00 287.45 0.08 36.7156694 -4.4911195 0.00 269.32 0.92 0.000 39.746 10:15:04.46
75 -1 -23.4 -23.4 1.599 -3.321 0.0 0.0 0.0 36.7155550 -4.4901500 5.00 287.45 0.08 36.7156694 -4.4911206 0.00 269.26 0.91 0.000 39.746 10:15:04.57
75 -1 -23.4 -23.4 2.460 -0.861 0.0 0.0 0.0 36.7155550 -4.4901500 5.00 287.45 0.08 36.7156694 -4.4911206 0.00 269.26 0.91 0.000 39.746 10:15:04.67
75 -1 -23.4 -23.4 1.722 -6.150 0.0 0.0 0.0 36.7155550 -4.4901500 5.00 287.45 0.08 36.7156693 -4.4911217 0.00 269.07 0.95 0.000 39.746 10:15:04.78
75 -1 -23.4 -23.4 2.091 -2.337 0.0 0.0 0.0 36.7155550 -4.4901500 5.00 287.45 0.08 36.7156693 -4.4911217 0.00 269.07 0.95 0.000 39.746 10:15:04.87
75 -1 -23.4 -23.4 1.722 -6.396 0.0 0.0 0.0 36.7155550 -4.4901500 5.00 287.45 0.08 36.7156693 -4.4911228 0.00 268.81 0.97 0.000 39.746 10:15:04.96
75 0 -23.4 -23.4 0.984 -4.059 0.0 0.0 0.0 36.7155550 -4.4901500 5.00 287.45 0.08 36.7156693 -4.4911228 0.00 268.81 0.97 0.000 39.746 10:15:05.07
75 0 -23.4 -23.4 2.337 -4.551 0.0 0.0 0.0 36.7155550 -4.4901500 5.00 287.45 0.08 36.7156693 -4.4911239 0.00 268.61 1.00 0.000 39.746 10:15:05.17
75 1 -23.4 -23.4 0.246 -5.412 0.0 0.0 0.0 36.7155550 -4.4901500 5.00 287.45 0.08 36.7156693 -4.4911239 0.00 268.61 1.00 0.000 39.746 10:15:05.28
75 1 -23.4 -23.4 3.567 -0.369 0.0 0.0 0.0 36.7155550 -4.4901500 5.00 287.45 0.08 36.7156693 -4.4911251 0.00 268.37 1.04 0.000 39.746 10:15:05.37
75 1 -23.4 -23.4 1.476 -4.920 0.0 0.0 0.0 36.7155550 -4.4901500 5.00 287.45 0.08 36.7156693 -4.4911251 0.00 268.37 1.04 0.000 39.746 10:15:05.46
75 1 -23.4 -23.4 1.845 -2.829 0.0 0.0 0.0 36.7155550 -4.4901500 5.00 287.45 0.08 36.7156692 -4.4911262 0.00 268.40 1.03 0.000 39.746 10:15:05.57
75 1 -23.4 -23.4 4.428 1.476 0.0 0.0 0.0 36.7155550 -4.4901500 5.00 287.45 0.08 36.7156692 -4.4911262 0.00 268.40 1.03 0.000 39.746 10:15:05.67
75 1 -23.4 -23.4 2.460 -3.813 0.0 0.0 0.0 36.7155550 -4.4901500 5.00 287.45 0.08 36.7156692 -4.4911274 0.00 268.59 1.01 0.000 39.746 10:15:05.78
75 1 -23.4 -23.4 5.535 1.353 0.0 0.0 0.0 36.7155550 -4.4901500 5.00 287.45 0.08 36.7156692 -4.4911274 0.00 268.59 1.01 0.000 39.746 10:15:05.87
75 1 -23.4 -23.4 4.305 -2.460 0.0 0.0 0.0 36.7155550 -4.4901500 5.00 287.45 0.08 36.7156691 -4.4911285 0.00 268.80 0.94 0.000 39.746 10:15:05.96
75 1 -23.4 -23.4 3.936 0.492 0.0 0.0 0.0 36.7155550 -4.4901500 5.00 287.45 0.08 36.7156691 -4.4911285 0.00 268.80 0.94 0.000 39.746 10:15:06.07
75 1 -23.4 -23.4 5.904 -0.246 0.0 0.0 0.0 36.7155550 -4.4901500 5.00 287.45 0.08 36.7156691 -4.4911296 0.00 269.04 0.93 0.000 39.746 10:15:06.17
75 1 -23.4 -23.4 1.722 -0.246 0.0 0.0 0.0 36.7155550 -4.4901500 5.00 287.45 0.08 36.7156691 -4.4911296 0.00 269.04 0.93 0.000 39.746 10:15:06.28
75 1 -23.4 -23.4 7.380 0.615 0.0 0.0 0.0 36.7155550 -4.4901500 5.00 287.45 0.08 36.7156691 -4.4911306 0.00 269.18 0.91 0.000 39.746 10:15:06.37
75 0 -23.4 -23.4 4.305 -2.583 0.0 0.0 0.0 36.7155550 -4.4901500 5.00 287.45 0.08 36.7156691 -4.4911306 0.00 269.18 0.91 0.000 39.746 10:15:06.46
75 0 -23.4 -23.4 3.321 0.861 0.0 0.0 0.0 36.7155550 -4.4901500 5.00 287.45 0.08 36.7156691 -4.4911317 0.00 269.36 0.93 0.000 39.746 10:15:06.57
75 0 -23.4 -23.4 6.519 0.615 0.0 0.0 0.0 36.7155550 -4.4901500 5.00 287.45 0.08 36.7156691 -4.4911317 0.00 269.36 0.93 0.000 39.746 10:15:06.67
75 0 -23.4 -23.4 2.091 -0.861 0.0 0.0 0.0 36.7155550 -4.4901500 5.00 287.45 0.08 36.7156691 -4.4911328 0.00 269.61 0.97 0.000 39.746 10:15:06.78
75 0 -23.4 -23.4 6.273 -0.492 0.0 0.0 0.0 36.7155550 -4.4901500 5.00 287.45 0.08 36.7156691 -4.4911328 0.00 269.61 0.97 0.000 39.746 10:15:06.87
75 0 -23.4 -23.4 3.444 -1.722 0.0 0.0 0.0 36.7155550 -4.4901500 5.00 287.45 0.08 36.7156690 -4.4911339 0.00 269.63 1.03 0.000 39.746 10:15:06.96
75 0 -23.4 -23.4 2.583 -0.492 0.0 0.0 0.0 36.7155550 -4.4901500 5.00 287.45 0.08 36.7156690 -4.4911339 0.00 269.63 1.03 0.000 39.746 10:15:07.07
75 0 -23.4 -23.4 5.412 -0.246 0.0 0.0 0.0 36.7155550 -4.4901500 5.00 287.45 0.08 36.7156691 -4.4911351 0.00 269.72 1.05 0.000 39.746 10:15:07.17
75 0 -23.4 -23.4 2.583 -1.599 0.0 0.0 0.0 36.7155550 -4.4901500 5.00 287.45 0.08 36.7156691 -4.4911351 0.00 269.72 1.05 0.000 39.746 10:15:07.28
75 0 -23.4 -23.4 6.642 0.984 0.0 0.0 0.0 36.7155550 -4.4901500 5.00 287.45 0.08 36.7156691 -4.4911363 0.00 269.73 0.99 0.000 39.531 10:15:07.37
75 0 -23.4 -23.4 2.214 -0.984 0.0 0.0 0.0 36.7155550 -4.4901500 5.00 287.45 0.08 36.7156691 -4.4911363 0.00 269.73 0.99 0.000 39.531 10:15:07.46
75 0 -23.4 -23.4 6.519 0.984 0.0 0.0 0.0 36.7155550 -4.4901500 5.00 287.45 0.08 36.7156691 -4.4911374 0.00 269.79 0.92 0.000 39.531 10:15:07.57
75 0 -23.4 -23.4 3.936 -1.722 0.0 0.0 0.0 36.7155550 -4.4901500 5.00 287.45 0.08 36.7156691 -4.4911374 0.00 269.79 0.92 0.000 39.531 10:15:07.67
75 0 -23.4 -23.4 2.706 -2.829 0.0 0.0 0.0 36.7155550 -4.4901500 5.00 287.45 0.08 36.7156691 -4.4911386 0.00 269.84 0.94 0.000 39.531 10:15:07.78
75 0 -23.4 -23.4 5.904 -0.615 0.0 0.0 0.0 36.7155550 -4.4901500 5.00 287.45 0.08 36.7156691 -4.4911386 0.00 269.84 0.94 0.000 39.531 10:15:07.87
75 0 -23.4 -23.4 3.936 -2.583 0.0 0.0 0.0 36.7155550 -4.4901500 5.00 287.45 0.08 36.7156691 -4.4911398 0.00 269.87 0.97 0.000 39.531 10:15:07.96
75 0 -23.4 -23.4 4.674 -1.476 0.0 0.0 0.0 36.7155550 -4.4901500 5.00 287.45 0.08 36.7156691 -4.4911398 0.00 269.87 0.97 0.000 39.531 10:15:08.07
75 0 -23.4 -23.4 1.599 -0.738 0.0 0.0 0.0 36.7155550 -4.4901500 5.00 287.45 0.08 36.7156691 -4.4911409 0.00 269.93 0.95 0.000 39.531 10:15:08.17
75 0 -23.4 -23.4 3.690 -3.444 0.0 0.0 0.0 36.7155550 -4.4901500 5.00 287.45 0.08 36.7156691 -4.4911409 0.00 269.93 0.95 0.000 39.531 10:15:08.28
75 0 -23.4 -23.4 4.428 -0.369 0.0 0.0 0.0 36.7155550 -4.4901500 5.00 287.45 0.08 36.7156691 -4.4911419 0.00 269.92 0.97 0.000 39.531 10:15:08.37
75 0 -23.4 -23.4 1.476 -4.428 0.0 0.0 0.0 36.7155550 -4.4901500 5.00 287.45 0.08 36.7156691 -4.4911419 0.00 269.92 0.97 0.000 39.531 10:15:08.46
75 0 -23.4 -23.4 4.059 -1.353 0.0 0.0 0.0 36.7155550 -4.4901500 5.00 287.45 0.08 36.7156691 -4.4911430 0.00 270.03 0.98 0.000 39.531 10:15:08.57
75 0 -23.4 -23.4 1.230 -1.107 0.0 0.0 0.0 36.7155550 -4.4901500 5.00 287.45 0.08 36.7156691 -4.4911430 0.00 270.03 0.98 0.000 39.531 10:15:08.67
75 0 -23.4 -23.4 2.706 -2.460 0.0 0.0 0.0 36.7155550 -4.4901500 5.00 287.45 0.08 36.7156691 -4.4911441 0.00 270.01 0.92 0.000 39.531 10:15:08.78
75 0 -23.4 -23.4 4.797 -0.123 0.0 0.0 0.0 36.7155550 -4.4901500 5.00 287.45 0.08 36.7156691 -4.4911441 0.00 270.01 0.92 0.000 39.531 10:15:08.87
75 0 -23.4 -23.4 2.706 -2.706 0.0 0.0 0.0 36.7155550 -4.4901500 5.00 287.45 0.08 36.7156692 -4.4911452 0.00 269.94 0.87 0.000 39.531 10:15:08.96
75 0 -23.4 -23.4 5.658 -0.984 0.0 0.0 0.0 36.7155550 -4.4901500 5.00 287.45 0.08 36.7156692 -4.4911452 0.00 269.94 0.87 0.000 39.531 10:15:09.07
75 0 -23.4 -23.4 0.492 -2.337 0.0 0.0 0.0 36.7155550 -4.4901500 5.00 287.45 0.08 36.7156692 -4.4911463 0.00 269.95 0.92 0.000 39.531 10:15:09.17
75 0 -23.4 -23.4 4.182 -2.583 0.0 0.0 0.0 36.7155550 -4.4901500 5.00 287.45 0.08 36.7156692 -4.4911463 0.00 269.95 0.92 0.000 39.531 10:15:09.28
75 0 -23.4 -23.4 4.428 -0.615 0.0 0.0 0.0 36.7155550 -4.4901500 5.00 287.45 0.08 36.7156692 -4.4911474 0.00 270.00 0.96 0.000 39.531 10:15:09.37
75 0 -23.4 -23.4 2.829 -6.150 0.0 0.0 0.0 36.7155550 -4.4901500 5.00 287.45 0.08 36.7156692 -4.4911474 0.00 270.00 0.96 0.000 39.531 10:15:09.46
75 0 -23.4 -23.4 7.749 -0.246 0.0 0.0 0.0 36.7155550 -4.4901500 5.00 287.45 0.08 36.7156692 -4.4911485 0.00 270.00 0.96 0.000 39.531 10:15:09.57
75 -1 -23.4 -23.4 1.476 -0.369 0.0 0.0 0.0 36.7155550 -4.4901500 5.00 287.45 0.08 36.7156692 -4.4911485 0.00 270.00 0.96 0.000 39.531 10:15:09.67
75 -1 -23.4 -23.4 2.829 -0.615 0.0 0.0 0.0 36.7155550 -4.4901500 5.00 287.45 0.08 36.7156692 -4.4911497 0.00 270.09 1.01 0.000 39.531 10:15:09.78
75 -1 -23.4 -23.4 2.583 -1.845 0.0 0.0 0.0 36.7155550 -4.4901500 5.00 287.45 0.08 36.7156692 -4.4911497 0.00 270.09 1.01 0.000 39.531 10:15:09.87
75 -1 -23.4 -23.4 2.460 -5.043 0.0 0.0 0.0 36.7155550 -4.4901500 5.00 287.45 0.08 36.7156691 -4.4911508 0.00 270.06 0.95 0.000 39.531 10:15:09.96
75 -1 -23.4 -23.4 2.337 1.230 0.0 0.0 0.0 36.7155550 -4.4901500 5.00 287.45 0.08 36.7156691 -4.4911508 0.00 270.06 0.95 0.000 39.531 10:15:10.07
75 -1 -23.4 -23.4 0.246 -4.305 0.0 0.0 0.0 36.7155550 -4.4901500 5.00 287.45 0.08 36.7156691 -4.4911520 0.00 269.91 0.99 0.000 39.531 10:15:10.17
75 -1 -23.4 -23.4 0.123 -2.214 0.0 0.0 0.0 36.7155550 -4.4901500 5.00 287.45 0.08 36.7156691 -4.4911520 0.00 269.91 0.99 0.000 39.531 10:15:10.28
75 -1 -23.4 -23.4 0.984 -2.829 0.0 0.0 0.0 36.7155550 -4.4901500 5.00 287.45 0.08 36.7156691 -4.4911531 0.00 269.76 1.00 0.000 39.531 10:15:10.37
75 -1 -23.4 -23.4 1.353 -5.289 0.0 0.0 0.0 36.7155550 -4.4901500 5.00 287.45 0.08 36.7156691 -4.4911531 0.00 269.76 1.00 0.000 39.531 10:15:10.46
75 -1 -23.4 -23.4 3.198 -1.968 0.0 0.0 0.0 36.7155550 -4.4901500 5.00 287.45 0.08 36.7156691 -4.4911543 0.00 269.54 0.97 0.000 39.531 10:15:10.57
75 -1 -23.4 -23.4 0.492 -6.273 0.0 0.0 0.0 36.7155550 -4.4901500 5.00 287.45 0.08 36.7156691 -4.4911543 0.00 269.54 0.97 0.000 39.531 10:15:10.67
75 -1 -23.4 -23.4 1.476 -2.214 0.0 0.0 0.0 36.7155550 -4.4901500 5.00 287.45 0.08 36.7156691 -4.4911554 0.00 269.37 0.98 0.000 39.531 10:15:10.78
75 -1 -23.4 -23.4 0.000 -3.690 0.0 0.0 0.0 36.7155550 -4.4901500 5.00 287.45 0.08 36.7156691 -4.4911554 0.00 269.37 0.98 0.000 39.531 10:15:10.87
75 -1 -23.4 -23.4 0.615 -6.765 0.0 0.0 0.0 36.7155550 -4.4901500 5.00 287.45 0.08 36.7156691 -4.4911565 0.00 269.17 0.95 0.000 39.531 10:15:10.96
75 0 -23.4 -23.4 1.476 -2.460 0.0 0.0 0.0 36.7155550 -4.4901500 5.00 287.45 0.08 36.7156691 -4.4911565 0.00 269.17 0.95 0.000 39.531 10:15:11.07
75 0 -23.4 -23.4 1.968 -5.658 0.0 0.0 0.0 36.7155550 -4.4901500 5.00 287.45 0.08 36.7156690 -4.4911576 0.00 269.02 0.95 0.000 39.531 10:15:11.17
75 0 -23.4 -23.4 0.000 -4.797 0.0 0.0 0.0 36.7155550 -4.4901500 5.00 287.45 0.08 36.7156690 -4.4911576 0.00 269.02 0.95 0.000 39.531 10:15:11.28
75 0 -23.4 -23.4 3.075 -2.706 0.0 0.0 0.0 36.7155550 -4.4901500 5.00 287.45 0.08 36.7156690 -4.4911587 0.00 268.77 0.97 0.000 39.531 10:15:11.37
75 0 -23.4 -23.4 1.230 -5.535 0.0 0.0 0.0 36.7155550 -4.4901500 5.00 287.45 0.08 36.7156690 -4.4911587 0.00 268.77 0.97 0.000 39.531 10:15:11.46
75 0 -23.4 -23.4 4.182 -2.337 0.0 0.0 0.0 36.7155550 -4.4901500 5.00 287.45 0.08 36.7156690 -4.4911598 0.00 268.74 1.00 0.000 39.531 10:15:11.57
75 0 -23.4 -23.4 0.123 -5.904 0.0 0.0 0.0 36.7155550 -4.4901500 5.00 287.45 0.08 36.7156690 -4.4911598 0.00 268.74 1.00 0.000 39.531 10:15:11.67
75 0 -23.4 -23.4 2.583 -0.984 0.0 0.0 0.0 36.7155550 -4.4901500 5.00 287.45 0.08 36.7156690 -4.4911610 0.00 268.60 0.97 0.000 39.531 10:15:11.78
75 0 -23.4 -23.4 3.321 -1.968 0.0 0.0 0.0 36.7155550 -4.4901500 5.00 287.45 0.08 36.7156690 -4.4911610 0.00 268.60 0.97 0.000 39.531 10:15:11.87
75 0 -23.4 -23.4 1.230 -4.059 0.0 0.0 0.0 36.7155550 -4.4901500 5.00 287.45 0.08 36.7156690 -4.4911621 0.00 268.60 0.98 0.000 39.531 10:15:11.96
75 0 -23.4 -23.4 6.765 0.123 0.0 0.0 0.0 36.7155550 -4.4901500 5.00 287.45 0.08 36.7156690 -4.4911621 0.00 268.60 0.98 0.000 39.531 10:15:12.07
75 0 -23.4 -23.4 1.722 -2.706 0.0 0.0 0.0 36.7155550 -4.4901500 5.00 287.45 0.08 36.7156690 -4.4911633 0.00 268.58 0.96 0.000 39.531 10:15:12.17
75 0 -23.4 -23.4 4.920 -1.107 0.0 0.0 0.0 36.7155550 -4.4901500 5.00 287.45 0.08 36.7156690 -4.4911633 0.00 268.58 0.96 0.000 39.531 10:15:12.28
75 0 -23.0 -22.6 4.428 -0.123 0.0 0.0 0.0 36.7155550 -4.4901500 5.00 287.45 0.08 36.7156690 -4.4911644 0.00 268.59 0.96 0.000 39.531 10:15:12.37
75 0 -23.0 -22.6 2.706 -0.738 0.0 0.0 0.0 36.7155550 -4.4901500 5.00 287.45 0.08 36.7156690 -4.4911644 0.00 268.59 0.96 0.000 39.531 10:15:12.46
75 0 -23.0 -22.6 6.888 0.492 0.0 0.0 0.0 36.7155550 -4.4901500 5.00 287.45 0.08 36.7156690 -4.4911655 0.00 268.62 0.99 0.000 39.531 10:15:12.57
75 0 -23.0 -22.6 2.829 -1.599 0.0 0.0 0.0 36.7155550 -4.4901500 5.00 287.45 0.08 36.7156690 -4.4911655 0.00 268.62 0.99 0.000 39.531 10:15:12.67
75 0 -23.0 -22.6 3.936 0.369 0.0 0.0 0.0 36.7155550 -4.4901500 5.00 287.45 0.08 36.7156689 -4.4911666 0.00 268.60 1.02 0.000 39.531 10:15:12.78
75 0 -23.0 -22.6 3.075 -2.829 0.0 0.0 0.0 36.7155550 -4.4901500 5.00 287.45 0.08 36.7156689 -4.4911666 0.00 268.60 1.02 0.000 39.531 10:15:12.87
75 0 -23.0 -22.6 3.936 -0.984 0.0 0.0 0.0 36.7155550 -4.4901500 5.00 287.45 0.08 36.7156689 -4.4911677 0.00 268.54 0.99 0.000 39.531 10:15:12.96
75 0 -23.0 -22.6 6.273 -0.984 0.0 0.0 0.0 36.7155550 -4.4901500 5.00 287.45 0.08 36.7156689 -4.4911677 0.00 268.54 0.99 0.000 39.531 10:15:13.07
75 0 -23.0 -22.6 1.599 -1.599 0.0 0.0 0.0 36.7155550 -4.4901500 5.00 287.45 0.08 36.7156689 -4.4911688 0.00 268.51 0.91 0.000 39.531 10:15:13.17
75 0 -23.0 -22.6 4.428 -2.583 0.0 0.0 0.0 36.7155550 -4.4901500 5.00 287.45 0.08 36.7156689 -4.4911688 0.00 268.51 0.91 0.000 39.531 10:15:13.28
75 0 -23.0 -22.6 4.920 -0.123 0.0 0.0 0.0 36.7155550 -4.4901500 5.00 287.45 0.08 36.7156689 -4.4911699 0.00 268.52 0.93 0.000 39.531 10:15:13.37
75 0 -23.0 -22.6 2.583 -3.690 0.0 0.0 0.0 36.7155550 -4.4901500 5.00 287.45 0.08 36.7156689 -4.4911699 0.00 268.52 0.93 0.000 39.531 10:15:13.46
75 0 -23.0 -22.6 4.059 -0.615 0.0 0.0 0.0 36.7155550 -4.4901500 5.00 287.45 0.08 36.7156689 -4.4911710 0.00 268.54 0.95 0.000 39.531 10:15:13.57
75 0 -23.0 -22.6 1.845 -3.936 0.0 0.0 0.0 36.7155550 -4.4901500 5.00 287.45 0.08 36.7156689 -4.4911710 0.00 268.54 0.95 0.000 39.531 10:15:13.67
75 0 -23.0 -22.6 2.829 -3.936 0.0 0.0 0.0 36.7155550 -4.4901500 5.00 287.45 0.08 36.7156689 -4.4911721 0.00 268.69 0.97 0.000 39.531 10:15:13.78
75 0 -23.0 -22.6 3.690 -2.214 0.0 0.0 0.0 36.7155550 -4.4901500 5.00 287.45 0.08 36.7156689 -4.4911721 0.00 268.69 0.97 0.000 39.531 10:15:13.87
75 0 -23.0 -22.6 2.214 -4.059 0.0 0.0 0.0 36.7155550 -4.4901500 5.00 287.45 0.08 36.7156688 -4.4911732 0.00 268.76 0.99 0.000 39.531 10:15:13.96
75 0 -23.0 -22.6 4.059 -3.690 0.0 0.0 0.0 36.7155550 -4.4901500 5.00 287.45 0.08 36.7156688 -4.4911732 0.00 268.76 0.99 0.000 39.531 10:15:14.07
75 0 -23.0 -22.6 2.583 -3.198 0.0 0.0 0.0 36.7155550 -4.4901500 5.00 287.45 0.08 36.7156688 -4.4911744 0.00 268.82 1.02 0.000 39.531 10:15:14.17
75 0 -23.0 -22.6 2.460 -1.107 0.0 0.0 0.0 36.7155550 -4.4901500 5.00 287.45 0.08 36.7156688 -4.4911744 0.00 268.82 1.02 0.000 39.531 10:15:14.28
75 0 -23.0 -22.6 5.166 1.968 0.0 0.0 0.0 36.7155550 -4.4901500 5.00 287.45 0.08 36.7156687 -4.4911755 0.00 268.81 0.88 0.000 39.531 10:15:14.37
75 0 -23.0 -22.6 3.690 -3.567 0.0 0.0 0.0 36.7155550 -4.4901500 5.00 287.45 0.08 36.7156687 -4.4911755 0.00 268.81 0.88 0.000 39.531 10:15:14.46
75 0 -23.0 -22.6 2.460 -1.476 0.0 0.0 0.0 36.7155550 -4.4901500 5.00 287.45 0.08 36.7156687 -4.4911766 0.00 268.74 0.90 0.000 39.531 10:15:14.57
75 0 -23.0 -22.6 1.722 -2.952 0.0 0.0 0.0 36.7155550 -4.4901500 5.00 287.45 0.08 36.7156687 -4.4911766 0.00 268.74 0.90 0.000 39.531 10:15:14.67
75 0 -23.0 -22.6 3.075 0.369 0.0 0.0 0.0 36.7155550 -4.4901500 5.00 287.45 0.08 36.7156687 -4.4911777 0.00 268.84 0.98 0.000 39.531 10:15:14.78
75 0 -23.0 -22.6 5.535 0.123 0.0 0.0 0.0 36.7155550 -4.4901500 5.00 287.45 0.08 36.7156687 -4.4911777 0.00 268.84 0.98 0.000 39.531 10:15:14.87
75 0 -23.0 -22.6 1.845 -5.781 0.0 0.0 0.0 36.7155550 -4.4901500 5.00 287.45 0.08 36.7156687 -4.4911788 0.00 268.83 0.99 0.000 39.531 10:15:14.96
75 0 -23.0 -22.6 5.904 -0.615 0.0 0.0 0.0 36.7155550 -4.4901500 5.00 287.45 0.08 36.7156687 -4.4911788 0.00 268.83 0.99 0.000 39.531 10:15:15.07
75 0 -23.0 -22.6 1.476 -4.674 0.0 0.0 0.0 36.7155550 -4.4901500 5.00 287.45 0.08 36.7156687 -4.4911800 0.00 268.80 1.03 0.000 39.531 10:15:15.17
75 0 -23.0 -22.6 3.198 -0.246 0.0 0.0 0.0 36.7155550 -4.4901500 5.00 287.45 0.08 36.7156687 -4.4911800 0.00 268.80 1.03 0.000 39.531 10:15:15.28
75 0 -23.0 -22.6 5.289 -1.107 0.0 0.0 0.0 36.7155550 -4.4901500 5.00 287.45 0.08 36.7156687 -4.4911811 0.00 268.88 0.96 0.000 39.531 10:15:15.37
75 -1 -23.0 -22.6 1.353 -4.674 0.0 0.0 0.0 36.7155550 -4.4901500 5.00 287.45 0.08 36.7156687 -4.4911811 0.00 268.88 0.96 0.000 39.531 10:15:15.46
75 -1 -23.0 -22.6 3.567 0.615 0.0 0.0 0.0 36.7155550 -4.4901500 5.00 287.45 0.08 36.7156687 -4.4911822 0.00 268.87 0.99 0.000 39.531 10:15:15.57
75 -1 -23.0 -22.6 2.583 -2.952 0.0 0.0 0.0 36.7155550 -4.4901500 5.00 287.45 0.08 36.7156687 -4.4911822 0.00 268.87 0.99 0.000 39.531 10:15:15.67
75 -1 -23.0 -22.6 1.107 0.369 0.0 0.0 0.0 36.7155550 -4.4901500 5.00 287.45 0.08 36.7156687 -4.4911834 0.00 268.76 0.92 0.000 39.531 10:15:15.78
75 -1 -23.0 -22.6 3.813 -1.722 0.0 0.0 0.0 36.7155550 -4.4901500 5.00 287.45 0.08 36.7156687 -4.4911834 0.00 268.76 0.92 0.000 39.531 10:15:15.87
75 -1 -23.0 -22.6 1.476 -4.920 0.0 0.0 0.0 36.7155550 -4.4901500 5.00 287.45 0.08 36.7156687 -4.4911845 0.00 268.58 0.99 0.000 39.531 10:15:15.96
75 0 -23.0 -22.6 5.412 1.968 0.0 0.0 0.0 36.7155550 -4.4901500 5.00 287.45 0.08 36.7156687 -4.4911845 0.00 268.58 0.99 0.000 39.531 10:15:16.07
75 0 -23.0 -22.6 2.214 -3.321 0.0 0.0 0.0 36.7155550 -4.4901500 5.00 287.45 0.08 36.7156687 -4.4911857 0.00 268.36 1.02 0.000 39.531 10:15:16.17
75 0 -23.0 -22.6 4.551 0.492 0.0 0.0 0.0 36.7155550 -4.4901500 5.00 287.45 0.08 36.7156687 -4.4911857 0.00 268.36 1.02 0.000 39.531 10:15:16.28
75 0 -23.0 -22.6 4.182 0.984 0.0 0.0 0.0 36.7155550 -4.4901500 5.00 287.45 0.08 36.7156686 -4.4911868 0.00 268.25 1.05 0.000 39.531 10:15:16.37
75 0 -23.0 -22.6 2.214 -3.567 0.0 0.0 0.0 36.7155550 -4.4901500 5.00 287.45 0.08 36.7156686 -4.4911868 0.00 268.25 1.05 0.000 39.531 10:15:16.46
75 0 -23.0 -22.6 6.150 0.984 0.0 0.0 0.0 36.7155550 -4.4901500 5.00 287.45 0.08 36.7156686 -4.4911880 0.00 268.27 1.01 0.000 39.531 10:15:16.57
75 0 -23.0 -22.6 3.444 -2.583 0.0 0.0 0.0 36.7155550 -4.4901500 5.00 287.45 0.08 36.7156686 -4.4911880 0.00 268.27 1.01 0.000 39.531 10:15:16.67
75 0 -23.0 -22.6 3.936 -0.246 0.0 0.0 0.0 36.7155550 -4.4901500 5.00 287.45 0.08 36.7156686 -4.4911891 0.00 268.20 0.92 0.000 39.531 10:15:16.78
75 0 -23.0 -22.6 3.813 -0.369 0.0 0.0 0.0 36.7155550 -4.4901500 5.00 287.45 0.08 36.7156686 -4.4911891 0.00 268.20 0.92 0.000 39.531 10:15:16.87
75 0 -23.0 -22.6 3.813 -0.369 0.0 0.0 0.0 36.7155550 -4.4901500 5.00 287.45 0.08 36.7156685 -4.4911902 0.00 268.28 0.96 0.000 39.531 10:15:16.96
75 0 -23.0 -22.6 5.289 0.000 0.0 0.0 0.0 36.7155550 -4.4901500 5.00 287.45 0.08 36.7156685 -4.4911902 0.00 268.28 0.96 0.000 39.531 10:15:17.07
75 0 -23.0 -22.6 5.289 0.000 0.0 0.0 0.0 36.7155550 -4.4901500 5.00 287.45 0.08 36.7156685 -4.4911913 0.00 268.30 0.97 0.000 39.531 10:15:17.17
75 0 -23.0 -22.6 2.337 0.369 0.0 0.0 0.0 36.7155550 -4.4901500 5.00 287.45 0.08 36.7156685 -4.4911913 0.00 268.30 0.97 0.000 39.531 10:15:17.28
75 0 -22.2 -23.7 2.337 0.369 0.0 0.0 0.0 36.7155550 -4.4901500 5.00 287.45 0.08 36.7156684 -4.4911924 0.00 268.26 0.94 0.000 39.531 10:15:17.37
75 0 -22.2 -23.7 0.738 -2.706 0.0 0.0 0.0 36.7155550 -4.4901500 5.00 287.45 0.08 36.7156684 -4.4911924 0.00 268.26 0.94 0.000 39.531 10:15:17.46
75 0 -22.2 -23.7 1.968 -2.583 0.0 0.0 0.0 36.7155550 -4.4901500 5.00 287.45 0.08 36.7156684 -4.4911935 0.00 268.35 1.00 0.000 39.531 10:15:17.57
75 0 -22.2 -23.7 5.289 -2.706 0.0 0.0 0.0 36.7155550 -4.4901500 5.00 287.45 0.08 36.7156684 -4.4911935 0.00 268.35 1.00 0.000 39.531 10:15:17.67
75 0 -22.2 -23.7 1.845 -1.599 0.0 0.0 0.0 36.7155550 -4.4901500 5.00 287.45 0.08 36.7156684 -4.4911946 0.00 268.51 1.05 0.000 39.531 10:15:17.78
75 0 -22.2 -23.7 2.583 -2.829 0.0 0.0 0.0 36.7155550 -4.4901500 5.00 287.45 0.08 36.7156684 -4.4911946 0.00 268.51 1.05 0.000 39.531 10:15:17.87
75 0 -22.2 -23.7 4.305 -2.460 0.0 0.0 0.0 36.7155550 -4.4901500 5.00 287.45 0.08 36.7156684 -4.4911958 0.00 268.53 0.92 0.000 39.531 10:15:17.96
75 0 -22.2 -23.7 1.722 -3.813 0.0 0.0 0.0 36.7155550 -4.4901500 5.00 287.45 0.08 36.7156684 -4.4911958 0.00 268.53 0.92 0.000 39.531 10:15:18.07
75 0 -22.2 -23.7 3.198 -2.214 0.0 0.0 0.0 36.7155550 -4.4901500 5.00 287.45 0.08 36.7156684 -4.4911968 0.00 268.57 0.93 0.000 39.531 10:15:18.17
75 0 -22.2 -23.7 4.920 0.369 0.0 0.0 0.0 36.7155550 -4.4901500 5.00 287.45 0.08 36.7156684 -4.4911968 0.00 268.57 0.93 0.000 39.531 10:15:18.28
75 0 -22.2 -23.7 4.182 -1.353 0.0 0.0 0.0 36.7155550 -4.4901500 5.00 287.45 0.08 36.7156685 -4.4911980 0.00 268.54 0.95 0.000 39.531 10:15:18.37
75 0 -22.2 -23.7 5.412 -0.861 0.0 0.0 0.0 36.7155550 -4.4901500 5.00 287.45 0.08 36.7156685 -4.4911980 0.00 268.54 0.95 0.000 39.531 10:15:18.46
75 0 -22.2 -23.7 3.444 -1.107 0.0 0.0 0.0 36.7155550 -4.4901500 5.00 287.45 0.08 36.7156684 -4.4911991 0.00 268.55 0.98 0.000 39.531 10:15:18.57
75 0 -22.2 -23.7 4.428 0.369 0.0 0.0 0.0 36.7155550 -4.4901500 5.00 287.45 0.08 36.7156684 -4.4911991 0.00 268.55 0.98 0.000 39.531 10:15:18.67
75 0 -22.2 -23.7 4.797 0.492 0.0 0.0 0.0 36.7155550 -4.4901500 5.00 287.45 0.08 36.7156685 -4.4912002 0.00 268.52 1.05 0.000 39.531 10:15:18.78
75 0 -22.2 -23.7 2.091 -2.829 0.0 0.0 0.0 36.7155550 -4.4901500 5.00 287.45 0.08 36.7156685 -4.4912002 0.00 268.52 1.05 0.000 39.531 10:15:18.87
75 0 -22.2 -23.7 6.765 0.738 0.0 0.0 0.0 36.7155550 -4.4901500 5.00 287.45 0.08 36.7156685 -4.4912013 0.00 268.59 1.00 0.000 39.531 10:15:18.96
75 0 -22.2 -23.7 5.412 -1.230 0.0 0.0 0.0 36.7155550 -4.4901500 5.00 287.45 0.08 36.7156685 -4.4912013 0.00 268.59 1.00 0.000 39.531 10:15:19.07
75 0 -22.2 -23.7 3.567 -1.722 0.0 0.0 0.0 36.7155550 -4.4901500 5.00 287.45 0.08 36.7156685 -4.4912025 0.00 268.65 1.04 0.000 39.531 10:15:19.17
75 0 -22.2 -23.7 7.503 2.337 0.0 0.0 0.0 36.7155550 -4.4901500 5.00 287.45 0.08 36.7156685 -4.4912025 0.00 268.65 1.04 0.000 39.531 10:15:19.28
75 0 -22.2 -23.7 1.230 -2.706 0.0 0.0 0.0 36.7155550 -4.4901500 5.00 287.45 0.08 36.7156684 -4.4912036 0.00 268.68 0.93 0.000 39.531 10:15:19.37
75 0 -22.2 -23.7 2.952 0.369 0.0 0.0 0.0 36.7155550 -4.4901500 5.00 287.45 0.08 36.7156684 -4.4912036 0.00 268.68 0.93 0.000 39.531 10:15:19.46
75 0 -22.2 -23.7 2.583 -2.214 0.0 0.0 0.0 36.7155550 -4.4901500 5.00 287.45 0.08 36.7156684 -4.4912048 0.00 268.65 0.98 0.000 39.531 10:15:19.57
75 0 -22.2 -23.7 2.829 -1.722 0.0 0.0 0.0 36.7155550 -4.4901500 5.00 287.45 0.08 36.7156684 -4.4912048 0.00 268.65 0.98 0.000 39.531 10:15:19.67
75 0 -22.2 -23.7 4.551 1.599 0.0 0.0 0.0 36.7155550 -4.4901500 5.00 287.45 0.08 36.7156684 -4.4912059 0.00 268.57 0.91 0.000 39.531 10:15:19.78
75 0 -22.2 -23.7 0.615 -2.952 0.0 0.0 0.0 36.7155550 -4.4901500 5.00 287.45 0.08 36.7156684 -4.4912059 0.00 268.57 0.91 0.000 39.531 10:15:19.87
75 0 -22.2 -23.7 2.706 -0.615 0.0 0.0 0.0 36.7155550 -4.4901500 5.00 287.45 0.08 36.7156684 -4.4912070 0.00 268.55 1.01 0.000 39.531 10:15:19.96
75 0 -22.2 -23.7 4.920 -0.861 0.0 0.0 0.0 36.7155550 -4.4901500 5.00 287.45 0.08 36.7156684 -4.4912070 0.00 268.55 1.01 0.000 39.531 10:15:20.07
75 0 -22.2 -23.7 2.460 -2.091 0.0 0.0 0.0 36.7155550 -4.4901500 5.00 287.45 0.08 36.7156684 -4.4912080 0.00 268.62 0.96 0.000 39.531 10:15:20.17
75 0 -22.2 -23.7 6.888 -1.230 0.0 0.0 0.0 36.7155550 -4.4901500 5.00 287.45 0.08 36.7156684 -4.4912080 0.00 268.62 0.96 0.000 39.531 10:15:20.28
75 0 -22.2 -23.7 0.738 -5.535 0.0 0.0 0.0 36.7155550 -4.4901500 5.00 287.45 0.08 36.7156684 -4.4912091 0.00 268.67 1.01 0.000 39.531 10:15:20.37
75 0 -22.2 -23.7 4.305 -2.337 0.0 0.0 0.0 36.7155550 -4.4901500 5.00 287.45 0.08 36.7156684 -4.4912091 0.00 268.67 1.01 0.000 39.531 10:15:20.46
75 0 -22.2 -23.7 3.690 -1.722 0.0 0.0 0.0 36.7155550 -4.4901500 5.00 287.45 0.08 36.7156683 -4.4912103 0.00 268.73 0.93 0.000 39.531 10:15:20.57
75 0 -22.2 -23.7 4.551 -3.936 0.0 0.0 0.0 36.7155550 -4.4901500 5.00 287.45 0.08 36.7156683 -4.4912103 0.00 268.73 0.93 0.000 39.531 10:15:20.67
75 0 -22.2 -23.7 5.658 -1.353 0.0 0.0 0.0 36.7155550 -4.4901500 5.00 287.45 0.08 36.7156683 -4.4912115 0.00 268.84 1.00 0.000 39.531 10:15:20.78
75 -1 -22.2 -23.7 1.722 -4.182 0.0 0.0 0.0 36.7155550 -4.4901500 5.00 287.45 0.08 36.7156683 -4.4912115 0.00 268.84 1.00 0.000 39.531 10:15:20.87
75 -1 -22.2 -23.7 2.337 -1.353 0.0 0.0 0.0 36.7155550 -4.4901500 5.00 287.45 0.08 36.7156683 -4.4912126 0.00 268.78 0.97 0.000 39.531 10:15:20.96
75 -1 -22.2 -23.7 1.476 -1.476 0.0 0.0 0.0 36.7155550 -4.4901500 5.00 287.45 0.08 36.7156683 -4.4912126 0.00 268.78 0.97 0.000 39.531 10:15:21.07
75 -1 -22.2 -23.7 1.230 -3.813 0.0 0.0 0.0 36.7155550 -4.4901500 5.00 287.45 0.08 36.7156683 -4.4912138 0.00 268.85 0.98 0.000 39.531 10:15:21.17
75 -1 -22.2 -23.7 1.968 -0.369 0.0 0.0 0.0 36.7155550 -4.4901500 5.00 287.45 0.08 36.7156683 -4.4912138 0.00 268.85 0.98 0.000 39.531 10:15:21.28
75 -1 -22.2 -23.7 0.615 -3.690 0.0 0.0 0.0 36.7155550 -4.4901500 5.00 287.45 0.08 36.7156682 -4.4912149 0.00 268.76 0.99 0.000 39.531 10:15:21.37
75 -1 -22.2 -23.7 -0.861 -3.198 0.0 0.0 0.0 36.7155550 -4.4901500 5.00 287.45 0.08 36.7156682 -4.4912149 0.00 268.76 0.99 0.000 39.531 10:15:21.46
75 -1 -22.2 -23.7 3.813 -2.952 0.0 0.0 0.0 36.7155550 -4.4901500 5.00 287.45 0.08 36.7156682 -4.4912160 0.00 268.62 0.96 0.000 39.531 10:15:21.57
75 0 -22.2 -23.7 -0.615 -5.412 0.0 0.0 0.0 36.7155550 -4.4901500 5.00 287.45 0.08 36.7156682 -4.4912160 0.00 268.62 0.96 0.000 39.531 10:15:21.67
75 0 -22.2 -23.7 3.075 -3.075 0.0 0.0 0.0 36.7155550 -4.4901500 5.00 287.45 0.08 36.7156682 -4.4912171 0.00 268.41 0.93 0.000 39.531 10:15:21.78
75 0 -22.2 -23.7 1.476 -5.166 0.0 0.0 0.0 36.7155550 -4.4901500 5.00 287.45 0.08 36.7156682 -4.4912171 0.00 268.41 0.93 0.000 39.531 10:15:21.87
75 0 -22.2 -23.7 2.337 -4.551 0.0 0.0 0.0 36.7155550 -4.4901500 5.00 287.45 0.08 36.7156683 -4.4912183 0.00 268.19 0.95 0.000 39.531 10:15:21.96
75 0 -22.2 -23.7 4.059 -0.738 0.0 0.0 0.0 36.7155550 -4.4901500 5.00 287.45 0.08 36.7156683 -4.4912183 0.00 268.19 0.95 0.000 39.531 10:15:22.07
75 0 -22.2 -23.7 1.599 -4.305 0.0 0.0 0.0 36.7155550 -4.4901500 5.00 287.45 0.08 36.7156683 -4.4912194 0.00 268.10 0.98 0.000 39.531 10:15:22.17
75 0 -22.2 -23.7 5.166 -2.091 0.0 0.0 0.0 36.7155550 -4.4901500 5.00 287.45 0.08 36.7156683 -4.4912194 0.00 268.10 0.98 0.000 39.531 10:15:22.28
75 0 -22.6 -23.0 2.091 -2.952 0.0 0.0 0.0 36.7155550 -4.4901500 5.00 287.45 0.08 36.7156683 -4.4912204 0.00 267.97 0.98 0.000 39.531 10:15:22.37
75 0 -22.6 -23.0 2.337 -2.214 0.0 0.0 0.0 36.7155550 -4.4901500 5.00 287.45 0.08 36.7156683 -4.4912204 0.00 267.97 0.98 0.000 39.531 10:15:22.46
75 0 -22.6 -23.0 4.182 -0.492 0.0 0.0 0.0 36.7155550 -4.4901500 5.00 287.45 0.08 36.7156682 -4.4912215 0.00 267.93 1.00 0.000 39.531 10:15:22.57
75 0 -22.6 -23.0 1.107 -4.428 0.0 0.0 0.0 36.7155550 -4.4901500 5.00 287.45 0.08 36.7156682 -4.4912215 0.00 267.93 1.00 0.000 39.531 10:15:22.67
75 0 -22.6 -23.0 5.781 0.492 0.0 0.0 0.0 36.7155550 -4.4901500 5.00 287.45 0.08 36.7156682 -4.4912227 0.00 267.97 0.99 0.000 39.531 10:15:22.78
75 0 -22.6 -23.0 2.460 -4.305 0.0 0.0 0.0 36.7155550 -4.4901500 5.00 287.45 0.08 36.7156682 -4.4912227 0.00 267.97 0.99 0.000 39.531 10:15:22.87
75 0 -22.6 -23.0 5.289 -0.738 0.0 0.0 0.0 36.7155550 -4.4901500 5.00 287.45 0.08 36.7156682 -4.4912239 0.00 267.99 1.04 0.000 39.531 10:15:22.96
75 0 -22.6 -23.0 1.599 -0.123 0.0 0.0 0.0 36.7155550 -4.4901500 5.00 287.45 0.08 36.7156682 -4.4912239 0.00 267.99 1.04 0.000 39.531 10:15:23.07
75 0 -22.6 -23.0 1.722 -3.198 0.0 0.0 0.0 36.7155550 -4.4901500 5.00 287.45 0.08 36.7156682 -4.4912250 0.00 267.97 0.96 0.000 39.531 10:15:23.17
75 0 -22.6 -23.0 5.658 0.000 0.0 0.0 0.0 36.7155550 -4.4901500 5.00 287.45 0.08 36.7156682 -4.4912250 0.00 267.97 0.96 0.000 39.531 10:15:23.28
75 0 -22.6 -23.0 1.968 -4.551 0.0 0.0 0.0 36.7155550 -4.4901500 5.00 287.45 0.08 36.7156682 -4.4912262 0.00 268.05 0.94 0.000 39.531 10:15:23.37
75 0 -22.6 -23.0 5.781 -0.615 0.0 0.0 0.0 36.7155550 -4.4901500 5.00 287.45 0.08 36.7156682 -4.4912262 0.00 268.05 0.94 0.000 39.531 10:15:23.46
75 0 -22.6 -23.0 1.722 -3.075 0.0 0.0 0.0 36.7155550 -4.4901500 5.00 287.45 0.08 36.7156681 -4.4912273 0.00 268.04 1.01 0.000 39.531 10:15:23.57
75 0 -22.6 -23.0 1.230 -1.845 0.0 0.0 0.0 36.7155550 -4.4901500 5.00 287.45 0.08 36.7156681 -4.4912273 0.00 268.04 1.01 0.000 39.531 10:15:23.67
75 0 -22.6 -23.0 5.289 1.107 0.0 0.0 0.0 36.7155550 -4.4901500 5.00 287.45 0.08 36.7156681 -4.4912284 0.00 268.07 1.03 0.000 39.531 10:15:23.78
75 0 -22.6 -23.0 2.706 -2.091 0.0 0.0 0.0 36.7155550 -4.4901500 5.00 287.45 0.08 36.7156681 -4.4912284 0.00 268.07 1.03 0.000 39.531 10:15:23.87
75 0 -22.6 -23.0 3.198 -0.492 0.0 0.0 0.0 36.7155550 -4.4901500 5.00 287.45 0.08 36.7156680 -4.4912295 0.00 268.07 1.02 0.000 39.531 10:15:23.96
75 0 -22.6 -23.0 4.182 -0.369 0.0 0.0 0.0 36.7155550 -4.4901500 5.00 287.45 0.08 36.7156680 -4.4912295 0.00 268.07 1.02 0.000 39.531 10:15:24.07
75 0 -22.6 -23.0 2.460 -3.444 0.0 0.0 0.0 36.7155550 -4.4901500 5.00 287.45 0.08 36.7156680 -4.4912306 0.00 267.99 0.95 0.000 39.531 10:15:24.17
75 0 -22.6 -23.0 5.535 -0.861 0.0 0.0 0.0 36.7155550 -4.4901500 5.00 287.45 0.08 36.7156680 -4.4912306 0.00 267.99 0.95 0.000 39.531 10:15:24.28
75 0 -22.6 -23.0 2.214 -5.166 0.0 0.0 0.0 36.7155550 -4.4901500 5.00 287.45 0.08 36.7156680 -4.4912317 0.00 267.99 1.00 0.000 39.531 10:15:24.37
75 0 -22.6 -23.0 4.059 1.353 0.0 0.0 0.0 36.7155550 -4.4901500 5.00 287.45 0.08 36.7156680 -4.4912317 0.00 267.99 1.00 0.000 39.531 10:15:24.46
75 0 -22.6 -23.0 1.353 -4.428 0.0 0.0 0.0 36.7155550 -4.4901500 5.00 287.45 0.08 36.7156680 -4.4912328 0.00 268.01 0.91 0.000 39.531 10:15:24.57
75 0 -22.6 -23.0 2.214 -2.583 0.0 0.0 0.0 36.7155550 -4.4901500 5.00 287.45 0.08 36.7156680 -4.4912328 0.00 268.01 0.91 0.000 39.531 10:15:24.67
75 0 -22.6 -23.0 4.920 -1.107 0.0 0.0 0.0 36.7155550 -4.4901500 5.00 287.45 0.08 36.7156680 -4.4912340 0.00 268.05 1.01 0.000 39.531 10:15:24.78
75 -1 -22.6 -23.0 -0.123 -3.936 0.0 0.0 0.0 36.7155550 -4.4901500 5.00 287.45 0.08 36.7156680 -4.4912340 0.00 268.05 1.01 0.000 39.531 10:15:24.87
75 -1 -22.6 -23.0 1.722 -3.198 0.0 0.0 0.0 36.7155550 -4.4901500 5.00 287.45 0.08 36.7156679 -4.4912351 0.00 268.12 1.06 0.000 39.531 10:15:24.96
75 -1 -22.6 -23.0 4.674 -2.829 0.0 0.0 0.0 36.7155550 -4.4901500 5.00 287.45 0.08 36.7156679 -4.4912351 0.00 268.12 1.06 0.000 39.531 10:15:25.07
75 -1 -22.6 -23.0 1.968 -1.968 0.0 0.0 0.0 36.7155550 -4.4901500 5.00 287.45 0.08 36.7156678 -4.4912362 0.00 268.14 1.03 0.000 39.531 10:15:25.17
75 -1 -22.6 -23.0 1.722 -1.353 0.0 0.0 0.0 36.7155550 -4.4901500 5.00 287.45 0.08 36.7156678 -4.4912362 0.00 268.14 1.03 0.000 39.531 10:15:25.28
75 -1 -22.6 -23.0 1.230 -5.166 0.0 0.0 0.0 36.7155550 -4.4901500 5.00 287.45 0.08 36.7156678 -4.4912373 0.00 268.07 1.03 0.000 39.531 10:15:25.37
75 -1 -22.6 -23.0 -0.369 -3.198 0.0 0.0 0.0 36.7155550 -4.4901500 5.00 287.45 0.08 36.7156678 -4.4912373 0.00 268.07 1.03 0.000 39.531 10:15:25.46
75 -1 -22.6 -23.0 0.615 -3.198 0.0 0.0 0.0 36.7155550 -4.4901500 5.00 287.45 0.08 36.7156678 -4.4912385 0.00 267.89 0.98 0.000 39.531 10:15:25.57
75 0 -22.6 -23.0 -0.615 -4.059 0.0 0.0 0.0 36.7155550 -4.4901500 5.00 287.45 0.08 36.7156678 -4.4912385 0.00 267.89 0.98 0.000 39.531 10:15:25.67
75 0 -22.6 -23.0 2.829 -2.214 0.0 0.0 0.0 36.7155550 -4.4901500 5.00 287.45 0.08 36.7156677 -4.4912395 0.00 267.77 0.93 0.000 39.531 10:15:25.78
75 0 -22.6 -23.0 3.198 -2.706 0.0 0.0 0.0 36.7155550 -4.4901500 5.00 287.45 0.08 36.7156677 -4.4912395 0.00 267.77 0.93 0.000 39.531 10:15:25.87
75 0 -22.6 -23.0 -1.230 -5.412 0.0 0.0 0.0 36.7155550 -4.4901500 5.00 287.45 0.08 36.7156677 -4.4912407 0.00 267.61 0.97 0.000 39.531 10:15:25.96
75 0 -22.6 -23.0 3.567 -2.952 0.0 0.0 0.0 36.7155550 -4.4901500 5.00 287.45 0.08 36.7156677 -4.4912407 0.00 267.61 0.97 0.000 39.531 10:15:26.07
75 0 -22.6 -23.0 0.246 -3.567 0.0 0.0 0.0 36.7155550 -4.4901500 5.00 287.45 0.08 36.7156677 -4.4912418 0.00 267.57 1.02 0.000 39.531 10:15:26.17
75 0 -22.6 -23.0 2.214 -1.476 0.0 0.0 0.0 36.7155550 -4.4901500 5.00 287.45 0.08 36.7156677 -4.4912418 0.00 267.57 1.02 0.000 39.531 10:15:26.28
75 0 -22.6 -23.0 1.968 -1.230 0.0 0.0 0.0 36.7155550 -4.4901500 5.00 287.45 0.08 36.7156676 -4.4912429 0.00 267.59 1.03 0.000 39.531 10:15:26.37
75 0 -22.6 -23.0 1.353 -4.551 0.0 0.0 0.0 36.7155550 -4.4901500 5.00 287.45 0.08 36.7156676 -4.4912429 0.00 267.59 1.03 0.000 39.531 10:15:26.46
75 0 -22.6 -23.0 3.075 -1.599 0.0 0.0 0.0 36.7155550 -4.4901500 5.00 287.45 0.08 36.7156676 -4.4912440 0.00 267.50 1.03 0.000 39.531 10:15:26.57
75 0 -22.6 -23.0 1.230 -2.583 0.0 0.0 0.0 36.7155550 -4.4901500 5.00 287.45 0.08 36.7156676 -4.4912440 0.00 267.50 1.03 0.000 39.531 10:15:26.67
75 0 -22.6 -23.0 1.107 -2.952 0.0 0.0 0.0 36.7155550 -4.4901500 5.00 287.45 0.08 36.7156676 -4.4912451 0.00 267.52 0.97 0.000 39.531 10:15:26.78
75 0 -22.6 -23.0 3.813 -0.738 0.0 0.0 0.0 36.7155550 -4.4901500 5.00 287.45 0.08 36.7156676 -4.4912451 0.00 267.52 0.97 0.000 39.531 10:15:26.87
75 0 -22.6 -23.0 2.583 -4.551 0.0 0.0 0.0 36.7155550 -4.4901500 5.00 287.45 0.08 36.7156676 -4.4912462 0.00 267.33 0.97 0.000 39.531 10:15:26.96
75 1 -22.6 -23.0 4.551 0.861 0.0 0.0 0.0 36.7155550 -4.4901500 5.00 287.45 0.08 36.7156676 -4.4912462 0.00 267.33 0.97 0.000 39.531 10:15:27.07
75 1 -22.6 -23.0 3.075 -1.107 0.0 0.0 0.0 36.7155550 -4.4901500 5.00 287.45 0.08 36.7156675 -4.4912474 0.00 267.36 1.01 0.000 39.531 10:15:27.17
75 1 -22.6 -23.0 4.674 -3.075 0.0 0.0 0.0 36.7155550 -4.4901500 5.00 287.45 0.08 36.7156675 -4.4912474 0.00 267.36 1.01 0.000 39.531 10:15:27.28
75 1 -23.4 -23.0 4.920 1.107 0.0 0.0 0.0 36.7155550 -4.4901500 5.00 287.45 0.08 36.7156675 -4.4912485 0.00 267.44 1.00 0.000 39.531 10:15:27.37
75 1 -23.4 -23.0 4.059 -2.337 0.0 0.0 0.0 36.7155550 -4.4901500 5.00 287.45 0.08 36.7156675 -4.4912485 0.00 267.44 1.00 0.000 39.531 10:15:27.46
75 1 -23.4 -23.0 7.380 3.444 0.0 0.0 0.0 36.7155550 -4.4901500 5.00 287.45 0.08 36.7156676 -4.4912496 0.00 267.55 1.03 0.000 39.531 10:15:27.57
75 1 -23.4 -23.0 4.059 -0.492 0.0 0.0 0.0 36.7155550 -4.4901500 5.00 287.45 0.08 36.7156676 -4.4912496 0.00 267.55 1.03 0.000 39.531 10:15:27.67
75 1 -23.4 -23.0 6.888 1.599 0.0 0.0 0.0 36.7155550 -4.4901500 5.00 287.45 0.08 36.7156676 -4.4912496 0.00 267.55 1.03 0.000 39.531 10:15:27.78
75 1 -23.4 -23.0 4.305 0.738 0.0 0.0 0.0 36.7155550 -4.4901500 5.00 287.45 0.08 36.7156675 -4.4912508 0.00 267.76 1.04 0.000 39.531 10:15:27.87
75 1 -23.4 -23.0 5.535 -2.829 0.0 0.0 0.0 36.7155550 -4.4901500 5.00 287.45 0.08 36.7156675 -4.4912519 0.00 267.96 1.04 0.000 39.531 10:15:27.96
75 1 -23.4 -23.0 6.765 3.198 0.0 0.0 0.0 36.7155550 -4.4901500 5.00 287.45 0.08 36.7156675 -4.4912519 0.00 267.96 1.04 0.000 39.531 10:15:28.07
75 1 -23.4 -23.0 6.765 -0.123 0.0 0.0 0.0 36.7155550 -4.4901500 5.00 287.45 0.08 36.7156675 -4.4912531 0.00 268.15 0.96 0.000 39.531 10:15:28.17
75 1 -23.4 -23.0 6.765 -1.476 0.0 0.0 0.0 36.7155550 -4.4901500 5.00 287.45 0.08 36.7156675 -4.4912531 0.00 268.15 0.96 0.000 39.531 10:15:28.28
75 1 -23.4 -23.0 6.642 -0.123 0.0 0.0 0.0 36.7155550 -4.4901500 5.00 287.45 0.08 36.7156675 -4.4912542 0.00 268.38 0.91 0.000 39.531 10:15:28.37
75 0 -23.4 -23.0 5.166 0.246 0.0 0.0 0.0 36.7155550 -4.4901500 5.00 287.45 0.08 36.7156675 -4.4912542 0.00 268.38 0.91 0.000 39.531 10:15:28.46
75 0 -23.4 -23.0 3.075 -2.952 0.0 0.0 0.0 36.7155550 -4.4901500 5.00 287.45 0.08 36.7156675 -4.4912553 0.00 268.62 0.98 0.000 39.531 10:15:28.57
75 0 -23.4 -23.0 6.642 0.369 0.0 0.0 0.0 36.7155550 -4.4901500 5.00 287.45 0.08 36.7156675 -4.4912553 0.00 268.62 0.98 0.000 39.531 10:15:28.67
75 0 -23.4 -23.0 3.075 -4.305 0.0 0.0 0.0 36.7155550 -4.4901500 5.00 287.45 0.08 36.7156675 -4.4912563 0.00 268.85 1.10 0.000 39.531 10:15:28.78
75 0 -23.4 -23.0 3.936 0.246 0.0 0.0 0.0 36.7155550 -4.4901500 5.00 287.45 0.08 36.7156675 -4.4912563 0.00 268.85 1.10 0.000 39.531 10:15:28.87
75 0 -23.4 -23.0 2.214 -0.738 0.0 0.0 0.0 36.7155550 -4.4901500 5.00 287.45 0.08 36.7156675 -4.4912574 0.00 268.95 1.09 0.000 39.531 10:15:28.96
75 0 -23.4 -23.0 3.198 -2.337 0.0 0.0 0.0 36.7155550 -4.4901500 5.00 287.45 0.08 36.7156675 -4.4912574 0.00 268.95 1.09 0.000 39.531 10:15:29.07
75 0 -23.4 -23.0 7.257 0.984 0.0 0.0 0.0 36.7155550 -4.4901500 5.00 287.45 0.08 36.7156675 -4.4912586 0.00 269.02 1.07 0.000 39.531 10:15:29.17
75 0 -23.4 -23.0 0.123 -1.353 0.0 0.0 0.0 36.7155550 -4.4901500 5.00 287.45 0.08 36.7156675 -4.4912586 0.00 269.02 1.07 0.000 39.531 10:15:29.28
75 0 -23.4 -23.0 2.952 -2.091 0.0 0.0 0.0 36.7155550 -4.4901500 5.00 287.45 0.08 36.7156674 -4.4912599 0.00 269.07 1.07 0.000 39.531 10:15:29.37
75 0 -23.4 -23.0 6.396 0.492 0.0 0.0 0.0 36.7155550 -4.4901500 5.00 287.45 0.08 36.7156674 -4.4912599 0.00 269.07 1.07 0.000 39.531 10:15:29.46
75 0 -23.4 -23.0 1.968 -3.321 0.0 0.0 0.0 36.7155550 -4.4901500 5.00 287.45 0.08 36.7156674 -4.4912611 0.00 269.22 1.08 0.000 39.531 10:15:29.57
75 0 -23.4 -23.0 7.626 1.845 0.0 0.0 0.0 36.7155550 -4.4901500 5.00 287.45 0.08 36.7156674 -4.4912611 0.00 269.22 1.08 0.000 39.531 10:15:29.67
75 0 -23.4 -23.0 2.952 -1.722 0.0 0.0 0.0 36.7155550 -4.4901500 5.00 287.45 0.08 36.7156674 -4.4912623 0.00 269.22 1.08 0.000 39.531 10:15:29.78
75 0 -23.4 -23.0 2.829 -2.706 0.0 0.0 0.0 36.7155550 -4.4901500 5.00 287.45 0.08 36.7156674 -4.4912623 0.00 269.22 1.08 0.000 39.531 10:15:29.87
75 0 -23.4 -23.0 4.920 -0.738 0.0 0.0 0.0 36.7155550 -4.4901500 5.00 287.45 0.08 36.7156674 -4.4912634 0.00 269.20 1.04 0.000 39.531 10:15:29.96
75 0 -23.4 -23.0 2.214 -4.797 0.0 0.0 0.0 36.7155550 -4.4901500 5.00 287.45 0.08 36.7156674 -4.4912634 0.00 269.20 1.04 0.000 39.531 10:15:30.07
75 0 -23.4 -23.0 4.182 0.861 0.0 0.0 0.0 36.7155550 -4.4901500 5.00 287.45 0.08 36.7156673 -4.4912645 0.00 269.30 1.09 0.000 39.531 10:15:30.17
75 0 -23.4 -23.0 1.722 -0.738 0.0 0.0 0.0 36.7155550 -4.4901500 5.00 287.45 0.08 36.7156673 -4.4912645 0.00 269.30 1.09 0.000 39.531 10:15:30.28
75 0 -23.4 -23.0 3.690 -2.829 0.0 0.0 0.0 36.7155550 -4.4901500 5.00 287.45 0.08 36.7156673 -4.4912656 0.00 269.16 1.01 0.000 39.531 10:15:30.37
75 0 -23.4 -23.0 6.027 -0.615 0.0 0.0 0.0 36.7155550 -4.4901500 5.00 287.45 0.08 36.7156673 -4.4912656 0.00 269.16 1.01 0.000 39.531 10:15:30.46
75 0 -23.4 -23.0 2.829 -1.722 0.0 0.0 0.0 36.7155550 -4.4901500 5.00 287.45 0.08 36.7156673 -4.4912668 0.00 269.13 0.96 0.000 39.531 10:15:30.57
75 0 -23.4 -23.0 3.321 -0.246 0.0 0.0 0.0 36.7155550 -4.4901500 5.00 287.45 0.08 36.7156673 -4.4912668 0.00 269.13 0.96 0.000 39.531 10:15:30.67
75 0 -23.4 -23.0 4.920 -0.738 0.0 0.0 0.0 36.7155550 -4.4901500 5.00 287.45 0.08 36.7156673 -4.4912678 0.00 269.14 1.02 0.000 39.531 10:15:30.78
75 0 -23.4 -23.0 3.198 -3.567 0.0 0.0 0.0 36.7155550 -4.4901500 5.00 287.45 0.08 36.7156673 -4.4912678 0.00 269.14 1.02 0.000 39.531 10:15:30.87
75 0 -23.4 -23.0 3.444 -1.722 0.0 0.0 0.0 36.7155550 -4.4901500 5.00 287.45 0.08 36.7156673 -4.4912689 0.00 269.15 1.02 0.000 39.531 10:15:30.96
75 0 -23.4 -23.0 3.321 -2.091 0.0 0.0 0.0 36.7155550 -4.4901500 5.00 287.45 0.08 36.7156673 -4.4912689 0.00 269.15 1.02 0.000 39.531 10:15:31.07
75 0 -23.4 -23.0 1.968 -3.444 0.0 0.0 0.0 36.7155550 -4.4901500 5.00 287.45 0.08 36.7156673 -4.4912699 0.00 269.32 1.07 0.000 39.531 10:15:31.17
75 0 -23.4 -23.0 4.305 -2.091 0.0 0.0 0.0 36.7155550 -4.4901500 5.00 287.45 0.08 36.7156673 -4.4912699 0.00 269.32 1.07 0.000 39.531 10:15:31.28
75 0 -23.4 -23.0 4.674 -2.460 0.0 0.0 0.0 36.7155550 -4.4901500 5.00 287.45 0.08 36.7156673 -4.4912710 0.00 269.43 1.06 0.000 39.531 10:15:31.37
75 0 -23.4 -23.0 3.567 -0.738 0.0 0.0 0.0 36.7155550 -4.4901500 5.00 287.45 0.08 36.7156673 -4.4912710 0.00 269.43 1.06 0.000 39.531 10:15:31.46
75 0 -23.4 -23.0 2.583 -2.460 0.0 0.0 0.0 36.7155550 -4.4901500 5.00 287.45 0.08 36.7156673 -4.4912722 0.00 269.38 1.02 0.000 39.531 10:15:31.57
75 0 -23.4 -23.0 4.059 0.123 0.0 0.0 0.0 36.7155550 -4.4901500 5.00 287.45 0.08 36.7156673 -4.4912722 0.00 269.38 1.02 0.000 39.531 10:15:31.67
75 0 -23.4 -23.0 2.583 -0.738 0.0 0.0 0.0 36.7155550 -4.4901500 5.00 287.45 0.08 36.7156673 -4.4912733 0.00 269.43 0.94 0.000 39.531 10:15:31.78
75 0 -23.4 -23.0 2.829 -1.230 0.0 0.0 0.0 36.7155550 -4.4901500 5.00 287.45 0.08 36.7156673 -4.4912733 0.00 269.43 0.94 0.000 39.531 10:15:31.87
75 0 -23.4 -23.0 7.872 0.861 0.0 0.0 0.0 36.7155550 -4.4901500 5.00 287.45 0.08 36.7156673 -4.4912744 0.00 269.31 0.91 0.000 39.531 10:15:31.96
75 0 -23.4 -23.0 4.551 -0.615 0.0 0.0 0.0 36.7155550 -4.4901500 5.00 287.45 0.08 36.7156673 -4.4912744 0.00 269.31 0.91 0.000 39.531 10:15:32.07
75 0 -23.4 -23.0 1.968 -2.583 0.0 0.0 0.0 36.7155550 -4.4901500 5.00 287.45 0.08 36.7156673 -4.4912755 0.00 269.43 1.02 0.000 39.531 10:15:32.17
75 0 -23.4 -23.0 5.781 -0.369 0.0 0.0 0.0 36.7155550 -4.4901500 5.00 287.45 0.08 36.7156673 -4.4912755 0.00 269.43 1.02 0.000 39.531 10:15:32.28
75 0 -22.6 -22.6 1.107 -5.781 0.0 0.0 0.0 36.7155550 -4.4901500 5.00 287.45 0.08 36.7156673 -4.4912766 0.00 269.49 1.08 0.000 39.746 10:15:32.37
75 0 -22.6 -22.6 2.460 -0.861 0.0 0.0 0.0 36.7155550 -4.4901500 5.00 287.45 0.08 36.7156673 -4.4912766 0.00 269.49 1.08 0.000 39.746 10:15:32.46
75 0 -22.6 -22.6 1.353 -4.797 0.0 0.0 0.0 36.7155550 -4.4901500 5.00 287.45 0.08 36.7156673 -4.4912778 0.00 269.43 1.09 0.000 39.746 10:15:32.57
75 0 -22.6 -22.6 1.845 -1.722 0.0 0.0 0.0 36.7155550 -4.4901500 5.00 287.45 0.08 36.7156673 -4.4912778 0.00 269.43 1.09 0.000 39.746 10:15:32.67
75 0 -22.6 -22.6 4.551 0.369 0.0 0.0 0.0 36.7155550 -4.4901500 5.00 287.45 0.08 36.7156673 -4.4912789 0.00 269.53 1.04 0.000 39.746 10:15:32.78
75 0 -22.6 -22.6 -0.615 -6.642 0.0 0.0 0.0 36.7155550 -4.4901500 5.00 287.45 0.08 36.7156673 -4.4912789 0.00 269.53 1.04 0.000 39.746 10:15:32.87
75 0 -22.6 -22.6 3.198 0.615 0.0 0.0 0.0 36.7155550 -4.4901500 5.00 287.45 0.08 36.7156672 -4.4912800 0.00 269.56 0.96 0.000 39.746 10:15:32.96
75 0 -22.6 -22.6 4.059 0.861 0.0 0.0 0.0 36.7155550 -4.4901500 5.00 287.45 0.08 36.7156672 -4.4912800 0.00 269.56 0.96 0.000 39.746 10:15:33.07
75 0 -22.6 -22.6 -0.369 -3.075 0.0 0.0 0.0 36.7155550 -4.4901500 5.00 287.45 0.08 36.7156672 -4.4912812 0.00 269.42 0.82 0.000 39.746 10:15:33.17
75 0 -22.6 -22.6 1.845 -1.230 0.0 0.0 0.0 36.7155550 -4.4901500 5.00 287.45 0.08 36.7156672 -4.4912812 0.00 269.42 0.82 0.000 39.746 10:15:33.28
75 0 -22.6 -22.6 0.615 -2.583 0.0 0.0 0.0 36.7155550 -4.4901500 5.00 287.45 0.08 36.7156672 -4.4912822 0.00 269.51 0.90 0.000 39.746 10:15:33.37
75 0 -22.6 -22.6 1.722 -1.476 0.0 0.0 0.0 36.7155550 -4.4901500 5.00 287.45 0.08 36.7156672 -4.4912822 0.00 269.51 0.90 0.000 39.746 10:15:33.46
75 0 -22.6 -22.6 5.535 -0.861 0.0 0.0 0.0 36.7155550 -4.4901500 5.00 287.45 0.08 36.7156672 -4.4912833 0.00 269.52 0.96 0.000 39.746 10:15:33.57
75 0 -22.6 -22.6 4.920 -1.107 0.0 0.0 0.0 36.7155550 -4.4901500 5.00 287.45 0.08 36.7156672 -4.4912833 0.00 269.52 0.96 0.000 39.746 10:15:33.67
75 0 -22.6 -22.6 0.738 -3.075 0.0 0.0 0.0 36.7155550 -4.4901500 5.00 287.45 0.08 36.7156673 -4.4912844 0.00 269.53 0.98 0.000 39.746 10:15:33.78
0 0 -22.6 -22.6 5.535 -0.984 0.0 0.0 0.0 36.7155550 -4.4901500 5.00 287.45 0.08 36.7156673 -4.4912844 0.00 269.53 0.98 0.000 39.746 10:15:33.87
0 0 -22.6 -22.6 -54.735 57.195 0.0 0.0 0.0 36.7155550 -4.4901500 5.00 287.45 0.08 36.7156673 -4.4912854 0.00 269.55 0.90 0.000 39.746 10:15:33.98
0 0 -22.6 -22.6 -1.599 4.059 0.0 0.0 0.0 36.7155550 -4.4901500 5.00 287.45 0.08 36.7156673 -4.4912854 0.00 269.55 0.90 0.000 39.746 10:15:34.07
0 0 -22.6 -22.6 1.353 1.107 0.0 0.0 0.0 36.7155550 -4.4901500 5.00 287.45 0.08 36.7156673 -4.4912857 0.00 269.51 1.09 0.000 39.746 10:15:34.17
0 0 -22.6 -22.6 2.460 -0.861 0.0 0.0 0.0 36.7155550 -4.4901500 5.00 287.45 0.08 36.7156673 -4.4912857 0.00 269.51 1.09 0.000 39.746 10:15:34.28
