75 3 -21.4 -24.1 4.920 -2.460 0.0 0.0 0.0 36.7156696 -4.4910330 0.00 269.48 0.97 36.7156697 -4.4910292 0.00 270.99 0.80 0.000 38.457 14:48:40.85
75 0 -21.4 -24.1 4.059 0.246 0.0 0.0 0.0 36.7156696 -4.4910330 0.00 269.48 0.97 36.7156697 -4.4910292 0.00 270.99 0.80 0.000 38.457 14:48:40.95
75 0 -21.4 -24.1 2.337 -3.321 0.0 0.0 0.0 36.7156697 -4.4910341 0.00 269.72 0.90 36.7156697 -4.4910292 0.00 270.99 0.80 0.000 38.457 14:48:41.04
75 0 -21.4 -24.1 6.273 -0.984 0.0 0.0 0.0 36.7156697 -4.4910341 0.00 269.72 0.90 36.7156697 -4.4910292 0.00 270.99 0.80 0.000 38.457 14:48:41.15
75 0 -21.4 -24.1 2.952 -0.492 0.0 0.0 0.0 36.7156697 -4.4910353 0.00 270.19 0.95 36.7156697 -4.4910292 0.00 270.99 0.80 0.000 38.457 14:48:41.25
75 0 -21.4 -24.1 5.043 -0.738 0.0 0.0 0.0 36.7156697 -4.4910353 0.00 270.19 0.95 36.7156697 -4.4910292 0.00 270.99 0.80 0.000 38.457 14:48:41.35
75 0 -21.4 -24.1 2.337 -0.246 0.0 0.0 0.0 36.7156697 -4.4910364 0.00 270.48 1.04 36.7156697 -4.4910327 0.00 270.61 0.97 0.000 38.457 14:48:41.45
75 0 -21.4 -24.1 2.460 -6.027 0.0 0.0 0.0 36.7156697 -4.4910364 0.00 270.48 1.04 36.7156697 -4.4910327 0.00 270.61 0.97 0.000 38.457 14:48:41.54
75 0 -21.4 -24.1 4.551 -0.738 0.0 0.0 0.0 36.7156697 -4.4910375 0.00 270.64 1.06 36.7156697 -4.4910327 0.00 270.61 0.97 0.000 38.457 14:48:41.65
75 0 -21.4 -24.1 2.460 -3.198 0.0 0.0 0.0 36.7156697 -4.4910375 0.00 270.64 1.06 36.7156697 -4.4910327 0.00 270.61 0.97 0.000 38.457 14:48:41.75
75 0 -21.4 -24.1 6.273 -2.091 0.0 0.0 0.0 36.7156697 -4.4910386 0.00 270.72 1.00 36.7156697 -4.4910327 0.00 270.61 0.97 0.000 38.457 14:48:41.85
75 0 -21.4 -24.1 0.123 -3.198 0.0 0.0 0.0 36.7156697 -4.4910386 0.00 270.72 1.00 36.7156697 -4.4910327 0.00 270.61 0.97 0.000 38.457 14:48:41.95
75 0 -21.4 -24.1 2.337 -5.535 0.0 0.0 0.0 36.7156698 -4.4910397 0.00 270.66 0.94 36.7156697 -4.4910360 0.00 273.59 0.80 0.000 38.457 14:48:42.04
75 -2 -21.4 -24.1 3.075 -0.123 0.0 0.0 0.0 36.7156698 -4.4910397 0.00 270.66 0.94 36.7156697 -4.4910360 0.00 273.59 0.80 0.000 38.457 14:48:42.15
75 -2 -21.4 -24.1 0.861 -4.428 0.0 0.0 0.0 36.7156697 -4.4910408 0.00 270.63 0.92 36.7156697 -4.4910360 0.00 273.59 0.80 0.000 38.457 14:48:42.25
75 -2 -21.4 -24.1 5.412 -2.706 0.0 0.0 0.0 36.7156697 -4.4910408 0.00 270.63 0.92 36.7156697 -4.4910360 0.00 273.59 0.80 0.000 38.457 14:48:42.35
75 -2 -21.4 -24.1 0.492 -5.166 0.0 0.0 0.0 36.7156698 -4.4910419 0.00 270.71 0.94 36.7156697 -4.4910360 0.00 273.59 0.80 0.000 38.457 14:48:42.45
75 -2 -21.4 -24.1 2.337 -2.829 0.0 0.0 0.0 36.7156698 -4.4910419 0.00 270.71 0.94 36.7156697 -4.4910360 0.00 273.59 0.80 0.000 38.457 14:48:42.54
75 -2 -21.4 -24.1 0.738 -1.353 0.0 0.0 0.0 36.7156698 -4.4910430 0.00 270.69 1.00 36.7156698 -4.4910394 0.00 270.33 0.95 0.000 38.457 14:48:42.65
75 -2 -21.4 -24.1 0.615 -6.642 0.0 0.0 0.0 36.7156698 -4.4910430 0.00 270.69 1.00 36.7156698 -4.4910394 0.00 270.33 0.95 0.000 38.457 14:48:42.75
75 -2 -21.4 -24.1 2.706 -4.182 0.0 0.0 0.0 36.7156698 -4.4910442 0.00 270.72 1.04 36.7156698 -4.4910394 0.00 270.33 0.95 0.000 38.457 14:48:42.85
75 0 -21.4 -24.1 0.123 -4.305 0.0 0.0 0.0 36.7156698 -4.4910442 0.00 270.72 1.04 36.7156698 -4.4910394 0.00 270.33 0.95 0.000 38.457 14:48:42.95
75 0 -23.0 -22.2 5.289 -2.091 0.0 0.0 0.0 36.7156698 -4.4910454 0.00 270.55 1.01 36.7156698 -4.4910394 0.00 270.33 0.95 0.000 38.457 14:48:43.04
75 0 -23.0 -22.2 0.861 -0.984 0.0 0.0 0.0 36.7156698 -4.4910454 0.00 270.55 1.01 36.7156698 -4.4910394 0.00 270.33 0.95 0.000 38.457 14:48:43.15
75 0 -23.0 -22.2 2.460 -6.027 0.0 0.0 0.0 36.7156698 -4.4910465 0.00 270.40 0.98 36.7156698 -4.4910428 0.00 271.61 0.98 0.000 38.457 14:48:43.25
75 -1 -23.0 -22.2 2.952 0.000 0.0 0.0 0.0 36.7156698 -4.4910465 0.00 270.40 0.98 36.7156698 -4.4910428 0.00 271.61 0.98 0.000 38.457 14:48:43.35
75 -1 -23.0 -22.2 -0.246 -4.059 0.0 0.0 0.0 36.7156698 -4.4910476 0.00 270.27 0.95 36.7156698 -4.4910428 0.00 271.61 0.98 0.000 38.457 14:48:43.45
75 -1 -23.0 -22.2 4.182 -2.829 0.0 0.0 0.0 36.7156698 -4.4910476 0.00 270.27 0.95 36.7156698 -4.4910428 0.00 271.61 0.98 0.000 38.457 14:48:43.54
75 -1 -23.0 -22.2 0.738 -2.091 0.0 0.0 0.0 36.7156698 -4.4910487 0.00 270.29 0.93 36.7156698 -4.4910428 0.00 271.61 0.98 0.000 38.457 14:48:43.65
75 -1 -23.0 -22.2 2.460 -4.674 0.0 0.0 0.0 36.7156698 -4.4910487 0.00 270.29 0.93 36.7156698 -4.4910428 0.00 271.61 0.98 0.000 38.457 14:48:43.75
75 -1 -23.0 -22.2 0.615 -0.246 0.0 0.0 0.0 36.7156698 -4.4910498 0.00 270.22 0.97 36.7156699 -4.4910462 0.00 271.12 0.85 0.000 38.457 14:48:43.85
75 -1 -23.0 -22.2 2.583 -5.043 0.0 0.0 0.0 36.7156698 -4.4910498 0.00 270.22 0.97 36.7156699 -4.4910462 0.00 271.12 0.85 0.000 38.457 14:48:43.95
75 -1 -23.0 -22.2 2.091 -2.706 0.0 0.0 0.0 36.7156698 -4.4910509 0.00 270.05 0.99 36.7156699 -4.4910462 0.00 271.12 0.85 0.000 38.457 14:48:44.04
75 -1 -23.0 -22.2 0.861 -3.075 0.0 0.0 0.0 36.7156698 -4.4910509 0.00 270.05 0.99 36.7156699 -4.4910462 0.00 271.12 0.85 0.000 38.457 14:48:44.15
75 -1 -23.0 -22.2 -0.123 -4.920 0.0 0.0 0.0 36.7156699 -4.4910520 0.00 269.90 0.91 36.7156699 -4.4910462 0.00 271.12 0.85 0.000 38.457 14:48:44.25
75 -1 -23.0 -22.2 -2.214 -1.722 0.0 0.0 0.0 36.7156699 -4.4910520 0.00 269.90 0.91 36.7156699 -4.4910462 0.00 271.12 0.85 0.000 38.457 14:48:44.35
75 -1 -23.0 -22.2 -0.246 -5.904 0.0 0.0 0.0 36.7156698 -4.4910531 0.00 269.68 0.94 36.7156699 -4.4910495 0.00 267.61 0.83 0.000 38.457 14:48:44.45
75 3 -23.0 -22.2 1.476 -2.583 0.0 0.0 0.0 36.7156698 -4.4910531 0.00 269.68 0.94 36.7156699 -4.4910495 0.00 267.61 0.83 0.000 38.457 14:48:44.54
75 3 -23.0 -22.2 3.321 -4.551 0.0 0.0 0.0 36.7156698 -4.4910542 0.00 269.53 0.94 36.7156699 -4.4910495 0.00 267.61 0.83 0.000 38.457 14:48:44.65
75 3 -23.0 -22.2 3.936 -3.075 0.0 0.0 0.0 36.7156698 -4.4910542 0.00 269.53 0.94 36.7156699 -4.4910495 0.00 267.61 0.83 0.000 38.457 14:48:44.75
75 3 -23.0 -22.2 1.107 -1.599 0.0 0.0 0.0 36.7156698 -4.4910553 0.00 269.28 0.93 36.7156699 -4.4910495 0.00 267.61 0.83 0.000 38.457 14:48:44.85
75 3 -23.0 -22.2 5.289 -2.214 0.0 0.0 0.0 36.7156698 -4.4910553 0.00 269.28 0.93 36.7156699 -4.4910495 0.00 267.61 0.83 0.000 38.457 14:48:44.95
75 3 -23.0 -22.2 3.198 0.000 0.0 0.0 0.0 36.7156698 -4.4910564 0.00 269.54 1.02 36.7156698 -4.4910528 0.00 272.68 0.90 0.000 38.457 14:48:45.04
75 -2 -23.0 -22.2 3.936 -1.722 0.0 0.0 0.0 36.7156698 -4.4910564 0.00 269.54 1.02 36.7156698 -4.4910528 0.00 272.68 0.90 0.000 38.457 14:48:45.15
75 -2 -23.0 -22.2 2.460 -0.246 0.0 0.0 0.0 36.7156698 -4.4910576 0.00 269.80 0.90 36.7156698 -4.4910528 0.00 272.68 0.90 0.000 38.457 14:48:45.25
75 -2 -23.0 -22.2 2.460 -2.214 0.0 0.0 0.0 36.7156698 -4.4910576 0.00 269.80 0.90 36.7156698 -4.4910528 0.00 272.68 0.90 0.000 38.457 14:48:45.35
75 -2 -23.0 -22.2 3.813 -1.476 0.0 0.0 0.0 36.7156698 -4.4910587 0.00 270.27 1.00 36.7156698 -4.4910528 0.00 272.68 0.90 0.000 38.457 14:48:45.45
75 -2 -23.0 -22.2 -1.230 -2.460 0.0 0.0 0.0 36.7156698 -4.4910587 0.00 270.27 1.00 36.7156698 -4.4910528 0.00 272.68 0.90 0.000 38.457 14:48:45.54
75 -2 -23.0 -22.2 2.214 -4.428 0.0 0.0 0.0 36.7156698 -4.4910599 0.00 270.43 1.04 36.7156698 -4.4910562 0.00 268.67 0.77 0.000 38.457 14:48:45.65
75 2 -23.0 -22.2 -0.738 -2.706 0.0 0.0 0.0 36.7156698 -4.4910599 0.00 270.43 1.04 36.7156698 -4.4910562 0.00 268.67 0.77 0.000 38.457 14:48:45.75
75 2 -23.0 -22.2 1.968 -6.027 0.0 0.0 0.0 36.7156697 -4.4910610 0.00 270.52 1.00 36.7156698 -4.4910562 0.00 268.67 0.77 0.000 38.457 14:48:45.85
75 2 -23.0 -22.2 3.567 -2.583 0.0 0.0 0.0 36.7156697 -4.4910610 0.00 270.52 1.00 36.7156698 -4.4910562 0.00 268.67 0.77 0.000 38.457 14:48:45.95
75 2 -23.0 -22.2 3.075 -4.182 0.0 0.0 0.0 36.7156697 -4.4910622 0.00 270.40 1.04 36.7156698 -4.4910562 0.00 268.67 0.77 0.000 38.457 14:48:46.04
75 2 -23.0 -22.2 4.797 -2.214 0.0 0.0 0.0 36.7156697 -4.4910622 0.00 270.40 1.04 36.7156698 -4.4910562 0.00 268.67 0.77 0.000 38.457 14:48:46.15
75 2 -23.0 -22.2 0.615 -2.706 0.0 0.0 0.0 36.7156698 -4.4910633 0.00 270.61 0.97 36.7156698 -4.4910596 0.00 270.48 1.02 0.000 38.457 14:48:46.25
75 0 -23.0 -22.2 2.952 -4.920 0.0 0.0 0.0 36.7156698 -4.4910633 0.00 270.61 0.97 36.7156698 -4.4910596 0.00 270.48 1.02 0.000 38.457 14:48:46.35
75 0 -23.0 -22.2 0.738 -0.369 0.0 0.0 0.0 36.7156698 -4.4910644 0.00 270.91 0.97 36.7156698 -4.4910596 0.00 270.48 1.02 0.000 38.457 14:48:46.45
75 0 -23.0 -22.2 1.230 -4.920 0.0 0.0 0.0 36.7156698 -4.4910644 0.00 270.91 0.97 36.7156698 -4.4910596 0.00 270.48 1.02 0.000 38.457 14:48:46.54
75 0 -23.0 -22.2 3.813 0.123 0.0 0.0 0.0 36.7156698 -4.4910655 0.00 271.14 0.96 36.7156698 -4.4910596 0.00 270.48 1.02 0.000 38.457 14:48:46.65
75 0 -23.0 -22.2 0.492 -4.059 0.0 0.0 0.0 36.7156698 -4.4910655 0.00 271.14 0.96 36.7156698 -4.4910596 0.00 270.48 1.02 0.000 38.457 14:48:46.75
75 0 -23.0 -22.2 3.567 -3.444 0.0 0.0 0.0 36.7156699 -4.4910666 0.00 271.36 0.94 36.7156698 -4.4910629 0.00 274.76 0.94 0.000 38.457 14:48:46.85
75 -4 -23.0 -22.2 1.845 -2.583 0.0 0.0 0.0 36.7156699 -4.4910666 0.00 271.36 0.94 36.7156698 -4.4910629 0.00 274.76 0.94 0.000 38.457 14:48:46.95
75 -4 -23.0 -22.2 0.738 -6.273 0.0 0.0 0.0 36.7156699 -4.4910677 0.00 271.36 0.97 36.7156698 -4.4910629 0.00 274.76 0.94 0.000 38.457 14:48:47.04
75 -4 -23.0 -22.2 1.476 -1.476 0.0 0.0 0.0 36.7156699 -4.4910677 0.00 271.36 0.97 36.7156698 -4.4910629 0.00 274.76 0.94 0.000 38.457 14:48:47.15
75 -4 -23.0 -22.2 -0.369 -6.642 0.0 0.0 0.0 36.7156699 -4.4910688 0.00 271.43 1.04 36.7156698 -4.4910629 0.00 274.76 0.94 0.000 38.457 14:48:47.25
75 -4 -23.0 -22.2 1.599 -3.813 0.0 0.0 0.0 36.7156699 -4.4910688 0.00 271.43 1.04 36.7156698 -4.4910629 0.00 274.76 0.94 0.000 38.457 14:48:47.35
75 -4 -23.0 -22.2 -0.492 -5.412 0.0 0.0 0.0 36.7156699 -4.4910699 0.00 271.11 0.99 36.7156699 -4.4910663 0.00 272.60 0.92 0.000 38.457 14:48:47.45
75 -4 -23.0 -22.2 -0.492 -6.519 0.0 0.0 0.0 36.7156699 -4.4910699 0.00 271.11 0.99 36.7156699 -4.4910663 0.00 272.60 0.92 0.000 38.457 14:48:47.54
75 -4 -23.0 -22.2 0.738 -2.460 0.0 0.0 0.0 36.7156699 -4.4910711 0.00 270.82 1.01 36.7156699 -4.4910663 0.00 272.60 0.92 0.000 38.457 14:48:47.65
75 -4 -23.0 -22.2 -0.615 -7.872 0.0 0.0 0.0 36.7156699 -4.4910711 0.00 270.82 1.01 36.7156699 -4.4910663 0.00 272.60 0.92 0.000 38.457 14:48:47.75
75 -4 -23.0 -22.2 2.460 -4.428 0.0 0.0 0.0 36.7156699 -4.4910723 0.00 270.47 0.97 36.7156699 -4.4910663 0.00 272.60 0.92 0.000 38.457 14:48:47.85
75 -4 -23.0 -22.2 -0.369 -6.888 0.0 0.0 0.0 36.7156699 -4.4910723 0.00 270.47 0.97 36.7156699 -4.4910663 0.00 272.60 0.92 0.000 38.457 14:48:47.95
75 -4 -24.1 -22.6 -1.599 -7.995 0.0 0.0 0.0 36.7156699 -4.4910734 0.00 270.13 0.94 36.7156699 -4.4910697 0.00 273.16 0.80 0.000 38.672 14:48:48.06
75 -5 -24.1 -22.6 -0.492 -3.813 0.0 0.0 0.0 36.7156699 -4.4910734 0.00 270.13 0.94 36.7156699 -4.4910697 0.00 273.16 0.80 0.000 38.672 14:48:48.15
75 -5 -24.1 -22.6 -2.583 -8.364 0.0 0.0 0.0 36.7156699 -4.4910745 0.00 269.65 0.94 36.7156699 -4.4910697 0.00 273.16 0.80 0.000 38.672 14:48:48.25
75 -5 -24.1 -22.6 -1.722 -6.519 0.0 0.0 0.0 36.7156699 -4.4910745 0.00 269.65 0.94 36.7156699 -4.4910697 0.00 273.16 0.80 0.000 38.672 14:48:48.35
75 -5 -24.1 -22.6 -1.968 -7.257 0.0 0.0 0.0 36.7156698 -4.4910756 0.00 269.23 1.00 36.7156699 -4.4910697 0.00 273.16 0.80 0.000 38.672 14:48:48.45
75 -5 -24.1 -22.6 0.738 -5.904 0.0 0.0 0.0 36.7156698 -4.4910756 0.00 269.23 1.00 36.7156699 -4.4910697 0.00 273.16 0.80 0.000 38.672 14:48:48.56
75 -5 -24.1 -22.6 -2.091 -6.150 0.0 0.0 0.0 36.7156698 -4.4910767 0.00 268.73 0.96 36.7156699 -4.4910731 0.00 270.01 0.84 0.000 38.672 14:48:48.65
75 -2 -24.1 -22.6 -5.166 -9.840 0.0 0.0 0.0 36.7156698 -4.4910767 0.00 268.73 0.96 36.7156699 -4.4910731 0.00 270.01 0.84 0.000 38.672 14:48:48.76
75 -2 -24.1 -22.6 -0.123 -7.626 0.0 0.0 0.0 36.7156698 -4.4910778 0.00 268.24 0.94 36.7156699 -4.4910731 0.00 270.01 0.84 0.000 38.672 14:48:48.85
75 -2 -24.1 -22.6 -0.738 -7.626 0.0 0.0 0.0 36.7156698 -4.4910778 0.00 268.24 0.94 36.7156699 -4.4910731 0.00 270.01 0.84 0.000 38.672 14:48:48.95
75 -2 -24.1 -22.6 2.829 -4.305 0.0 0.0 0.0 36.7156697 -4.4910788 0.00 267.55 0.95 36.7156699 -4.4910731 0.00 270.01 0.84 0.000 38.672 14:48:49.06
75 -2 -24.1 -22.6 -0.492 -5.043 0.0 0.0 0.0 36.7156697 -4.4910788 0.00 267.55 0.95 36.7156699 -4.4910731 0.00 270.01 0.84 0.000 38.672 14:48:49.15
75 -2 -24.1 -22.6 0.123 -4.797 0.0 0.0 0.0 36.7156697 -4.4910800 0.00 267.20 1.03 36.7156698 -4.4910763 0.00 271.81 0.94 0.000 38.672 14:48:49.26
75 -3 -24.1 -22.6 -1.107 -5.658 0.0 0.0 0.0 36.7156697 -4.4910800 0.00 267.20 1.03 36.7156698 -4.4910763 0.00 271.81 0.94 0.000 38.672 14:48:49.35
75 -3 -24.1 -22.6 -1.230 -5.781 0.0 0.0 0.0 36.7156696 -4.4910811 0.00 266.94 1.05 36.7156698 -4.4910763 0.00 271.81 0.94 0.000 38.672 14:48:49.45
75 -3 -24.1 -22.6 -1.722 -5.043 0.0 0.0 0.0 36.7156696 -4.4910811 0.00 266.94 1.05 36.7156698 -4.4910763 0.00 271.81 0.94 0.000 38.672 14:48:49.56
75 -3 -24.1 -22.6 -0.615 -6.642 0.0 0.0 0.0 36.7156695 -4.4910823 0.00 266.75 0.97 36.7156698 -4.4910763 0.00 271.81 0.94 0.000 38.672 14:48:49.65
75 -3 -24.1 -22.6 1.353 -5.658 0.0 0.0 0.0 36.7156695 -4.4910823 0.00 266.75 0.97 36.7156698 -4.4910763 0.00 271.81 0.94 0.000 38.672 14:48:49.76
75 -3 -24.1 -22.6 -0.738 -6.150 0.0 0.0 0.0 36.7156695 -4.4910835 0.00 266.40 1.01 36.7156698 -4.4910797 0.00 265.45 0.99 0.000 38.672 14:48:49.85
75 2 -24.1 -22.6 0.984 -5.781 0.0 0.0 0.0 36.7156695 -4.4910835 0.00 266.40 1.01 36.7156698 -4.4910797 0.00 265.45 0.99 0.000 38.672 14:48:49.96
75 2 -24.1 -22.6 -0.738 -4.428 0.0 0.0 0.0 36.7156694 -4.4910847 0.00 266.02 1.02 36.7156698 -4.4910797 0.00 265.45 0.99 0.000 38.672 14:48:50.06
75 2 -24.1 -22.6 0.369 -3.567 0.0 0.0 0.0 36.7156694 -4.4910847 0.00 266.02 1.02 36.7156698 -4.4910797 0.00 265.45 0.99 0.000 38.672 14:48:50.15
75 2 -24.1 -22.6 3.813 -1.968 0.0 0.0 0.0 36.7156693 -4.4910858 0.00 265.68 1.02 36.7156698 -4.4910797 0.00 265.45 0.99 0.000 38.672 14:48:50.26
75 2 -24.1 -22.6 1.353 -3.567 0.0 0.0 0.0 36.7156693 -4.4910858 0.00 265.68 1.02 36.7156698 -4.4910797 0.00 265.45 0.99 0.000 38.672 14:48:50.35
75 2 -24.1 -22.6 6.273 -0.246 0.0 0.0 0.0 36.7156693 -4.4910869 0.00 265.68 1.02 36.7156696 -4.4910832 0.00 269.03 1.04 0.000 38.672 14:48:50.46
75 -1 -24.1 -22.6 2.706 -3.075 0.0 0.0 0.0 36.7156693 -4.4910869 0.00 265.68 1.02 36.7156696 -4.4910832 0.00 269.03 1.04 0.000 38.672 14:48:50.56
75 -1 -24.1 -22.6 4.305 -2.091 0.0 0.0 0.0 36.7156692 -4.4910881 0.00 265.90 0.96 36.7156696 -4.4910832 0.00 269.03 1.04 0.000 38.672 14:48:50.65
75 -1 -24.1 -22.6 1.230 -3.321 0.0 0.0 0.0 36.7156692 -4.4910881 0.00 265.90 0.96 36.7156696 -4.4910832 0.00 269.03 1.04 0.000 38.672 14:48:50.76
75 -1 -24.1 -22.6 1.353 -4.182 0.0 0.0 0.0 36.7156692 -4.4910892 0.00 265.93 0.96 36.7156696 -4.4910832 0.00 269.03 1.04 0.000 38.672 14:48:50.85
75 -1 -24.1 -22.6 3.321 -1.968 0.0 0.0 0.0 36.7156692 -4.4910892 0.00 265.93 0.96 36.7156696 -4.4910832 0.00 269.03 1.04 0.000 38.672 14:48:50.96
75 -1 -24.1 -22.6 -0.369 -5.043 0.0 0.0 0.0 36.7156691 -4.4910903 0.00 265.97 0.91 36.7156694 -4.4910865 0.00 268.44 1.00 0.000 38.672 14:48:51.06
75 0 -24.1 -22.6 4.428 -3.075 0.0 0.0 0.0 36.7156691 -4.4910903 0.00 265.97 0.91 36.7156694 -4.4910865 0.00 268.44 1.00 0.000 38.672 14:48:51.17
75 0 -24.1 -22.6 2.091 -5.658 0.0 0.0 0.0 36.7156690 -4.4910914 0.00 265.96 1.02 36.7156694 -4.4910865 0.00 268.44 1.00 0.000 38.672 14:48:51.26
75 0 -24.1 -22.6 1.476 -2.829 0.0 0.0 0.0 36.7156690 -4.4910914 0.00 265.96 1.02 36.7156694 -4.4910865 0.00 268.44 1.00 0.000 38.672 14:48:51.35
75 0 -24.1 -22.6 3.198 -2.337 0.0 0.0 0.0 36.7156689 -4.4910925 0.00 265.80 1.06 36.7156694 -4.4910865 0.00 268.44 1.00 0.000 38.672 14:48:51.46
75 0 -24.1 -22.6 0.615 -2.214 0.0 0.0 0.0 36.7156689 -4.4910925 0.00 265.80 1.06 36.7156694 -4.4910865 0.00 268.44 1.00 0.000 38.672 14:48:51.56
75 0 -24.1 -22.6 4.674 -0.246 0.0 0.0 0.0 36.7156689 -4.4910936 0.00 265.68 1.04 36.7156692 -4.4910898 0.00 270.89 0.96 0.000 38.672 14:48:51.67
75 -2 -24.1 -22.6 2.091 -3.198 0.0 0.0 0.0 36.7156689 -4.4910936 0.00 265.68 1.04 36.7156692 -4.4910898 0.00 270.89 0.96 0.000 38.672 14:48:51.76
75 -2 -24.1 -22.6 7.257 -0.123 0.0 0.0 0.0 36.7156688 -4.4910948 0.00 265.63 0.97 36.7156692 -4.4910898 0.00 270.89 0.96 0.000 38.672 14:48:51.87
75 -2 -24.1 -22.6 0.000 -1.845 0.0 0.0 0.0 36.7156688 -4.4910948 0.00 265.63 0.97 36.7156692 -4.4910898 0.00 270.89 0.96 0.000 38.672 14:48:51.96
75 -2 -24.1 -22.6 1.230 -4.920 0.0 0.0 0.0 36.7156687 -4.4910959 0.00 265.56 1.00 36.7156692 -4.4910898 0.00 270.89 0.96 0.000 38.672 14:48:52.06
75 -2 -24.1 -22.6 2.829 -2.952 0.0 0.0 0.0 36.7156687 -4.4910959 0.00 265.56 1.00 36.7156692 -4.4910898 0.00 270.89 0.96 0.000 38.672 14:48:52.17
75 -2 -24.1 -22.6 0.123 -5.412 0.0 0.0 0.0 36.7156687 -4.4910970 0.00 265.64 0.99 36.7156691 -4.4910933 0.00 269.83 1.22 0.000 38.672 14:48:52.26
75 0 -24.1 -22.6 4.305 -1.722 0.0 0.0 0.0 36.7156687 -4.4910970 0.00 265.64 0.99 36.7156691 -4.4910933 0.00 269.83 1.22 0.000 38.672 14:48:52.37
75 0 -24.1 -22.6 0.000 -2.337 0.0 0.0 0.0 36.7156686 -4.4910981 0.00 265.53 0.94 36.7156691 -4.4910933 0.00 269.83 1.22 0.000 38.672 14:48:52.46
75 0 -24.1 -22.6 3.321 -3.690 0.0 0.0 0.0 36.7156686 -4.4910981 0.00 265.53 0.94 36.7156691 -4.4910933 0.00 269.83 1.22 0.000 38.672 14:48:52.56
75 0 -24.1 -22.6 1.107 -1.968 0.0 0.0 0.0 36.7156686 -4.4910991 0.00 265.40 0.96 36.7156691 -4.4910933 0.00 269.83 1.22 0.000 38.672 14:48:52.67
75 0 -24.1 -22.6 0.246 -3.690 0.0 0.0 0.0 36.7156686 -4.4910991 0.00 265.40 0.96 36.7156691 -4.4910933 0.00 269.83 1.22 0.000 38.672 14:48:52.76
75 0 -24.1 -22.6 3.444 -2.337 0.0 0.0 0.0 36.7156685 -4.4911001 0.00 265.39 0.94 36.7156688 -4.4910966 0.00 266.21 1.05 0.000 38.672 14:48:52.87
75 0 -24.1 -22.6 1.107 -3.690 0.0 0.0 0.0 36.7156685 -4.4911001 0.00 265.39 0.94 36.7156688 -4.4910966 0.00 266.21 1.05 0.000 38.672 14:48:52.96
75 0 -22.6 -22.6 3.198 -2.952 0.0 0.0 0.0 36.7156684 -4.4911013 0.00 265.42 1.01 36.7156688 -4.4910966 0.00 266.21 1.05 0.000 38.457 14:48:53.07
75 4 -22.6 -22.6 -0.246 -3.813 0.0 0.0 0.0 36.7156684 -4.4911013 0.00 265.42 1.01 36.7156688 -4.4910966 0.00 266.21 1.05 0.000 38.457 14:48:53.17
75 4 -22.6 -22.6 -0.246 -3.813 0.0 0.0 0.0 36.7156683 -4.4911025 0.00 265.46 1.04 36.7156688 -4.4910966 0.00 266.21 1.05 0.000 38.457 14:48:53.26
75 4 -22.6 -22.6 3.075 -1.599 0.0 0.0 0.0 36.7156683 -4.4911025 0.00 265.46 1.04 36.7156688 -4.4910966 0.00 266.21 1.05 0.000 38.457 14:48:53.37
75 4 -22.6 -22.6 3.075 -1.599 0.0 0.0 0.0 36.7156682 -4.4911036 0.00 265.59 1.03 36.7156685 -4.4911000 0.00 262.88 1.37 0.000 38.457 14:48:53.46
75 7 -22.6 -22.6 6.027 -1.968 0.0 0.0 0.0 36.7156682 -4.4911036 0.00 265.59 1.03 36.7156685 -4.4911000 0.00 262.88 1.37 0.000 38.457 14:48:53.57
75 7 -22.6 -22.6 6.027 -1.968 0.0 0.0 0.0 36.7156682 -4.4911048 0.00 265.90 1.03 36.7156685 -4.4911000 0.00 262.88 1.37 0.000 38.457 14:48:53.67
75 7 -22.6 -22.6 2.829 -0.492 0.0 0.0 0.0 36.7156682 -4.4911048 0.00 265.90 1.03 36.7156685 -4.4911000 0.00 262.88 1.37 0.000 38.457 14:48:53.76
75 7 -22.6 -22.6 7.626 1.599 0.0 0.0 0.0 36.7156681 -4.4911060 0.00 266.47 1.07 36.7156685 -4.4911000 0.00 262.88 1.37 0.000 38.457 14:48:53.87
75 7 -22.6 -22.6 3.198 1.230 0.0 0.0 0.0 36.7156681 -4.4911060 0.00 266.47 1.07 36.7156685 -4.4911000 0.00 262.88 1.37 0.000 38.457 14:48:53.96
75 7 -22.6 -22.6 6.150 -0.492 0.0 0.0 0.0 36.7156681 -4.4911071 0.00 267.20 0.98 36.7156683 -4.4911035 0.00 266.79 1.30 0.000 38.457 14:48:54.07
75 4 -22.6 -22.6 10.578 4.428 0.0 0.0 0.0 36.7156681 -4.4911071 0.00 267.20 0.98 36.7156683 -4.4911035 0.00 266.79 1.30 0.000 38.457 14:48:54.17
75 4 -22.6 -22.6 5.412 2.214 0.0 0.0 0.0 36.7156682 -4.4911081 0.00 268.15 0.92 36.7156683 -4.4911035 0.00 266.79 1.30 0.000 38.457 14:48:54.26
75 4 -22.6 -22.6 7.995 1.599 0.0 0.0 0.0 36.7156682 -4.4911081 0.00 268.15 0.92 36.7156683 -4.4911035 0.00 266.79 1.30 0.000 38.457 14:48:54.37
75 4 -22.6 -22.6 8.364 3.321 0.0 0.0 0.0 36.7156682 -4.4911092 0.00 268.98 0.96 36.7156683 -4.4911035 0.00 266.79 1.30 0.000 38.457 14:48:54.46
75 4 -22.6 -22.6 7.134 -0.738 0.0 0.0 0.0 36.7156682 -4.4911092 0.00 268.98 0.96 36.7156683 -4.4911035 0.00 266.79 1.30 0.000 38.457 14:48:54.57
75 4 -22.6 -22.6 9.102 3.444 0.0 0.0 0.0 36.7156682 -4.4911103 0.00 269.69 1.02 36.7156683 -4.4911067 0.00 268.32 1.29 0.000 38.457 14:48:54.67
75 3 -22.6 -22.6 5.658 0.861 0.0 0.0 0.0 36.7156682 -4.4911103 0.00 269.69 1.02 36.7156683 -4.4911067 0.00 268.32 1.29 0.000 38.457 14:48:54.78
75 3 -22.6 -22.6 8.487 2.460 0.0 0.0 0.0 36.7156682 -4.4911114 0.00 270.21 1.00 36.7156683 -4.4911067 0.00 268.32 1.29 0.000 38.457 14:48:54.87
75 3 -22.6 -22.6 4.920 2.952 0.0 0.0 0.0 36.7156682 -4.4911114 0.00 270.21 1.00 36.7156683 -4.4911067 0.00 268.32 1.29 0.000 38.457 14:48:54.96
75 3 -22.6 -22.6 5.535 -0.369 0.0 0.0 0.0 36.7156683 -4.4911126 0.00 270.77 0.97 36.7156683 -4.4911067 0.00 268.32 1.29 0.000 38.457 14:48:55.07
75 3 -22.6 -22.6 7.872 3.813 0.0 0.0 0.0 36.7156683 -4.4911126 0.00 270.77 0.97 36.7156683 -4.4911067 0.00 268.32 1.29 0.000 38.457 14:48:55.17
75 3 -22.6 -22.6 6.027 -0.615 0.0 0.0 0.0 36.7156683 -4.4911138 0.00 271.48 1.02 36.7156683 -4.4911101 0.00 269.67 1.03 0.000 38.457 14:48:55.28
75 2 -22.6 -22.6 6.765 0.369 0.0 0.0 0.0 36.7156683 -4.4911138 0.00 271.48 1.02 36.7156683 -4.4911101 0.00 269.67 1.03 0.000 38.457 14:48:55.37
75 2 -22.6 -22.6 6.519 0.861 0.0 0.0 0.0 36.7156684 -4.4911149 0.00 272.07 0.91 36.7156683 -4.4911101 0.00 269.67 1.03 0.000 38.457 14:48:55.46
75 2 -22.6 -22.6 6.888 -0.246 0.0 0.0 0.0 36.7156684 -4.4911149 0.00 272.07 0.91 36.7156683 -4.4911101 0.00 269.67 1.03 0.000 38.457 14:48:55.57
75 2 -22.6 -22.6 10.086 3.444 0.0 0.0 0.0 36.7156685 -4.4911160 0.00 272.81 0.97 36.7156683 -4.4911101 0.00 269.67 1.03 0.000 38.457 14:48:55.67
75 2 -22.6 -22.6 5.043 0.861 0.0 0.0 0.0 36.7156685 -4.4911160 0.00 272.81 0.97 36.7156683 -4.4911101 0.00 269.67 1.03 0.000 38.457 14:48:55.78
75 2 -22.6 -22.6 7.380 0.615 0.0 0.0 0.0 36.7156686 -4.4911171 0.00 273.26 0.95 36.7156684 -4.4911134 0.00 276.42 1.00 0.000 38.457 14:48:55.87
75 -4 -22.6 -22.6 3.690 0.492 0.0 0.0 0.0 36.7156686 -4.4911171 0.00 273.26 0.95 36.7156684 -4.4911134 0.00 276.42 1.00 0.000 38.457 14:48:55.98
75 -4 -22.6 -22.6 5.289 -1.845 0.0 0.0 0.0 36.7156686 -4.4911182 0.00 273.66 0.95 36.7156684 -4.4911134 0.00 276.42 1.00 0.000 38.457 14:48:56.07
75 -4 -22.6 -22.6 5.658 -0.738 0.0 0.0 0.0 36.7156686 -4.4911182 0.00 273.66 0.95 36.7156684 -4.4911134 0.00 276.42 1.00 0.000 38.457 14:48:56.17
75 -4 -22.6 -22.6 2.337 -1.353 0.0 0.0 0.0 36.7156687 -4.4911192 0.00 274.04 0.87 36.7156684 -4.4911134 0.00 276.42 1.00 0.000 38.457 14:48:56.28
75 -4 -22.6 -22.6 5.658 -2.829 0.0 0.0 0.0 36.7156687 -4.4911192 0.00 274.04 0.87 36.7156684 -4.4911134 0.00 276.42 1.00 0.000 38.457 14:48:56.37
75 -4 -22.6 -22.6 1.230 -2.952 0.0 0.0 0.0 36.7156688 -4.4911203 0.00 273.98 0.92 36.7156686 -4.4911167 0.00 275.68 0.91 0.000 38.457 14:48:56.48
75 -4 -22.6 -22.6 0.492 -4.920 0.0 0.0 0.0 36.7156688 -4.4911203 0.00 273.98 0.92 36.7156686 -4.4911167 0.00 275.68 0.91 0.000 38.457 14:48:56.57
75 -4 -22.6 -22.6 1.968 -4.305 0.0 0.0 0.0 36.7156688 -4.4911215 0.00 273.69 0.96 36.7156686 -4.4911167 0.00 275.68 0.91 0.000 38.457 14:48:56.67
75 -4 -22.6 -22.6 1.230 -4.920 0.0 0.0 0.0 36.7156688 -4.4911215 0.00 273.69 0.96 36.7156686 -4.4911167 0.00 275.68 0.91 0.000 38.457 14:48:56.78
75 -4 -22.6 -22.6 3.936 -4.059 0.0 0.0 0.0 36.7156689 -4.4911226 0.00 273.49 0.96 36.7156686 -4.4911167 0.00 275.68 0.91 0.000 38.457 14:48:56.87
75 -4 -22.6 -22.6 -1.968 -7.011 0.0 0.0 0.0 36.7156689 -4.4911226 0.00 273.49 0.96 36.7156686 -4.4911167 0.00 275.68 0.91 0.000 38.457 14:48:56.98
75 -4 -22.6 -22.6 0.492 -6.273 0.0 0.0 0.0 36.7156689 -4.4911237 0.00 273.22 1.03 36.7156688 -4.4911200 0.00 274.78 0.91 0.000 38.457 14:48:57.07
75 -3 -22.6 -22.6 -1.722 -6.765 0.0 0.0 0.0 36.7156689 -4.4911237 0.00 273.22 1.03 36.7156688 -4.4911200 0.00 274.78 0.91 0.000 38.457 14:48:57.18
75 -3 -22.6 -22.6 0.123 -6.642 0.0 0.0 0.0 36.7156689 -4.4911249 0.00 272.95 0.98 36.7156688 -4.4911200 0.00 274.78 0.91 0.000 38.457 14:48:57.28
75 -3 -22.6 -22.6 -1.968 -7.503 0.0 0.0 0.0 36.7156689 -4.4911249 0.00 272.95 0.98 36.7156688 -4.4911200 0.00 274.78 0.91 0.000 38.457 14:48:57.37
75 -3 -22.6 -22.6 -1.722 -7.257 0.0 0.0 0.0 36.7156689 -4.4911261 0.00 272.55 0.99 36.7156688 -4.4911200 0.00 274.78 0.91 0.000 38.457 14:48:57.48
75 -3 -22.6 -22.6 -1.722 -7.257 0.0 0.0 0.0 36.7156689 -4.4911261 0.00 272.55 0.99 36.7156688 -4.4911200 0.00 274.78 0.91 0.000 38.457 14:48:57.57
75 -3 -22.6 -22.6 -2.952 -7.749 0.0 0.0 0.0 36.7156689 -4.4911272 0.00 272.19 0.95 36.7156688 -4.4911234 0.00 276.97 0.88 0.000 38.457 14:48:57.68
75 -3 -22.6 -22.6 -1.476 -6.888 0.0 0.0 0.0 36.7156689 -4.4911272 0.00 272.19 0.95 36.7156688 -4.4911234 0.00 276.97 0.88 0.000 38.457 14:48:57.78
75 -3 -22.6 -22.6 -1.845 -6.396 0.0 0.0 0.0 36.7156689 -4.4911283 0.00 271.74 1.00 36.7156688 -4.4911234 0.00 276.97 0.88 0.000 38.457 14:48:57.89
75 -6 -22.6 -22.6 -1.599 -7.134 0.0 0.0 0.0 36.7156689 -4.4911283 0.00 271.74 1.00 36.7156688 -4.4911234 0.00 276.97 0.88 0.000 38.457 14:48:57.98
75 -6 -24.1 -21.8 0.123 -6.642 0.0 0.0 0.0 36.7156689 -4.4911294 0.00 271.36 0.94 36.7156688 -4.4911234 0.00 276.97 0.88 0.000 38.457 14:48:58.07
75 -6 -24.1 -21.8 -1.230 -8.610 0.0 0.0 0.0 36.7156689 -4.4911294 0.00 271.36 0.94 36.7156688 -4.4911234 0.00 276.97 0.88 0.000 38.457 14:48:58.18
75 -6 -24.1 -21.8 0.984 -4.920 0.0 0.0 0.0 36.7156689 -4.4911304 0.00 270.96 0.95 36.7156688 -4.4911268 0.00 276.33 0.88 0.000 38.457 14:48:58.28
75 -6 -24.1 -21.8 -1.968 -9.225 0.0 0.0 0.0 36.7156689 -4.4911304 0.00 270.96 0.95 36.7156688 -4.4911268 0.00 276.33 0.88 0.000 38.457 14:48:58.39
75 -6 -24.1 -21.8 -2.337 -7.011 0.0 0.0 0.0 36.7156689 -4.4911315 0.00 270.55 0.97 36.7156688 -4.4911268 0.00 276.33 0.88 0.000 38.457 14:48:58.48
75 -6 -24.1 -21.8 -4.059 -6.396 0.0 0.0 0.0 36.7156689 -4.4911315 0.00 270.55 0.97 36.7156688 -4.4911268 0.00 276.33 0.88 0.000 38.457 14:48:58.59
75 -6 -24.1 -21.8 -1.968 -8.733 0.0 0.0 0.0 36.7156688 -4.4911326 0.00 269.87 0.97 36.7156688 -4.4911268 0.00 276.33 0.88 0.000 38.457 14:48:58.68
75 -6 -24.1 -21.8 -2.829 -5.904 0.0 0.0 0.0 36.7156688 -4.4911326 0.00 269.87 0.97 36.7156688 -4.4911268 0.00 276.33 0.88 0.000 38.457 14:48:58.78
75 -6 -24.1 -21.8 -1.230 -9.102 0.0 0.0 0.0 36.7156687 -4.4911337 0.00 269.37 1.03 36.7156689 -4.4911302 0.00 270.53 1.19 0.000 38.457 14:48:58.89
75 0 -24.1 -21.8 -3.198 -8.979 0.0 0.0 0.0 36.7156687 -4.4911337 0.00 269.37 1.03 36.7156689 -4.4911302 0.00 270.53 1.19 0.000 38.457 14:48:58.98
75 0 -24.1 -21.8 2.337 -4.059 0.0 0.0 0.0 36.7156687 -4.4911349 0.00 268.93 1.01 36.7156689 -4.4911302 0.00 270.53 1.19 0.000 38.457 14:48:59.09
75 0 -24.1 -21.8 -2.829 -7.257 0.0 0.0 0.0 36.7156687 -4.4911349 0.00 268.93 1.01 36.7156689 -4.4911302 0.00 270.53 1.19 0.000 38.457 14:48:59.18
75 0 -24.1 -21.8 0.246 -3.813 0.0 0.0 0.0 36.7156687 -4.4911361 0.00 268.42 1.01 36.7156689 -4.4911302 0.00 270.53 1.19 0.000 38.457 14:48:59.29
75 0 -24.1 -21.8 0.246 -5.658 0.0 0.0 0.0 36.7156687 -4.4911361 0.00 268.42 1.01 36.7156689 -4.4911302 0.00 270.53 1.19 0.000 38.457 14:48:59.39
75 0 -24.1 -21.8 -0.246 -5.043 0.0 0.0 0.0 36.7156686 -4.4911373 0.00 268.11 0.97 36.7156688 -4.4911336 0.00 270.11 0.99 0.000 38.457 14:48:59.48
75 0 -24.1 -21.8 0.000 -4.920 0.0 0.0 0.0 36.7156686 -4.4911373 0.00 268.11 0.97 36.7156688 -4.4911336 0.00 270.11 0.99 0.000 38.457 14:48:59.59
75 0 -24.1 -21.8 -1.230 -7.626 0.0 0.0 0.0 36.7156686 -4.4911384 0.00 268.04 1.01 36.7156688 -4.4911336 0.00 270.11 0.99 0.000 38.457 14:48:59.68
75 0 -24.1 -21.8 3.690 -2.583 0.0 0.0 0.0 36.7156686 -4.4911384 0.00 268.04 1.01 36.7156688 -4.4911336 0.00 270.11 0.99 0.000 38.457 14:48:59.79
75 0 -24.1 -21.8 0.246 -5.289 0.0 0.0 0.0 36.7156686 -4.4911395 0.00 268.07 0.97 36.7156688 -4.4911336 0.00 270.11 0.99 0.000 38.457 14:48:59.89
75 0 -24.1 -21.8 0.738 -3.198 0.0 0.0 0.0 36.7156686 -4.4911395 0.00 268.07 0.97 36.7156688 -4.4911336 0.00 270.11 0.99 0.000 38.457 14:49:00.00
75 0 -24.1 -21.8 3.075 -3.690 0.0 0.0 0.0 36.7156686 -4.4911405 0.00 268.09 0.92 36.7156687 -4.4911370 0.00 264.71 1.01 0.000 38.457 14:49:00.09
75 6 -24.1 -21.8 -0.369 -5.166 0.0 0.0 0.0 36.7156686 -4.4911405 0.00 268.09 0.92 36.7156687 -4.4911370 0.00 264.71 1.01 0.000 38.457 14:49:00.18
75 6 -24.1 -21.8 4.797 -1.599 0.0 0.0 0.0 36.7156686 -4.4911417 0.00 268.11 0.91 36.7156687 -4.4911370 0.00 264.71 1.01 0.000 38.457 14:49:00.29
75 6 -24.1 -21.8 1.968 -1.845 0.0 0.0 0.0 36.7156685 -4.4911428 0.00 268.11 0.94 36.7156687 -4.4911370 0.00 264.71 1.01 0.000 38.457 14:49:00.39
75 6 -24.1 -21.8 4.797 -1.230 0.0 0.0 0.0 36.7156685 -4.4911428 0.00 268.11 0.94 36.7156687 -4.4911370 0.00 264.71 1.01 0.000 38.457 14:49:00.50
75 6 -24.1 -21.8 4.797 0.000 0.0 0.0 0.0 36.7156685 -4.4911439 0.00 268.27 0.97 36.7156686 -4.4911402 0.00 271.72 0.81 0.000 38.457 14:49:00.59
75 6 -24.1 -21.8 4.797 0.123 0.0 0.0 0.0 36.7156685 -4.4911439 0.00 268.27 0.97 36.7156686 -4.4911402 0.00 271.72 0.81 0.000 38.457 14:49:00.70
75 0 -24.1 -21.8 9.594 1.968 0.0 0.0 0.0 36.7156685 -4.4911451 0.00 268.88 0.95 36.7156686 -4.4911402 0.00 271.72 0.81 0.000 38.457 14:49:00.79
75 0 -24.1 -21.8 3.198 -0.492 0.0 0.0 0.0 36.7156685 -4.4911451 0.00 268.88 0.95 36.7156686 -4.4911402 0.00 271.72 0.81 0.000 38.457 14:49:00.89
75 0 -24.1 -21.8 6.027 -1.353 0.0 0.0 0.0 36.7156685 -4.4911462 0.00 269.58 0.90 36.7156686 -4.4911402 0.00 271.72 0.81 0.000 38.457 14:49:01.00
75 0 -24.1 -21.8 3.444 0.000 0.0 0.0 0.0 36.7156685 -4.4911462 0.00 269.58 0.90 36.7156686 -4.4911402 0.00 271.72 0.81 0.000 38.457 14:49:01.09
75 0 -24.1 -21.8 3.444 -3.444 0.0 0.0 0.0 36.7156685 -4.4911473 0.00 270.01 1.03 36.7156685 -4.4911437 0.00 271.78 0.94 0.000 38.457 14:49:01.20
75 0 -24.1 -21.8 8.487 -0.615 0.0 0.0 0.0 36.7156685 -4.4911473 0.00 270.01 1.03 36.7156685 -4.4911437 0.00 271.78 0.94 0.000 38.457 14:49:01.29
75 0 -24.1 -21.8 3.936 -0.861 0.0 0.0 0.0 36.7156685 -4.4911484 0.00 270.17 1.05 36.7156685 -4.4911437 0.00 271.78 0.94 0.000 38.457 14:49:01.39
75 0 -24.1 -21.8 3.936 -3.567 0.0 0.0 0.0 36.7156685 -4.4911484 0.00 270.17 1.05 36.7156685 -4.4911437 0.00 271.78 0.94 0.000 38.457 14:49:01.50
75 0 -24.1 -21.8 1.230 -1.107 0.0 0.0 0.0 36.7156686 -4.4911495 0.00 270.40 0.97 36.7156685 -4.4911437 0.00 271.78 0.94 0.000 38.457 14:49:01.59
75 0 -24.1 -21.8 3.075 -2.952 0.0 0.0 0.0 36.7156686 -4.4911495 0.00 270.40 0.97 36.7156685 -4.4911437 0.00 271.78 0.94 0.000 38.457 14:49:01.70
75 0 -24.1 -21.8 6.027 -1.107 0.0 0.0 0.0 36.7156686 -4.4911506 0.00 270.36 0.94 36.7156685 -4.4911469 0.00 269.70 1.03 0.000 38.457 14:49:01.79
75 0 -24.1 -21.8 0.615 -2.460 0.0 0.0 0.0 36.7156686 -4.4911506 0.00 270.36 0.94 36.7156685 -4.4911469 0.00 269.70 1.03 0.000 38.457 14:49:01.89
75 2 -24.1 -21.8 5.412 -1.845 0.0 0.0 0.0 36.7156686 -4.4911517 0.00 270.46 0.97 36.7156685 -4.4911469 0.00 269.70 1.03 0.000 38.457 14:49:02.00
75 2 -24.1 -21.8 4.059 -0.861 0.0 0.0 0.0 36.7156686 -4.4911517 0.00 270.46 0.97 36.7156685 -4.4911469 0.00 269.70 1.03 0.000 38.457 14:49:02.09
75 2 -24.1 -21.8 6.027 -2.706 0.0 0.0 0.0 36.7156686 -4.4911529 0.00 270.46 1.01 36.7156685 -4.4911469 0.00 269.70 1.03 0.000 38.457 14:49:02.20
75 2 -24.1 -21.8 1.722 -0.615 0.0 0.0 0.0 36.7156686 -4.4911529 0.00 270.46 1.01 36.7156685 -4.4911469 0.00 269.70 1.03 0.000 38.457 14:49:02.29
75 2 -24.1 -21.8 1.968 -3.198 0.0 0.0 0.0 36.7156686 -4.4911541 0.00 270.68 1.05 36.7156686 -4.4911503 0.00 280.14 1.12 0.000 38.457 14:49:02.40
75 2 -24.1 -21.8 6.642 0.369 0.0 0.0 0.0 36.7156686 -4.4911541 0.00 270.68 1.05 36.7156686 -4.4911503 0.00 280.14 1.12 0.000 38.457 14:49:02.50
75 -7 -24.1 -21.8 2.091 -1.107 0.0 0.0 0.0 36.7156686 -4.4911552 0.00 271.04 1.06 36.7156686 -4.4911503 0.00 280.14 1.12 0.000 38.457 14:49:02.59
75 -7 -24.1 -21.8 2.460 -3.936 0.0 0.0 0.0 36.7156686 -4.4911552 0.00 271.04 1.06 36.7156686 -4.4911503 0.00 280.14 1.12 0.000 38.457 14:49:02.70
75 -7 -24.1 -21.8 1.599 -2.829 0.0 0.0 0.0 36.7156686 -4.4911564 0.00 271.31 1.03 36.7156686 -4.4911503 0.00 280.14 1.12 0.000 38.457 14:49:02.79
75 -7 -24.1 -21.8 0.369 -7.134 0.0 0.0 0.0 36.7156686 -4.4911564 0.00 271.31 1.03 36.7156686 -4.4911503 0.00 280.14 1.12 0.000 38.457 14:49:02.90
75 -7 -24.1 -21.8 -0.492 -5.781 0.0 0.0 0.0 36.7156686 -4.4911575 0.00 271.16 0.99 36.7156686 -4.4911536 0.00 272.96 0.87 0.000 38.457 14:49:03.00
75 -7 -24.9 -22.2 -1.353 -7.995 0.0 0.0 0.0 36.7156686 -4.4911575 0.00 271.16 0.99 36.7156686 -4.4911536 0.00 272.96 0.87 0.000 38.457 14:49:03.09
75 -7 -24.9 -22.2 -0.246 -7.011 0.0 0.0 0.0 36.7156686 -4.4911586 0.00 270.62 0.98 36.7156686 -4.4911536 0.00 272.96 0.87 0.000 38.457 14:49:03.20
75 -7 -24.9 -22.2 -3.813 -9.348 0.0 0.0 0.0 36.7156686 -4.4911586 0.00 270.62 0.98 36.7156686 -4.4911536 0.00 272.96 0.87 0.000 38.457 14:49:03.29
75 -3 -24.9 -22.2 -0.246 -6.027 0.0 0.0 0.0 36.7156685 -4.4911597 0.00 269.84 0.98 36.7156686 -4.4911536 0.00 272.96 0.87 0.000 38.457 14:49:03.40
75 -3 -24.9 -22.2 -3.321 -7.872 0.0 0.0 0.0 36.7156685 -4.4911597 0.00 269.84 0.98 36.7156686 -4.4911536 0.00 272.96 0.87 0.000 38.457 14:49:03.50
75 -3 -24.9 -22.2 -2.583 -9.348 0.0 0.0 0.0 36.7156685 -4.4911608 0.00 269.02 0.99 36.7156686 -4.4911571 0.00 268.40 0.92 0.000 38.457 14:49:03.60
75 -3 -24.9 -22.2 -1.107 -6.888 0.0 0.0 0.0 36.7156685 -4.4911608 0.00 269.02 0.99 36.7156686 -4.4911571 0.00 268.40 0.92 0.000 38.457 14:49:03.70
75 1 -24.9 -22.2 -1.230 -6.396 0.0 0.0 0.0 36.7156685 -4.4911619 0.00 268.56 0.95 36.7156686 -4.4911571 0.00 268.40 0.92 0.000 38.457 14:49:03.81
75 1 -24.9 -22.2 1.353 -4.797 0.0 0.0 0.0 36.7156685 -4.4911619 0.00 268.56 0.95 36.7156686 -4.4911571 0.00 268.40 0.92 0.000 38.457 14:49:03.90
75 1 -24.9 -22.2 -1.230 -4.797 0.0 0.0 0.0 36.7156684 -4.4911631 0.00 268.20 0.93 36.7156686 -4.4911571 0.00 268.40 0.92 0.000 38.457 14:49:04.00
75 1 -24.9 -22.2 1.107 -4.674 0.0 0.0 0.0 36.7156684 -4.4911631 0.00 268.20 0.93 36.7156686 -4.4911571 0.00 268.40 0.92 0.000 38.457 14:49:04.10
75 1 -24.9 -22.2 2.091 -2.337 0.0 0.0 0.0 36.7156684 -4.4911641 0.00 268.08 0.93 36.7156685 -4.4911606 0.00 277.72 1.05 0.000 38.457 14:49:04.20
75 1 -24.9 -22.2 0.984 -3.444 0.0 0.0 0.0 36.7156684 -4.4911641 0.00 268.08 0.93 36.7156685 -4.4911606 0.00 277.72 1.05 0.000 38.457 14:49:04.31
75 -8 -24.9 -22.2 4.059 -0.492 0.0 0.0 0.0 36.7156684 -4.4911652 0.00 268.17 0.96 36.7156685 -4.4911606 0.00 277.72 1.05 0.000 38.457 14:49:04.40
75 -8 -24.9 -22.2 -0.246 -6.519 0.0 0.0 0.0 36.7156684 -4.4911652 0.00 268.17 0.96 36.7156685 -4.4911606 0.00 277.72 1.05 0.000 38.457 14:49:04.50
75 -8 -24.9 -22.2 1.107 -3.444 0.0 0.0 0.0 36.7156683 -4.4911663 0.00 268.18 1.05 36.7156685 -4.4911606 0.00 277.72 1.05 0.000 38.457 14:49:04.60
75 -8 -24.9 -22.2 0.861 -3.813 0.0 0.0 0.0 36.7156683 -4.4911663 0.00 268.18 1.05 36.7156685 -4.4911606 0.00 277.72 1.05 0.000 38.457 14:49:04.70
75 -8 -24.9 -22.2 -2.706 -6.396 0.0 0.0 0.0 36.7156682 -4.4911675 0.00 267.99 1.03 36.7156684 -4.4911638 0.00 272.15 0.95 0.000 38.457 14:49:04.81
75 -8 -24.9 -22.2 -2.460 -7.872 0.0 0.0 0.0 36.7156682 -4.4911675 0.00 267.99 1.03 36.7156684 -4.4911638 0.00 272.15 0.95 0.000 38.457 14:49:04.90
75 -3 -24.9 -22.2 -2.460 -8.733 0.0 0.0 0.0 36.7156681 -4.4911686 0.00 267.19 0.95 36.7156684 -4.4911638 0.00 272.15 0.95 0.000 38.457 14:49:05.00
75 -3 -24.9 -22.2 -0.984 -6.273 0.0 0.0 0.0 36.7156681 -4.4911686 0.00 267.19 0.95 36.7156684 -4.4911638 0.00 272.15 0.95 0.000 38.457 14:49:05.10
75 -3 -24.9 -22.2 -2.091 -6.642 0.0 0.0 0.0 36.7156680 -4.4911698 0.00 266.44 0.97 36.7156684 -4.4911638 0.00 272.15 0.95 0.000 38.457 14:49:05.20
75 -3 -24.9 -22.2 -3.198 -8.364 0.0 0.0 0.0 36.7156680 -4.4911698 0.00 266.44 0.97 36.7156684 -4.4911638 0.00 272.15 0.95 0.000 38.457 14:49:05.31
75 -3 -24.9 -22.2 1.353 -7.626 0.0 0.0 0.0 36.7156679 -4.4911709 0.00 266.04 0.94 36.7156682 -4.4911672 0.00 268.49 0.88 0.000 38.457 14:49:05.40
75 -3 -24.9 -22.2 -2.214 -10.824 0.0 0.0 0.0 36.7156679 -4.4911709 0.00 266.04 0.94 36.7156682 -4.4911672 0.00 268.49 0.88 0.000 38.457 14:49:05.51
75 1 -24.9 -22.2 0.492 -6.396 0.0 0.0 0.0 36.7156678 -4.4911720 0.00 265.76 0.93 36.7156682 -4.4911672 0.00 268.49 0.88 0.000 38.457 14:49:05.60
75 1 -24.9 -22.2 0.246 -5.043 0.0 0.0 0.0 36.7156678 -4.4911720 0.00 265.76 0.93 36.7156682 -4.4911672 0.00 268.49 0.88 0.000 38.457 14:49:05.70
75 1 -24.9 -22.2 -1.107 -5.904 0.0 0.0 0.0 36.7156677 -4.4911731 0.00 265.43 0.94 36.7156682 -4.4911672 0.00 268.49 0.88 0.000 38.457 14:49:05.81
75 1 -24.9 -22.2 3.444 -3.690 0.0 0.0 0.0 36.7156677 -4.4911731 0.00 265.43 0.94 36.7156682 -4.4911672 0.00 268.49 0.88 0.000 38.457 14:49:05.90
75 1 -24.9 -22.2 -0.246 -4.305 0.0 0.0 0.0 36.7156676 -4.4911742 0.00 265.38 0.98 36.7156680 -4.4911705 0.00 269.06 0.88 0.000 38.457 14:49:06.01
75 1 -24.9 -22.2 5.289 -1.968 0.0 0.0 0.0 36.7156676 -4.4911742 0.00 265.38 0.98 36.7156680 -4.4911705 0.00 269.06 0.88 0.000 38.457 14:49:06.10
75 1 -24.9 -22.2 0.369 -3.198 0.0 0.0 0.0 36.7156676 -4.4911753 0.00 265.52 1.04 36.7156680 -4.4911705 0.00 269.06 0.88 0.000 38.457 14:49:06.20
75 1 -24.9 -22.2 3.198 -3.567 0.0 0.0 0.0 36.7156676 -4.4911753 0.00 265.52 1.04 36.7156680 -4.4911705 0.00 269.06 0.88 0.000 38.457 14:49:06.31
75 1 -24.9 -22.2 4.059 -2.091 0.0 0.0 0.0 36.7156675 -4.4911764 0.00 265.62 0.96 36.7156680 -4.4911705 0.00 269.06 0.88 0.000 38.457 14:49:06.40
75 1 -24.9 -22.2 2.460 -3.567 0.0 0.0 0.0 36.7156675 -4.4911764 0.00 265.62 0.96 36.7156680 -4.4911705 0.00 269.06 0.88 0.000 38.457 14:49:06.51
75 1 -24.9 -22.2 7.134 -0.123 0.0 0.0 0.0 36.7156675 -4.4911775 0.00 265.70 0.97 36.7156678 -4.4911739 0.00 264.46 0.86 0.000 38.457 14:49:06.60
75 1 -24.9 -22.2 4.674 -3.075 0.0 0.0 0.0 36.7156675 -4.4911775 0.00 265.70 0.97 36.7156678 -4.4911739 0.00 264.46 0.86 0.000 38.457 14:49:06.71
75 5 -24.9 -22.2 6.273 -1.599 0.0 0.0 0.0 36.7156674 -4.4911786 0.00 265.96 0.96 36.7156678 -4.4911739 0.00 264.46 0.86 0.000 38.457 14:49:06.81
75 5 -24.9 -22.2 4.428 1.107 0.0 0.0 0.0 36.7156674 -4.4911786 0.00 265.96 0.96 36.7156678 -4.4911739 0.00 264.46 0.86 0.000 38.457 14:49:06.90
75 5 -24.9 -22.2 5.166 -0.369 0.0 0.0 0.0 36.7156674 -4.4911798 0.00 266.25 1.00 36.7156678 -4.4911739 0.00 264.46 0.86 0.000 38.457 14:49:07.01
75 5 -24.9 -22.2 8.487 2.337 0.0 0.0 0.0 36.7156674 -4.4911798 0.00 266.25 1.00 36.7156678 -4.4911739 0.00 264.46 0.86 0.000 38.457 14:49:07.10
75 5 -24.9 -22.2 6.273 2.091 0.0 0.0 0.0 36.7156674 -4.4911809 0.00 266.72 0.98 36.7156676 -4.4911773 0.00 267.51 1.00 0.000 38.457 14:49:07.21
75 5 -24.9 -22.2 13.284 1.353 0.0 0.0 0.0 36.7156674 -4.4911809 0.00 266.72 0.98 36.7156676 -4.4911773 0.00 267.51 1.00 0.000 38.457 14:49:07.31
75 3 -24.9 -22.2 7.503 2.460 0.0 0.0 0.0 36.7156674 -4.4911821 0.00 267.36 1.01 36.7156676 -4.4911773 0.00 267.51 1.00 0.000 38.457 14:49:07.40
75 3 -24.9 -22.2 6.273 -0.492 0.0 0.0 0.0 36.7156674 -4.4911821 0.00 267.36 1.01 36.7156676 -4.4911773 0.00 267.51 1.00 0.000 38.457 14:49:07.51
75 3 -24.9 -22.2 8.241 1.968 0.0 0.0 0.0 36.7156674 -4.4911833 0.00 268.05 1.00 36.7156676 -4.4911773 0.00 267.51 1.00 0.000 38.457 14:49:07.60
75 3 -24.9 -22.2 5.904 -1.353 0.0 0.0 0.0 36.7156674 -4.4911833 0.00 268.05 1.00 36.7156676 -4.4911773 0.00 267.51 1.00 0.000 38.457 14:49:07.71
75 3 -24.9 -22.2 8.241 2.337 0.0 0.0 0.0 36.7156674 -4.4911845 0.00 268.62 0.92 36.7156675 -4.4911808 0.00 269.74 0.95 0.000 38.457 14:49:07.81
75 3 -24.9 -22.2 4.551 1.353 0.0 0.0 0.0 36.7156674 -4.4911845 0.00 268.62 0.92 36.7156675 -4.4911808 0.00 269.74 0.95 0.000 38.457 14:49:07.92
75 2 -24.9 -22.2 6.519 0.369 0.0 0.0 0.0 36.7156674 -4.4911856 0.00 269.16 0.98 36.7156675 -4.4911808 0.00 269.74 0.95 0.000 38.457 14:49:08.01
75 2 -23.0 -23.4 7.503 2.460 0.0 0.0 0.0 36.7156674 -4.4911856 0.00 269.16 0.98 36.7156675 -4.4911808 0.00 269.74 0.95 0.000 38.672 14:49:08.10
75 2 -23.0 -23.4 4.551 -0.738 0.0 0.0 0.0 36.7156675 -4.4911867 0.00 269.73 1.00 36.7156675 -4.4911808 0.00 269.74 0.95 0.000 38.672 14:49:08.21
75 2 -23.0 -23.4 6.273 1.353 0.0 0.0 0.0 36.7156675 -4.4911867 0.00 269.73 1.00 36.7156675 -4.4911808 0.00 269.74 0.95 0.000 38.672 14:49:08.31
75 2 -23.0 -23.4 2.952 0.123 0.0 0.0 0.0 36.7156674 -4.4911878 0.00 270.26 0.96 36.7156674 -4.4911842 0.00 271.86 1.01 0.000 38.672 14:49:08.42
75 2 -23.0 -23.4 2.214 -3.321 0.0 0.0 0.0 36.7156674 -4.4911878 0.00 270.26 0.96 36.7156674 -4.4911842 0.00 271.86 1.01 0.000 38.672 14:49:08.51
75 0 -23.0 -23.4 6.396 -0.369 0.0 0.0 0.0 36.7156675 -4.4911888 0.00 270.75 0.90 36.7156674 -4.4911842 0.00 271.86 1.01 0.000 38.672 14:49:08.62
75 0 -23.0 -23.4 3.690 -4.428 0.0 0.0 0.0 36.7156675 -4.4911888 0.00 270.75 0.90 36.7156674 -4.4911842 0.00 271.86 1.01 0.000 38.672 14:49:08.71
75 0 -23.0 -23.4 6.396 0.861 0.0 0.0 0.0 36.7156675 -4.4911900 0.00 271.21 1.00 36.7156674 -4.4911842 0.00 271.86 1.01 0.000 38.672 14:49:08.81
75 0 -23.0 -23.4 1.599 -2.952 0.0 0.0 0.0 36.7156675 -4.4911900 0.00 271.21 1.00 36.7156674 -4.4911842 0.00 271.86 1.01 0.000 38.672 14:49:08.92
75 0 -23.0 -23.4 2.214 -2.091 0.0 0.0 0.0 36.7156675 -4.4911911 0.00 271.56 0.94 36.7156674 -4.4911875 0.00 268.55 1.00 0.000 38.672 14:49:09.01
75 0 -23.0 -23.4 1.722 -2.337 0.0 0.0 0.0 36.7156675 -4.4911911 0.00 271.56 0.94 36.7156674 -4.4911875 0.00 268.55 1.00 0.000 38.672 14:49:09.12
75 3 -23.0 -23.4 -0.861 -5.904 0.0 0.0 0.0 36.7156675 -4.4911922 0.00 271.87 0.98 36.7156674 -4.4911875 0.00 268.55 1.00 0.000 38.672 14:49:09.21
75 3 -23.0 -23.4 5.166 -1.353 0.0 0.0 0.0 36.7156675 -4.4911922 0.00 271.87 0.98 36.7156674 -4.4911875 0.00 268.55 1.00 0.000 38.672 14:49:09.32
75 3 -23.0 -23.4 1.230 -4.059 0.0 0.0 0.0 36.7156676 -4.4911934 0.00 272.07 0.99 36.7156674 -4.4911875 0.00 268.55 1.00 0.000 38.672 14:49:09.42
75 3 -23.0 -23.4 6.519 1.107 0.0 0.0 0.0 36.7156676 -4.4911934 0.00 272.07 0.99 36.7156674 -4.4911875 0.00 268.55 1.00 0.000 38.672 14:49:09.51
75 3 -23.0 -23.4 2.337 -0.861 0.0 0.0 0.0 36.7156676 -4.4911945 0.00 272.46 1.01 36.7156674 -4.4911909 0.00 274.04 1.06 0.000 38.672 14:49:09.62
75 3 -23.0 -23.4 6.150 0.246 0.0 0.0 0.0 36.7156676 -4.4911945 0.00 272.46 1.01 36.7156674 -4.4911909 0.00 274.04 1.06 0.000 38.672 14:49:09.71
75 -1 -23.0 -23.4 6.519 0.738 0.0 0.0 0.0 36.7156677 -4.4911956 0.00 272.87 1.04 36.7156674 -4.4911909 0.00 274.04 1.06 0.000 38.672 14:49:09.82
75 -1 -23.0 -23.4 1.476 -2.706 0.0 0.0 0.0 36.7156677 -4.4911956 0.00 272.87 1.04 36.7156674 -4.4911909 0.00 274.04 1.06 0.000 38.672 14:49:09.92
75 -1 -23.0 -23.4 7.380 -0.615 0.0 0.0 0.0 36.7156678 -4.4911968 0.00 273.36 1.06 36.7156674 -4.4911909 0.00 274.04 1.06 0.000 38.672 14:49:10.03
75 -1 -23.0 -23.4 1.845 -1.107 0.0 0.0 0.0 36.7156678 -4.4911968 0.00 273.36 1.06 36.7156674 -4.4911909 0.00 274.04 1.06 0.000 38.672 14:49:10.12
75 -1 -23.0 -23.4 2.829 -2.829 0.0 0.0 0.0 36.7156679 -4.4911979 0.00 273.26 0.89 36.7156676 -4.4911942 0.00 274.44 0.95 0.000 38.672 14:49:10.21
75 -1 -23.0 -23.4 3.813 -1.722 0.0 0.0 0.0 36.7156679 -4.4911979 0.00 273.26 0.89 36.7156676 -4.4911942 0.00 274.44 0.95 0.000 38.672 14:49:10.32
75 -1 -23.0 -23.4 1.230 -4.182 0.0 0.0 0.0 36.7156679 -4.4911990 0.00 272.98 0.95 36.7156676 -4.4911942 0.00 274.44 0.95 0.000 38.672 14:49:10.42
75 -1 -23.0 -23.4 6.765 -1.845 0.0 0.0 0.0 36.7156679 -4.4911990 0.00 272.98 0.95 36.7156676 -4.4911942 0.00 274.44 0.95 0.000 38.672 14:49:10.53
75 -5 -23.0 -23.4 0.123 -4.797 0.0 0.0 0.0 36.7156679 -4.4912001 0.00 272.87 0.94 36.7156676 -4.4911942 0.00 274.44 0.95 0.000 38.672 14:49:10.62
75 -5 -23.0 -23.4 0.984 -3.075 0.0 0.0 0.0 36.7156679 -4.4912001 0.00 272.87 0.94 36.7156676 -4.4911942 0.00 274.44 0.95 0.000 38.672 14:49:10.71
75 -5 -23.0 -23.4 0.246 -4.674 0.0 0.0 0.0 36.7156680 -4.4912012 0.00 272.71 1.03 36.7156677 -4.4911976 0.00 268.31 1.02 0.000 38.672 14:49:10.82
75 -5 -23.0 -23.4 -0.492 -4.920 0.0 0.0 0.0 36.7156680 -4.4912012 0.00 272.71 1.03 36.7156677 -4.4911976 0.00 268.31 1.02 0.000 38.672 14:49:10.92
75 1 -23.0 -23.4 -0.738 -5.781 0.0 0.0 0.0 36.7156681 -4.4912023 0.00 272.50 1.01 36.7156677 -4.4911976 0.00 268.31 1.02 0.000 38.672 14:49:11.03
75 1 -23.0 -23.4 0.246 -5.166 0.0 0.0 0.0 36.7156681 -4.4912023 0.00 272.50 1.01 36.7156677 -4.4911976 0.00 268.31 1.02 0.000 38.672 14:49:11.12
75 1 -23.0 -23.4 3.444 -2.829 0.0 0.0 0.0 36.7156681 -4.4912035 0.00 271.90 1.04 36.7156677 -4.4911976 0.00 268.31 1.02 0.000 38.672 14:49:11.23
75 1 -23.0 -23.4 -0.246 -1.845 0.0 0.0 0.0 36.7156681 -4.4912035 0.00 271.90 1.04 36.7156677 -4.4911976 0.00 268.31 1.02 0.000 38.672 14:49:11.32
75 1 -23.0 -23.4 1.968 -3.690 0.0 0.0 0.0 36.7156681 -4.4912047 0.00 271.82 1.05 36.7156679 -4.4912010 0.00 276.46 1.13 0.000 38.672 14:49:11.43
75 1 -23.0 -23.4 4.059 -1.845 0.0 0.0 0.0 36.7156681 -4.4912047 0.00 271.82 1.05 36.7156679 -4.4912010 0.00 276.46 1.13 0.000 38.672 14:49:11.53
75 -7 -23.0 -23.4 2.337 -0.492 0.0 0.0 0.0 36.7156681 -4.4912059 0.00 271.85 0.98 36.7156679 -4.4912010 0.00 276.46 1.13 0.000 38.672 14:49:11.62
75 -7 -23.0 -23.4 0.000 -5.043 0.0 0.0 0.0 36.7156681 -4.4912059 0.00 271.85 0.98 36.7156679 -4.4912010 0.00 276.46 1.13 0.000 38.672 14:49:11.73
75 -7 -23.0 -23.4 -0.492 -4.428 0.0 0.0 0.0 36.7156681 -4.4912069 0.00 271.99 1.03 36.7156679 -4.4912010 0.00 276.46 1.13 0.000 38.672 14:49:11.82
75 -7 -23.0 -23.4 -2.091 -7.257 0.0 0.0 0.0 36.7156681 -4.4912069 0.00 271.99 1.03 36.7156679 -4.4912010 0.00 276.46 1.13 0.000 38.672 14:49:11.93
75 -7 -23.0 -23.4 -0.861 -5.658 0.0 0.0 0.0 36.7156681 -4.4912080 0.00 271.86 0.96 36.7156681 -4.4912043 0.00 272.46 0.87 0.000 38.672 14:49:12.03
75 -7 -23.0 -23.4 -1.230 -6.519 0.0 0.0 0.0 36.7156681 -4.4912080 0.00 271.86 0.96 36.7156681 -4.4912043 0.00 272.46 0.87 0.000 38.672 14:49:12.14
75 -4 -23.0 -23.4 -3.075 -7.257 0.0 0.0 0.0 36.7156680 -4.4912091 0.00 271.06 0.97 36.7156681 -4.4912043 0.00 272.46 0.87 0.000 38.672 14:49:12.23
75 -4 -23.0 -23.4 -1.968 -8.610 0.0 0.0 0.0 36.7156680 -4.4912091 0.00 271.06 0.97 36.7156681 -4.4912043 0.00 272.46 0.87 0.000 38.672 14:49:12.32
75 -4 -23.0 -23.4 -4.428 -9.594 0.0 0.0 0.0 36.7156680 -4.4912102 0.00 270.38 0.95 36.7156681 -4.4912043 0.00 272.46 0.87 0.000 38.672 14:49:12.43
75 -4 -23.0 -23.4 -0.369 -7.134 0.0 0.0 0.0 36.7156680 -4.4912102 0.00 270.38 0.95 36.7156681 -4.4912043 0.00 272.46 0.87 0.000 38.672 14:49:12.53
75 -4 -23.0 -23.4 -3.444 -8.118 0.0 0.0 0.0 36.7156679 -4.4912114 0.00 269.80 0.98 36.7156680 -4.4912076 0.00 273.24 0.81 0.000 38.672 14:49:12.64
75 -4 -23.0 -23.4 0.123 -6.027 0.0 0.0 0.0 36.7156679 -4.4912114 0.00 269.80 0.98 36.7156680 -4.4912076 0.00 273.24 0.81 0.000 38.672 14:49:12.73
75 -4 -23.0 -23.4 -4.551 -9.594 0.0 0.0 0.0 36.7156679 -4.4912125 0.00 269.45 1.01 36.7156680 -4.4912076 0.00 273.24 0.81 0.000 38.672 14:49:12.84
75 -4 -23.0 -23.4 -3.690 -8.118 0.0 0.0 0.0 36.7156679 -4.4912125 0.00 269.45 1.01 36.7156680 -4.4912076 0.00 273.24 0.81 0.000 38.672 14:49:12.93
75 -4 -23.0 -23.4 -0.615 -6.642 0.0 0.0 0.0 36.7156679 -4.4912136 0.00 269.03 0.97 36.7156680 -4.4912076 0.00 273.24 0.81 0.000 38.672 14:49:13.03
75 -4 -24.1 -23.0 -2.829 -7.257 0.0 0.0 0.0 36.7156679 -4.4912136 0.00 269.03 0.97 36.7156680 -4.4912076 0.00 273.24 0.81 0.000 38.457 14:49:13.14
75 -4 -24.1 -23.0 0.000 -4.428 0.0 0.0 0.0 36.7156679 -4.4912147 0.00 268.60 0.95 36.7156680 -4.4912110 0.00 274.12 0.79 0.000 38.457 14:49:13.23
75 -4 -24.1 -23.0 -3.936 -8.979 0.0 0.0 0.0 36.7156679 -4.4912147 0.00 268.60 0.95 36.7156680 -4.4912110 0.00 274.12 0.79 0.000 38.457 14:49:13.34
75 -5 -24.1 -23.0 -0.369 -6.642 0.0 0.0 0.0 36.7156678 -4.4912159 0.00 268.08 0.92 36.7156680 -4.4912110 0.00 274.12 0.79 0.000 38.457 14:49:13.43
75 -5 -24.1 -23.0 -1.599 -8.118 0.0 0.0 0.0 36.7156678 -4.4912159 0.00 268.08 0.92 36.7156680 -4.4912110 0.00 274.12 0.79 0.000 38.457 14:49:13.53
75 -5 -24.1 -23.0 -1.599 -6.396 0.0 0.0 0.0 36.7156677 -4.4912170 0.00 267.82 1.04 36.7156680 -4.4912110 0.00 274.12 0.79 0.000 38.457 14:49:13.64
75 -5 -24.1 -23.0 -0.492 -6.396 0.0 0.0 0.0 36.7156677 -4.4912170 0.00 267.82 1.04 36.7156680 -4.4912110 0.00 274.12 0.79 0.000 38.457 14:49:13.73
75 -5 -24.1 -23.0 -2.337 -9.471 0.0 0.0 0.0 36.7156677 -4.4912181 0.00 267.30 1.00 36.7156678 -4.4912144 0.00 265.62 0.88 0.000 38.457 14:49:13.84
75 -5 -24.1 -23.0 0.738 -6.027 0.0 0.0 0.0 36.7156677 -4.4912181 0.00 267.30 1.00 36.7156678 -4.4912144 0.00 265.62 0.88 0.000 38.457 14:49:13.93
75 3 -24.1 -23.0 -4.182 -9.225 0.0 0.0 0.0 36.7156676 -4.4912193 0.00 266.83 1.02 36.7156678 -4.4912144 0.00 265.62 0.88 0.000 38.457 14:49:14.04
75 3 -24.1 -23.0 1.599 -5.781 0.0 0.0 0.0 36.7156676 -4.4912193 0.00 266.83 1.02 36.7156678 -4.4912144 0.00 265.62 0.88 0.000 38.457 14:49:14.14
75 3 -24.1 -23.0 0.123 -3.567 0.0 0.0 0.0 36.7156675 -4.4912204 0.00 266.28 0.97 36.7156678 -4.4912144 0.00 265.62 0.88 0.000 38.457 14:49:14.23
75 3 -24.1 -23.0 0.000 -6.273 0.0 0.0 0.0 36.7156675 -4.4912204 0.00 266.28 0.97 36.7156678 -4.4912144 0.00 265.62 0.88 0.000 38.457 14:49:14.34
75 3 -24.1 -23.0 4.551 -0.123 0.0 0.0 0.0 36.7156675 -4.4912215 0.00 266.20 0.94 36.7156677 -4.4912178 0.00 267.46 0.86 0.000 38.457 14:49:14.43
75 3 -24.1 -23.0 0.123 -2.214 0.0 0.0 0.0 36.7156675 -4.4912215 0.00 266.20 0.94 36.7156677 -4.4912178 0.00 267.46 0.86 0.000 38.457 14:49:14.54
75 1 -24.1 -23.0 5.412 -0.123 0.0 0.0 0.0 36.7156674 -4.4912225 0.00 266.47 0.96 36.7156677 -4.4912178 0.00 267.46 0.86 0.000 38.457 14:49:14.64
75 1 -24.1 -23.0 1.968 -2.952 0.0 0.0 0.0 36.7156674 -4.4912225 0.00 266.47 0.96 36.7156677 -4.4912178 0.00 267.46 0.86 0.000 38.457 14:49:14.75
75 1 -24.1 -23.0 3.444 -1.107 0.0 0.0 0.0 36.7156674 -4.4912237 0.00 266.60 1.07 36.7156677 -4.4912178 0.00 267.46 0.86 0.000 38.457 14:49:14.84
75 1 -24.1 -23.0 2.829 -1.845 0.0 0.0 0.0 36.7156674 -4.4912237 0.00 266.60 1.07 36.7156677 -4.4912178 0.00 267.46 0.86 0.000 38.457 14:49:14.95
75 1 -24.1 -23.0 3.198 -2.460 0.0 0.0 0.0 36.7156673 -4.4912249 0.00 266.92 1.10 36.7156676 -4.4912210 0.00 268.95 0.96 0.000 38.457 14:49:15.04
75 1 -24.1 -23.0 5.289 -1.107 0.0 0.0 0.0 36.7156673 -4.4912249 0.00 266.92 1.10 36.7156676 -4.4912210 0.00 268.95 0.96 0.000 38.457 14:49:15.14
75 0 -24.1 -23.0 1.230 -1.722 0.0 0.0 0.0 36.7156673 -4.4912260 0.00 267.25 1.06 36.7156676 -4.4912210 0.00 268.95 0.96 0.000 38.457 14:49:15.25
75 0 -24.1 -23.0 4.305 -2.214 0.0 0.0 0.0 36.7156673 -4.4912260 0.00 267.25 1.06 36.7156676 -4.4912210 0.00 268.95 0.96 0.000 38.457 14:49:15.34
75 0 -24.1 -23.0 3.198 -1.476 0.0 0.0 0.0 36.7156673 -4.4912272 0.00 267.50 1.06 36.7156676 -4.4912210 0.00 268.95 0.96 0.000 38.457 14:49:15.45
75 0 -24.1 -23.0 2.583 -1.476 0.0 0.0 0.0 36.7156673 -4.4912272 0.00 267.50 1.06 36.7156676 -4.4912210 0.00 268.95 0.96 0.000 38.457 14:49:15.54
75 0 -24.1 -23.0 5.781 1.230 0.0 0.0 0.0 36.7156673 -4.4912283 0.00 267.77 0.93 36.7156675 -4.4912245 0.00 269.99 1.06 0.000 38.457 14:49:15.65
75 0 -24.1 -23.0 0.984 0.615 0.0 0.0 0.0 36.7156673 -4.4912283 0.00 267.77 0.93 36.7156675 -4.4912245 0.00 269.99 1.06 0.000 38.457 14:49:15.75
75 -1 -24.1 -23.0 2.829 -2.337 0.0 0.0 0.0 36.7156672 -4.4912294 0.00 267.93 0.95 36.7156675 -4.4912245 0.00 269.99 1.06 0.000 38.457 14:49:15.84
75 -1 -24.1 -23.0 2.337 -1.476 0.0 0.0 0.0 36.7156672 -4.4912294 0.00 267.93 0.95 36.7156675 -4.4912245 0.00 269.99 1.06 0.000 38.457 14:49:15.95
75 -1 -24.1 -23.0 5.166 -1.845 0.0 0.0 0.0 36.7156672 -4.4912305 0.00 267.93 1.03 36.7156675 -4.4912245 0.00 269.99 1.06 0.000 38.457 14:49:16.04
75 -1 -24.1 -23.0 4.059 -3.198 0.0 0.0 0.0 36.7156672 -4.4912305 0.00 267.93 1.03 36.7156675 -4.4912245 0.00 269.99 1.06 0.000 38.457 14:49:16.15
75 -1 -24.1 -23.0 -0.492 -3.321 0.0 0.0 0.0 36.7156672 -4.4912316 0.00 267.90 1.00 36.7156675 -4.4912278 0.00 269.99 0.96 0.000 38.457 14:49:16.25
75 -1 -24.1 -23.0 2.091 -4.551 0.0 0.0 0.0 36.7156672 -4.4912316 0.00 267.90 1.00 36.7156675 -4.4912278 0.00 269.99 0.96 0.000 38.457 14:49:16.35
75 -1 -24.1 -23.0 0.615 -4.182 0.0 0.0 0.0 36.7156672 -4.4912327 0.00 267.95 0.99 36.7156675 -4.4912278 0.00 269.99 0.96 0.000 38.457 14:49:16.45
75 -1 -24.1 -23.0 1.845 -5.904 0.0 0.0 0.0 36.7156672 -4.4912327 0.00 267.95 0.99 36.7156675 -4.4912278 0.00 269.99 0.96 0.000 38.457 14:49:16.54
75 -1 -24.1 -23.0 1.968 -3.567 0.0 0.0 0.0 36.7156672 -4.4912338 0.00 267.84 1.00 36.7156675 -4.4912278 0.00 269.99 0.96 0.000 38.457 14:49:16.65
75 -1 -24.1 -23.0 0.984 -3.567 0.0 0.0 0.0 36.7156672 -4.4912338 0.00 267.84 1.00 36.7156675 -4.4912278 0.00 269.99 0.96 0.000 38.457 14:49:16.75
75 -1 -24.1 -23.0 1.107 -4.551 0.0 0.0 0.0 36.7156671 -4.4912349 0.00 267.72 0.98 36.7156673 -4.4912313 0.00 270.40 0.89 0.000 38.457 14:49:16.85
75 -1 -24.1 -23.0 -0.861 -5.043 0.0 0.0 0.0 36.7156671 -4.4912349 0.00 267.72 0.98 36.7156673 -4.4912313 0.00 270.40 0.89 0.000 38.457 14:49:16.95
75 -1 -24.1 -23.0 -0.984 -5.904 0.0 0.0 0.0 36.7156671 -4.4912360 0.00 267.61 0.98 36.7156673 -4.4912313 0.00 270.40 0.89 0.000 38.457 14:49:17.04
75 -1 -24.1 -23.0 1.353 -4.428 0.0 0.0 0.0 36.7156671 -4.4912360 0.00 267.61 0.98 36.7156673 -4.4912313 0.00 270.40 0.89 0.000 38.457 14:49:17.15
75 -1 -24.1 -23.0 -1.353 -4.920 0.0 0.0 0.0 36.7156670 -4.4912371 0.00 267.48 1.00 36.7156673 -4.4912313 0.00 270.40 0.89 0.000 38.457 14:49:17.25
75 -1 -24.1 -23.0 -1.230 -8.118 0.0 0.0 0.0 36.7156670 -4.4912371 0.00 267.48 1.00 36.7156673 -4.4912313 0.00 270.40 0.89 0.000 38.457 14:49:17.35
75 -1 -24.1 -23.0 1.107 -5.043 0.0 0.0 0.0 36.7156670 -4.4912382 0.00 267.39 1.00 36.7156672 -4.4912346 0.00 265.95 1.06 0.000 38.457 14:49:17.45
75 3 -24.1 -23.0 -1.599 -7.011 0.0 0.0 0.0 36.7156670 -4.4912382 0.00 267.39 1.00 36.7156672 -4.4912346 0.00 265.95 1.06 0.000 38.457 14:49:17.54
75 3 -24.1 -23.0 1.845 -2.829 0.0 0.0 0.0 36.7156669 -4.4912394 0.00 267.22 0.99 36.7156672 -4.4912346 0.00 265.95 1.06 0.000 38.457 14:49:17.65
75 3 -24.1 -23.0 1.230 -4.797 0.0 0.0 0.0 36.7156669 -4.4912394 0.00 267.22 0.99 36.7156672 -4.4912346 0.00 265.95 1.06 0.000 38.457 14:49:17.75
75 3 -24.1 -23.0 1.476 -3.567 0.0 0.0 0.0 36.7156668 -4.4912405 0.00 267.05 1.05 36.7156672 -4.4912346 0.00 265.95 1.06 0.000 38.457 14:49:17.85
75 3 -24.1 -23.0 1.230 -1.353 0.0 0.0 0.0 36.7156668 -4.4912405 0.00 267.05 1.05 36.7156672 -4.4912346 0.00 265.95 1.06 0.000 38.457 14:49:17.95
75 3 -22.6 -23.4 4.674 -2.214 0.0 0.0 0.0 36.7156668 -4.4912416 0.00 267.20 0.99 36.7156670 -4.4912379 0.00 266.83 1.09 0.000 38.672 14:49:18.04
75 3 -22.6 -23.4 4.428 -1.107 0.0 0.0 0.0 36.7156668 -4.4912416 0.00 267.20 0.99 36.7156670 -4.4912379 0.00 266.83 1.09 0.000 38.672 14:49:18.15
75 3 -22.6 -23.4 4.674 -0.861 0.0 0.0 0.0 36.7156668 -4.4912428 0.00 267.48 1.08 36.7156670 -4.4912379 0.00 266.83 1.09 0.000 38.672 14:49:18.25
75 3 -22.6 -23.4 7.134 0.615 0.0 0.0 0.0 36.7156668 -4.4912428 0.00 267.48 1.08 36.7156670 -4.4912379 0.00 266.83 1.09 0.000 38.672 14:49:18.35
75 3 -22.6 -23.4 5.904 2.460 0.0 0.0 0.0 36.7156668 -4.4912439 0.00 267.94 1.04 36.7156670 -4.4912379 0.00 266.83 1.09 0.000 38.672 14:49:18.45
75 3 -22.6 -23.4 8.241 2.214 0.0 0.0 0.0 36.7156668 -4.4912439 0.00 267.94 1.04 36.7156670 -4.4912379 0.00 266.83 1.09 0.000 38.672 14:49:18.54
75 3 -22.6 -23.4 7.626 2.214 0.0 0.0 0.0 36.7156668 -4.4912451 0.00 268.41 1.04 36.7156668 -4.4912413 0.00 269.12 0.98 0.000 38.672 14:49:18.65
75 1 -22.6 -23.4 7.626 0.246 0.0 0.0 0.0 36.7156668 -4.4912451 0.00 268.41 1.04 36.7156668 -4.4912413 0.00 269.12 0.98 0.000 38.672 14:49:18.75
75 1 -22.6 -23.4 4.674 1.476 0.0 0.0 0.0 36.7156668 -4.4912462 0.00 268.83 1.01 36.7156668 -4.4912413 0.00 269.12 0.98 0.000 38.672 14:49:18.85
75 1 -22.6 -23.4 6.519 -1.722 0.0 0.0 0.0 36.7156668 -4.4912462 0.00 268.83 1.01 36.7156668 -4.4912413 0.00 269.12 0.98 0.000 38.672 14:49:18.95
75 1 -22.6 -23.4 6.519 2.091 0.0 0.0 0.0 36.7156668 -4.4912473 0.00 269.34 0.94 36.7156668 -4.4912413 0.00 269.12 0.98 0.000 38.672 14:49:19.04
75 1 -22.6 -23.4 4.797 -1.845 0.0 0.0 0.0 36.7156668 -4.4912473 0.00 269.34 0.94 36.7156668 -4.4912413 0.00 269.12 0.98 0.000 38.672 14:49:19.15
75 1 -22.6 -23.4 3.444 -1.353 0.0 0.0 0.0 36.7156669 -4.4912484 0.00 269.84 0.92 36.7156669 -4.4912445 0.00 279.27 0.87 0.000 38.672 14:49:19.25
75 -8 -22.6 -23.4 3.075 0.123 0.0 0.0 0.0 36.7156669 -4.4912484 0.00 269.84 0.92 36.7156669 -4.4912445 0.00 279.27 0.87 0.000 38.672 14:49:19.35
75 -8 -22.6 -23.4 -0.492 -6.273 0.0 0.0 0.0 36.7156668 -4.4912495 0.00 270.26 0.96 36.7156669 -4.4912445 0.00 279.27 0.87 0.000 38.672 14:49:19.45
75 -8 -22.6 -23.4 3.075 -0.738 0.0 0.0 0.0 36.7156668 -4.4912495 0.00 270.26 0.96 36.7156669 -4.4912445 0.00 279.27 0.87 0.000 38.672 14:49:19.54
75 -8 -22.6 -23.4 -0.369 -6.273 0.0 0.0 0.0 36.7156669 -4.4912506 0.00 270.69 1.06 36.7156669 -4.4912445 0.00 279.27 0.87 0.000 38.672 14:49:19.65
75 -8 -22.6 -23.4 -1.230 -5.289 0.0 0.0 0.0 36.7156669 -4.4912506 0.00 270.69 1.06 36.7156669 -4.4912445 0.00 279.27 0.87 0.000 38.672 14:49:19.75
75 -8 -22.6 -23.4 -1.476 -7.872 0.0 0.0 0.0 36.7156669 -4.4912518 0.00 270.57 1.02 36.7156669 -4.4912480 0.00 280.26 1.04 0.000 38.672 14:49:19.85
75 -8 -22.6 -23.4 -3.567 -9.963 0.0 0.0 0.0 36.7156669 -4.4912518 0.00 270.57 1.02 36.7156669 -4.4912480 0.00 280.26 1.04 0.000 38.672 14:49:19.95
75 -8 -22.6 -23.4 -0.123 -6.519 0.0 0.0 0.0 36.7156668 -4.4912529 0.00 270.08 1.04 36.7156669 -4.4912480 0.00 280.26 1.04 0.000 38.672 14:49:20.04
75 -9 -22.6 -23.4 -4.797 -10.701 0.0 0.0 0.0 36.7156668 -4.4912529 0.00 270.08 1.04 36.7156669 -4.4912480 0.00 280.26 1.04 0.000 38.672 14:49:20.15
75 -9 -22.6 -23.4 0.123 -7.995 0.0 0.0 0.0 36.7156667 -4.4912540 0.00 269.32 0.96 36.7156669 -4.4912480 0.00 280.26 1.04 0.000 38.672 14:49:20.25
75 -9 -22.6 -23.4 -3.936 -12.177 0.0 0.0 0.0 36.7156667 -4.4912540 0.00 269.32 0.96 36.7156669 -4.4912480 0.00 280.26 1.04 0.000 38.672 14:49:20.35
75 -9 -22.6 -23.4 -3.321 -9.471 0.0 0.0 0.0 36.7156666 -4.4912551 0.00 268.56 1.01 36.7156669 -4.4912512 0.00 264.28 0.80 0.000 38.672 14:49:20.45
75 5 -22.6 -23.4 -3.075 -11.193 0.0 0.0 0.0 36.7156666 -4.4912551 0.00 268.56 1.01 36.7156669 -4.4912512 0.00 264.28 0.80 0.000 38.672 14:49:20.54
75 5 -22.6 -23.4 1.353 -7.503 0.0 0.0 0.0 36.7156665 -4.4912562 0.00 267.79 1.06 36.7156669 -4.4912512 0.00 264.28 0.80 0.000 38.672 14:49:20.65
75 5 -22.6 -23.4 3.321 -4.920 0.0 0.0 0.0 36.7156665 -4.4912562 0.00 267.79 1.06 36.7156669 -4.4912512 0.00 264.28 0.80 0.000 38.672 14:49:20.75
75 5 -22.6 -23.4 -0.738 -5.412 0.0 0.0 0.0 36.7156665 -4.4912574 0.00 266.94 1.05 36.7156669 -4.4912512 0.00 264.28 0.80 0.000 38.672 14:49:20.85
75 5 -22.6 -23.4 5.289 -3.075 0.0 0.0 0.0 36.7156665 -4.4912574 0.00 266.94 1.05 36.7156669 -4.4912512 0.00 264.28 0.80 0.000 38.672 14:49:20.95
75 5 -22.6 -23.4 2.091 -0.615 0.0 0.0 0.0 36.7156664 -4.4912585 0.00 266.86 0.91 36.7156667 -4.4912548 0.00 278.74 1.14 0.000 38.672 14:49:21.04
75 -7 -22.6 -23.4 5.166 -4.674 0.0 0.0 0.0 36.7156664 -4.4912585 0.00 266.86 0.91 36.7156667 -4.4912548 0.00 278.74 1.14 0.000 38.672 14:49:21.15
75 -7 -22.6 -23.4 0.861 -5.781 0.0 0.0 0.0 36.7156664 -4.4912596 0.00 267.27 0.99 36.7156667 -4.4912548 0.00 278.74 1.14 0.000 38.672 14:49:21.25
75 -7 -22.6 -23.4 0.738 -2.952 0.0 0.0 0.0 36.7156664 -4.4912596 0.00 267.27 0.99 36.7156667 -4.4912548 0.00 278.74 1.14 0.000 38.672 14:49:21.35
75 -7 -22.6 -23.4 4.797 -2.091 0.0 0.0 0.0 36.7156664 -4.4912608 0.00 267.75 1.05 36.7156667 -4.4912548 0.00 278.74 1.14 0.000 38.672 14:49:21.45
75 -7 -22.6 -23.4 -2.829 -5.412 0.0 0.0 0.0 36.7156664 -4.4912608 0.00 267.75 1.05 36.7156667 -4.4912548 0.00 278.74 1.14 0.000 38.672 14:49:21.54
75 -7 -22.6 -23.4 -1.968 -7.503 0.0 0.0 0.0 36.7156663 -4.4912619 0.00 267.56 0.99 36.7156666 -4.4912581 0.00 262.08 0.96 0.000 38.672 14:49:21.65
75 8 -22.6 -23.4 -2.460 -7.872 0.0 0.0 0.0 36.7156663 -4.4912619 0.00 267.56 0.99 36.7156666 -4.4912581 0.00 262.08 0.96 0.000 38.672 14:49:21.75
75 8 -22.6 -23.4 5.535 -2.583 0.0 0.0 0.0 36.7156662 -4.4912630 0.00 266.91 1.02 36.7156666 -4.4912581 0.00 262.08 0.96 0.000 38.672 14:49:21.85
75 8 -22.6 -23.4 5.043 -3.321 0.0 0.0 0.0 36.7156662 -4.4912630 0.00 266.91 1.02 36.7156666 -4.4912581 0.00 262.08 0.96 0.000 38.672 14:49:21.95
75 8 -22.6 -23.4 0.492 0.246 0.0 0.0 0.0 36.7156662 -4.4912641 0.00 266.29 1.04 36.7156666 -4.4912581 0.00 262.08 0.96 0.000 38.672 14:49:22.04
75 8 -22.6 -23.4 5.289 -2.706 0.0 0.0 0.0 36.7156662 -4.4912641 0.00 266.29 1.04 36.7156666 -4.4912581 0.00 262.08 0.96 0.000 38.672 14:49:22.15
75 8 -22.6 -23.4 9.225 2.337 0.0 0.0 0.0 36.7156662 -4.4912652 0.00 266.48 0.99 36.7156664 -4.4912616 0.00 266.54 0.94 0.000 38.672 14:49:22.25
75 4 -22.6 -23.4 6.273 0.492 0.0 0.0 0.0 36.7156662 -4.4912652 0.00 266.48 0.99 36.7156664 -4.4912616 0.00 266.54 0.94 0.000 38.672 14:49:22.35
75 4 -22.6 -23.4 6.396 2.337 0.0 0.0 0.0 36.7156661 -4.4912663 0.00 267.02 0.91 36.7156664 -4.4912616 0.00 266.54 0.94 0.000 38.672 14:49:22.45
75 4 -22.6 -23.4 5.043 0.615 0.0 0.0 0.0 36.7156661 -4.4912663 0.00 267.02 0.91 36.7156664 -4.4912616 0.00 266.54 0.94 0.000 38.672 14:49:22.54
75 4 -22.6 -23.4 7.995 2.706 0.0 0.0 0.0 36.7156661 -4.4912674 0.00 267.76 0.95 36.7156664 -4.4912616 0.00 266.54 0.94 0.000 38.672 14:49:22.65
75 4 -22.6 -23.4 5.166 2.460 0.0 0.0 0.0 36.7156661 -4.4912674 0.00 267.76 0.95 36.7156664 -4.4912616 0.00 266.54 0.94 0.000 38.672 14:49:22.75
75 4 -22.6 -23.4 3.813 -1.107 0.0 0.0 0.0 36.7156661 -4.4912686 0.00 268.47 1.02 36.7156663 -4.4912649 0.00 265.67 0.88 0.000 38.672 14:49:22.85
75 5 -22.6 -23.4 8.364 1.968 0.0 0.0 0.0 36.7156661 -4.4912686 0.00 268.47 1.02 36.7156663 -4.4912649 0.00 265.67 0.88 0.000 38.672 14:49:22.95
75 5 -21.8 -24.1 6.027 2.214 0.0 0.0 0.0 36.7156661 -4.4912697 0.00 268.97 0.96 36.7156663 -4.4912649 0.00 265.67 0.88 0.000 38.457 14:49:23.04
75 5 -21.8 -24.1 9.471 1.476 0.0 0.0 0.0 36.7156661 -4.4912697 0.00 268.97 0.96 36.7156663 -4.4912649 0.00 265.67 0.88 0.000 38.457 14:49:23.15
75 5 -21.8 -24.1 7.380 1.722 0.0 0.0 0.0 36.7156662 -4.4912707 0.00 269.53 1.00 36.7156663 -4.4912649 0.00 265.67 0.88 0.000 38.457 14:49:23.25
75 5 -21.8 -24.1 5.535 1.476 0.0 0.0 0.0 36.7156662 -4.4912707 0.00 269.53 1.00 36.7156663 -4.4912649 0.00 265.67 0.88 0.000 38.457 14:49:23.35
75 5 -21.8 -24.1 8.979 1.722 0.0 0.0 0.0 36.7156662 -4.4912719 0.00 270.23 1.03 36.7156661 -4.4912684 0.00 272.12 1.17 0.000 38.457 14:49:23.45
75 0 -21.8 -24.1 6.519 3.567 0.0 0.0 0.0 36.7156662 -4.4912719 0.00 270.23 1.03 36.7156661 -4.4912684 0.00 272.12 1.17 0.000 38.457 14:49:23.54
75 0 -21.8 -24.1 6.642 -2.091 0.0 0.0 0.0 36.7156662 -4.4912730 0.00 271.09 1.05 36.7156661 -4.4912684 0.00 272.12 1.17 0.000 38.457 14:49:23.65
75 0 -21.8 -24.1 8.118 2.952 0.0 0.0 0.0 36.7156662 -4.4912730 0.00 271.09 1.05 36.7156661 -4.4912684 0.00 272.12 1.17 0.000 38.457 14:49:23.75
75 0 -21.8 -24.1 5.289 0.738 0.0 0.0 0.0 36.7156663 -4.4912742 0.00 271.86 0.99 36.7156661 -4.4912684 0.00 272.12 1.17 0.000 38.457 14:49:23.85
75 0 -21.8 -24.1 6.519 -1.599 0.0 0.0 0.0 36.7156663 -4.4912742 0.00 271.86 0.99 36.7156661 -4.4912684 0.00 272.12 1.17 0.000 38.457 14:49:23.95
75 0 -21.8 -24.1 3.936 -0.615 0.0 0.0 0.0 36.7156663 -4.4912753 0.00 272.29 1.06 36.7156662 -4.4912716 0.00 276.31 1.13 0.000 38.457 14:49:24.04
75 -4 -21.8 -24.1 6.027 -1.722 0.0 0.0 0.0 36.7156663 -4.4912753 0.00 272.29 1.06 36.7156662 -4.4912716 0.00 276.31 1.13 0.000 38.457 14:49:24.15
75 -4 -21.8 -24.1 0.123 -2.214 0.0 0.0 0.0 36.7156663 -4.4912766 0.00 272.55 0.99 36.7156662 -4.4912716 0.00 276.31 1.13 0.000 38.457 14:49:24.25
75 -4 -21.8 -24.1 1.230 -2.829 0.0 0.0 0.0 36.7156663 -4.4912766 0.00 272.55 0.99 36.7156662 -4.4912716 0.00 276.31 1.13 0.000 38.457 14:49:24.35
75 -4 -21.8 -24.1 1.230 -1.599 0.0 0.0 0.0 36.7156663 -4.4912777 0.00 272.83 1.14 36.7156662 -4.4912716 0.00 276.31 1.13 0.000 38.457 14:49:24.45
75 -4 -21.8 -24.1 -1.722 -2.091 0.0 0.0 0.0 36.7156663 -4.4912777 0.00 272.83 1.14 36.7156662 -4.4912716 0.00 276.31 1.13 0.000 38.457 14:49:24.54
75 -4 -21.8 -24.1 1.107 -5.289 0.0 0.0 0.0 36.7156664 -4.4912789 0.00 272.79 1.06 36.7156663 -4.4912751 0.00 267.25 1.35 0.000 38.457 14:49:24.65
75 5 -21.8 -24.1 -2.952 -4.797 0.0 0.0 0.0 36.7156664 -4.4912789 0.00 272.79 1.06 36.7156663 -4.4912751 0.00 267.25 1.35 0.000 38.457 14:49:24.75
75 5 -21.8 -24.1 3.567 -1.599 0.0 0.0 0.0 36.7156664 -4.4912800 0.00 272.58 1.04 36.7156663 -4.4912751 0.00 267.25 1.35 0.000 38.457 14:49:24.85
75 5 -21.8 -24.1 2.214 -2.091 0.0 0.0 0.0 36.7156664 -4.4912800 0.00 272.58 1.04 36.7156663 -4.4912751 0.00 267.25 1.35 0.000 38.457 14:49:24.95
75 5 -21.8 -24.1 2.829 -3.321 0.0 0.0 0.0 36.7156664 -4.4912812 0.00 272.40 0.98 36.7156663 -4.4912751 0.00 267.25 1.35 0.000 38.457 14:49:25.04
75 5 -21.8 -24.1 7.503 0.369 0.0 0.0 0.0 36.7156664 -4.4912812 0.00 272.40 0.98 36.7156663 -4.4912751 0.00 267.25 1.35 0.000 38.457 14:49:25.15
75 5 -21.8 -24.1 4.428 0.615 0.0 0.0 0.0 36.7156665 -4.4912822 0.00 272.73 0.91 36.7156663 -4.4912751 0.00 267.25 1.35 0.000 38.457 14:49:25.25
75 5 -21.8 -24.1 7.011 0.000 0.0 0.0 0.0 36.7156665 -4.4912822 0.00 272.73 0.91 36.7156663 -4.4912785 0.00 263.98 1.01 0.000 38.457 14:49:25.35
75 5 -21.8 -24.1 5.289 1.599 0.0 0.0 0.0 36.7156665 -4.4912832 0.00 273.18 0.88 36.7156663 -4.4912785 0.00 263.98 1.01 0.000 38.457 14:49:25.45
75 8 -21.8 -24.1 4.305 -0.984 0.0 0.0 0.0 36.7156665 -4.4912832 0.00 273.18 0.88 36.7156663 -4.4912785 0.00 263.98 1.01 0.000 38.457 14:49:25.54
75 8 -21.8 -24.1 9.840 4.059 0.0 0.0 0.0 36.7156666 -4.4912842 0.00 273.75 0.88 36.7156665 -4.4912804 0.00 263.98 0.88 0.000 38.457 14:49:25.65
75 8 -21.8 -24.1 7.380 0.615 0.0 0.0 0.0 36.7156666 -4.4912842 0.00 273.75 0.88 36.7156665 -4.4912804 0.00 263.98 0.88 0.000 38.457 14:49:25.75
75 8 -21.8 -24.1 12.300 2.829 0.0 0.0 0.0 36.7156667 -4.4912852 0.00 274.42 0.96 36.7156664 -4.4912816 0.00 271.14 1.25 0.000 38.457 14:49:25.85
75 1 -21.8 -24.1 6.273 2.706 0.0 0.0 0.0 36.7156667 -4.4912852 0.00 274.42 0.96 36.7156664 -4.4912816 0.00 271.14 1.25 0.000 38.457 14:49:25.95
75 1 -21.8 -24.1 9.225 -1.107 0.0 0.0 0.0 36.7156668 -4.4912863 0.00 275.25 0.90 36.7156664 -4.4912816 0.00 271.14 1.25 0.000 38.457 14:49:26.04
75 1 -21.8 -24.1 7.872 2.829 0.0 0.0 0.0 36.7156668 -4.4912863 0.00 275.25 0.90 36.7156664 -4.4912816 0.00 271.14 1.25 0.000 38.457 14:49:26.15
75 1 -21.8 -24.1 6.519 -0.738 0.0 0.0 0.0 36.7156670 -4.4912874 0.00 276.11 0.92 36.7156664 -4.4912816 0.00 271.14 1.25 0.000 38.457 14:49:26.25
75 1 -21.8 -24.1 8.118 2.091 0.0 0.0 0.0 36.7156670 -4.4912874 0.00 276.11 0.92 36.7156664 -4.4912816 0.00 271.14 1.25 0.000 38.457 14:49:26.35
75 1 -21.8 -24.1 4.551 -0.861 0.0 0.0 0.0 36.7156671 -4.4912885 0.00 276.77 0.99 36.7156668 -4.4912847 0.00 271.14 0.95 0.000 38.457 14:49:26.45
75 1 -21.8 -24.1 9.594 2.460 0.0 0.0 0.0 36.7156671 -4.4912885 0.00 276.77 0.99 36.7156668 -4.4912847 0.00 271.14 0.95 0.000 38.457 14:49:26.54
75 1 -21.8 -24.1 4.428 1.968 0.0 0.0 0.0 36.7156672 -4.4912896 0.00 277.21 1.03 36.7156668 -4.4912847 0.00 271.14 0.95 0.000 38.457 14:49:26.65
0 0 -21.8 -24.1 4.182 -1.107 0.0 0.0 0.0 36.7156672 -4.4912896 0.00 277.21 1.03 36.7156668 -4.4912847 0.00 271.14 0.95 0.000 38.457 14:49:26.75
0 0 -21.8 -24.1 -54.735 57.195 0.0 0.0 0.0 36.7156674 -4.4912907 0.00 277.65 0.99 36.7156668 -4.4912847 0.00 271.14 0.95 0.000 38.457 14:49:26.85
0 0 -21.8 -24.1 -1.599 2.829 0.0 0.0 0.0 36.7156674 -4.4912907 0.00 277.65 0.99 36.7156668 -4.4912847 0.00 271.14 0.95 0.000 38.457 14:49:26.95
0 0 -21.8 -24.1 -0.246 0.738 0.0 0.0 0.0 36.7156675 -4.4912917 0.00 278.05 0.08 36.7156671 -4.4912881 0.00 326.86 1.01 0.000 38.457 14:49:27.06
0 0 -21.8 -24.1 3.198 -2.460 0.0 0.0 0.0 36.7156675 -4.4912917 0.00 278.05 0.08 36.7156671 -4.4912896 0.00 269.41 1.52 0.000 38.457 14:49:27.15
0 0 -21.8 -24.1 0.369 -0.369 0.0 0.0 0.0 36.7156673 -4.4912911 0.00 278.27 0.09 36.7156671 -4.4912896 0.00 269.41 1.52 0.000 38.457 14:49:27.25
0 0 -21.8 -24.1 0.246 0.123 0.0 0.0 0.0 36.7156673 -4.4912911 0.00 278.27 0.09 36.7156671 -4.4912896 0.00 269.41 1.52 0.000 38.457 14:49:27.35
0 0 -21.8 -24.1 0.246 0.000 0.0 0.0 0.0 36.7156674 -4.4912912 0.00 278.19 0.18 36.7156671 -4.4912896 0.00 269.41 1.52 0.000 38.457 14:49:27.45
0 0 -21.8 -24.1 0.861 -0.123 0.0 0.0 0.0 36.7156674 -4.4912912 0.00 278.19 0.18 36.7156671 -4.4912896 0.00 269.41 1.52 0.000 38.457 14:49:27.56
0 0 -21.8 -24.1 0.369 -0.246 0.0 0.0 0.0 36.7156674 -4.4912912 0.00 278.17 0.03 36.7156671 -4.4912896 0.00 269.41 1.52 0.000 38.457 14:49:27.65
