75 -1 -22.2 -23.0 0.615 -4.674 0.0 0.0 0.0 36.7156691 -4.4910289 0.00 269.37 0.98 36.7156692 -4.4910251 0.00 272.85 1.08 0.000 38.672 15:32:27.15
75 -1 -22.2 -23.0 -1.845 -8.856 0.0 0.0 0.0 36.7156691 -4.4910289 0.00 269.37 0.98 36.7156692 -4.4910251 0.00 272.85 1.08 0.000 38.672 15:32:27.25
75 -1 -22.2 -23.0 -1.722 -2.460 0.0 0.0 0.0 36.7156690 -4.4910300 0.00 268.57 0.95 36.7156692 -4.4910251 0.00 272.85 1.08 0.000 38.672 15:32:27.35
75 -1 -22.2 -23.0 0.246 -5.289 0.0 0.0 0.0 36.7156690 -4.4910300 0.00 268.57 0.95 36.7156692 -4.4910251 0.00 272.85 1.08 0.000 38.672 15:32:27.45
75 4 -22.2 -23.0 -1.476 -3.936 0.0 0.0 0.0 36.7156690 -4.4910312 0.00 268.76 1.00 36.7156691 -4.4910274 0.00 269.21 1.07 0.000 38.672 15:32:27.56
75 4 -22.2 -23.0 3.444 -2.583 0.0 0.0 0.0 36.7156690 -4.4910312 0.00 268.76 1.00 36.7156691 -4.4910274 0.00 269.21 1.07 0.000 38.672 15:32:27.65
75 0 -22.2 -23.0 0.861 -3.813 0.0 0.0 0.0 36.7156690 -4.4910323 0.00 268.41 1.00 36.7156691 -4.4910286 0.00 272.98 1.02 0.000 38.672 15:32:27.75
75 0 -22.2 -23.0 3.198 -0.246 0.0 0.0 0.0 36.7156690 -4.4910323 0.00 268.41 1.00 36.7156691 -4.4910286 0.00 272.98 1.02 0.000 38.672 15:32:27.85
75 0 -22.2 -23.0 2.214 -5.781 0.0 0.0 0.0 36.7156690 -4.4910334 0.00 268.36 0.97 36.7156691 -4.4910286 0.00 272.98 1.02 0.000 38.672 15:32:27.95
75 0 -22.2 -23.0 0.369 -2.337 0.0 0.0 0.0 36.7156690 -4.4910334 0.00 268.36 0.97 36.7156691 -4.4910286 0.00 272.98 1.02 0.000 38.672 15:32:28.06
75 4 -22.2 -23.0 1.845 -3.321 0.0 0.0 0.0 36.7156689 -4.4910345 0.00 268.70 0.92 36.7156690 -4.4910308 0.00 270.07 0.99 0.000 38.672 15:32:28.15
75 4 -22.2 -23.0 2.952 -1.353 0.0 0.0 0.0 36.7156689 -4.4910345 0.00 268.70 0.92 36.7156690 -4.4910308 0.00 270.07 0.99 0.000 38.672 15:32:28.26
75 4 -22.2 -23.0 2.091 -2.214 0.0 0.0 0.0 36.7156689 -4.4910356 0.00 268.71 0.87 36.7156690 -4.4910319 0.00 270.07 0.93 0.000 38.672 15:32:28.35
75 4 -22.2 -23.0 4.182 -3.321 0.0 0.0 0.0 36.7156689 -4.4910356 0.00 268.71 0.87 36.7156690 -4.4910319 0.00 270.07 0.93 0.000 38.672 15:32:28.45
75 4 -22.2 -23.0 4.305 0.738 0.0 0.0 0.0 36.7156689 -4.4910366 0.00 268.75 0.95 36.7156690 -4.4910319 0.00 270.07 0.93 0.000 38.672 15:32:28.56
75 4 -22.2 -23.0 2.214 -3.567 0.0 0.0 0.0 36.7156689 -4.4910366 0.00 268.75 0.95 36.7156690 -4.4910319 0.00 270.07 0.93 0.000 38.672 15:32:28.65
75 1 -22.2 -23.0 5.781 -0.492 0.0 0.0 0.0 36.7156689 -4.4910378 0.00 269.17 0.93 36.7156690 -4.4910341 0.00 273.10 1.01 0.000 38.672 15:32:28.76
75 1 -22.2 -23.0 3.198 -2.091 0.0 0.0 0.0 36.7156689 -4.4910378 0.00 269.17 0.93 36.7156690 -4.4910341 0.00 273.10 1.01 0.000 38.672 15:32:28.85
75 1 -22.2 -23.0 3.444 0.492 0.0 0.0 0.0 36.7156689 -4.4910389 0.00 269.60 0.94 36.7156690 -4.4910352 0.00 273.10 0.91 0.000 38.672 15:32:28.96
75 1 -22.2 -23.0 8.610 -0.246 0.0 0.0 0.0 36.7156689 -4.4910389 0.00 269.60 0.94 36.7156690 -4.4910352 0.00 273.10 0.91 0.000 38.672 15:32:29.06
75 1 -22.2 -23.0 5.166 -1.722 0.0 0.0 0.0 36.7156689 -4.4910400 0.00 270.06 0.97 36.7156690 -4.4910352 0.00 273.10 0.91 0.000 38.672 15:32:29.15
75 1 -23.4 -23.7 5.043 1.353 0.0 0.0 0.0 36.7156689 -4.4910400 0.00 270.06 0.97 36.7156690 -4.4910352 0.00 273.10 0.91 0.000 38.672 15:32:29.26
75 7 -23.4 -23.7 2.706 -2.091 0.0 0.0 0.0 36.7156689 -4.4910412 0.00 270.41 1.06 36.7156689 -4.4910374 0.00 268.76 0.78 0.000 38.672 15:32:29.35
75 7 -23.4 -23.7 9.225 2.829 0.0 0.0 0.0 36.7156689 -4.4910412 0.00 270.41 1.06 36.7156689 -4.4910374 0.00 268.76 0.78 0.000 38.672 15:32:29.46
75 5 -23.4 -23.7 5.781 -0.738 0.0 0.0 0.0 36.7156690 -4.4910423 0.00 270.82 1.02 36.7156689 -4.4910385 0.00 271.78 1.05 0.000 38.672 15:32:29.56
75 5 -23.4 -23.7 9.102 3.321 0.0 0.0 0.0 36.7156690 -4.4910423 0.00 270.82 1.02 36.7156689 -4.4910385 0.00 271.78 1.05 0.000 38.672 15:32:29.65
75 5 -23.4 -23.7 7.503 2.706 0.0 0.0 0.0 36.7156691 -4.4910435 0.00 271.17 1.07 36.7156689 -4.4910385 0.00 271.78 1.05 0.000 38.672 15:32:29.76
75 5 -23.4 -23.7 7.995 2.829 0.0 0.0 0.0 36.7156691 -4.4910435 0.00 271.17 1.07 36.7156689 -4.4910385 0.00 271.78 1.05 0.000 38.672 15:32:29.85
75 5 -23.4 -23.7 10.209 3.690 0.0 0.0 0.0 36.7156691 -4.4910447 0.00 272.05 1.02 36.7156690 -4.4910409 0.00 271.73 1.04 0.000 38.672 15:32:29.96
75 5 -23.4 -23.7 8.487 0.369 0.0 0.0 0.0 36.7156691 -4.4910447 0.00 272.05 1.02 36.7156690 -4.4910409 0.00 271.73 1.04 0.000 38.672 15:32:30.06
75 -5 -23.4 -23.7 7.749 5.289 0.0 0.0 0.0 36.7156692 -4.4910458 0.00 272.78 0.96 36.7156690 -4.4910420 0.00 275.98 1.01 0.000 38.672 15:32:30.17
75 -5 -23.4 -23.7 4.797 -2.214 0.0 0.0 0.0 36.7156692 -4.4910458 0.00 272.78 0.96 36.7156690 -4.4910420 0.00 275.98 1.01 0.000 38.672 15:32:30.26
75 -5 -23.4 -23.7 3.936 0.615 0.0 0.0 0.0 36.7156693 -4.4910469 0.00 273.55 0.93 36.7156690 -4.4910420 0.00 275.98 1.01 0.000 38.672 15:32:30.35
75 -5 -23.4 -23.7 5.166 -1.845 0.0 0.0 0.0 36.7156693 -4.4910469 0.00 273.55 0.93 36.7156690 -4.4910420 0.00 275.98 1.01 0.000 38.672 15:32:30.46
75 -5 -23.4 -23.7 0.000 -4.059 0.0 0.0 0.0 36.7156693 -4.4910480 0.00 274.01 0.96 36.7156691 -4.4910443 0.00 275.98 0.91 0.000 38.672 15:32:30.56
75 -5 -23.4 -23.7 2.337 -0.861 0.0 0.0 0.0 36.7156693 -4.4910480 0.00 274.01 0.96 36.7156691 -4.4910443 0.00 275.98 0.91 0.000 38.672 15:32:30.67
75 -5 -23.4 -23.7 -2.214 -5.904 0.0 0.0 0.0 36.7156694 -4.4910491 0.00 273.69 1.04 36.7156692 -4.4910453 0.00 275.98 0.89 0.000 38.672 15:32:30.76
75 -5 -23.4 -23.7 -0.492 -4.305 0.0 0.0 0.0 36.7156694 -4.4910491 0.00 273.69 1.04 36.7156692 -4.4910453 0.00 275.98 0.89 0.000 38.672 15:32:30.87
75 -5 -23.4 -23.7 -3.075 -6.396 0.0 0.0 0.0 36.7156694 -4.4910502 0.00 273.39 1.02 36.7156692 -4.4910453 0.00 275.98 0.89 0.000 38.672 15:32:30.96
75 -5 -23.4 -23.7 -0.123 -6.027 0.0 0.0 0.0 36.7156694 -4.4910502 0.00 273.39 1.02 36.7156692 -4.4910453 0.00 275.98 0.89 0.000 38.672 15:32:31.06
75 -5 -23.4 -23.7 -0.984 -7.503 0.0 0.0 0.0 36.7156694 -4.4910513 0.00 272.84 0.97 36.7156693 -4.4910475 0.00 276.16 0.91 0.000 38.672 15:32:31.17
75 -5 -23.4 -23.7 -1.722 -9.717 0.0 0.0 0.0 36.7156694 -4.4910513 0.00 272.84 0.97 36.7156693 -4.4910475 0.00 276.16 0.91 0.000 38.672 15:32:31.26
75 -6 -23.4 -23.7 2.214 -7.503 0.0 0.0 0.0 36.7156694 -4.4910524 0.00 272.34 0.90 36.7156694 -4.4910488 0.00 276.18 1.16 0.000 38.672 15:32:31.37
75 -6 -23.4 -23.7 -4.182 -8.118 0.0 0.0 0.0 36.7156694 -4.4910524 0.00 272.34 0.90 36.7156694 -4.4910488 0.00 276.18 1.16 0.000 38.672 15:32:31.46
75 -6 -23.4 -23.7 1.107 -7.257 0.0 0.0 0.0 36.7156694 -4.4910535 0.00 271.76 0.93 36.7156694 -4.4910488 0.00 276.18 1.16 0.000 38.672 15:32:31.56
75 -6 -23.4 -23.7 -3.690 -7.503 0.0 0.0 0.0 36.7156694 -4.4910535 0.00 271.76 0.93 36.7156694 -4.4910488 0.00 276.18 1.16 0.000 38.672 15:32:31.67
75 -6 -23.4 -23.7 -1.230 -7.380 0.0 0.0 0.0 36.7156694 -4.4910547 0.00 271.12 0.95 36.7156695 -4.4910510 0.00 276.18 0.95 0.000 38.672 15:32:31.76
75 -6 -23.4 -23.7 -4.428 -9.717 0.0 0.0 0.0 36.7156694 -4.4910547 0.00 271.12 0.95 36.7156695 -4.4910510 0.00 276.18 0.95 0.000 38.672 15:32:31.87
75 -5 -23.4 -23.7 -1.722 -5.412 0.0 0.0 0.0 36.7156694 -4.4910558 0.00 270.61 0.95 36.7156694 -4.4910520 0.00 276.18 0.88 0.000 38.672 15:32:31.96
75 -5 -23.4 -23.7 0.246 -10.209 0.0 0.0 0.0 36.7156694 -4.4910558 0.00 270.61 0.95 36.7156694 -4.4910520 0.00 276.18 0.88 0.000 38.672 15:32:32.07
75 -5 -23.4 -23.7 -2.829 -7.503 0.0 0.0 0.0 36.7156694 -4.4910569 0.00 270.04 0.92 36.7156694 -4.4910520 0.00 276.18 0.88 0.000 38.672 15:32:32.17
75 -5 -23.4 -23.7 -3.567 -7.134 0.0 0.0 0.0 36.7156694 -4.4910569 0.00 270.04 0.92 36.7156694 -4.4910520 0.00 276.18 0.88 0.000 38.672 15:32:32.26
75 -3 -23.4 -23.7 0.123 -8.610 0.0 0.0 0.0 36.7156693 -4.4910580 0.00 269.51 0.94 36.7156695 -4.4910543 0.00 273.95 0.83 0.000 38.672 15:32:32.37
75 -3 -23.4 -23.7 -1.476 -5.904 0.0 0.0 0.0 36.7156693 -4.4910580 0.00 269.51 0.94 36.7156695 -4.4910543 0.00 273.95 0.83 0.000 38.672 15:32:32.46
75 0 -23.4 -23.7 0.000 -9.717 0.0 0.0 0.0 36.7156693 -4.4910592 0.00 268.88 1.00 36.7156694 -4.4910555 0.00 271.55 1.09 0.000 38.672 15:32:32.57
75 0 -23.4 -23.7 -1.845 -4.674 0.0 0.0 0.0 36.7156693 -4.4910592 0.00 268.88 1.00 36.7156694 -4.4910555 0.00 271.55 1.09 0.000 38.672 15:32:32.67
75 0 -23.4 -23.7 0.492 -5.412 0.0 0.0 0.0 36.7156692 -4.4910603 0.00 268.34 0.98 36.7156694 -4.4910555 0.00 271.55 1.09 0.000 38.672 15:32:32.78
75 0 -23.4 -23.7 -1.845 -7.134 0.0 0.0 0.0 36.7156692 -4.4910603 0.00 268.34 0.98 36.7156694 -4.4910555 0.00 271.55 1.09 0.000 38.672 15:32:32.87
75 1 -23.4 -23.7 -1.476 -4.551 0.0 0.0 0.0 36.7156692 -4.4910614 0.00 268.00 1.00 36.7156694 -4.4910577 0.00 271.55 0.89 0.000 38.672 15:32:32.96
75 1 -23.4 -23.7 0.738 -6.519 0.0 0.0 0.0 36.7156692 -4.4910614 0.00 268.00 1.00 36.7156694 -4.4910577 0.00 271.55 0.89 0.000 38.672 15:32:33.07
75 3 -23.4 -23.7 1.599 -1.107 0.0 0.0 0.0 36.7156692 -4.4910625 0.00 267.99 0.99 36.7156693 -4.4910588 0.00 269.88 1.09 0.000 38.672 15:32:33.17
75 3 -23.4 -23.7 1.968 -5.043 0.0 0.0 0.0 36.7156692 -4.4910625 0.00 267.99 0.99 36.7156693 -4.4910588 0.00 269.88 1.09 0.000 38.672 15:32:33.28
75 3 -23.4 -23.7 3.567 -1.230 0.0 0.0 0.0 36.7156691 -4.4910637 0.00 268.00 0.93 36.7156693 -4.4910588 0.00 269.88 1.09 0.000 38.672 15:32:33.37
75 3 -23.4 -23.7 3.567 -1.230 0.0 0.0 0.0 36.7156691 -4.4910637 0.00 268.00 0.93 36.7156693 -4.4910588 0.00 269.88 1.09 0.000 38.672 15:32:33.46
75 6 -23.4 -23.7 3.690 -3.690 0.0 0.0 0.0 36.7156691 -4.4910647 0.00 268.22 0.91 36.7156693 -4.4910611 0.00 268.01 1.09 0.000 38.672 15:32:33.57
75 6 -23.4 -23.7 3.690 -3.690 0.0 0.0 0.0 36.7156691 -4.4910647 0.00 268.22 0.91 36.7156693 -4.4910611 0.00 268.01 1.09 0.000 38.672 15:32:33.67
75 7 -23.4 -23.7 3.567 -0.123 0.0 0.0 0.0 36.7156691 -4.4910659 0.00 268.50 1.05 36.7156692 -4.4910621 0.00 268.01 0.91 0.000 38.672 15:32:33.78
75 7 -23.4 -23.7 7.257 1.845 0.0 0.0 0.0 36.7156691 -4.4910659 0.00 268.50 1.05 36.7156692 -4.4910621 0.00 268.01 0.91 0.000 38.672 15:32:33.87
75 7 -23.4 -23.7 6.027 1.353 0.0 0.0 0.0 36.7156691 -4.4910670 0.00 269.04 1.07 36.7156692 -4.4910621 0.00 268.01 0.91 0.000 38.672 15:32:33.98
75 7 -23.4 -23.7 6.027 1.353 0.0 0.0 0.0 36.7156691 -4.4910670 0.00 269.04 1.07 36.7156692 -4.4910644 0.00 268.92 0.81 0.000 38.672 15:32:34.07
75 7 -23.4 -23.7 10.455 3.813 0.0 0.0 0.0 36.7156691 -4.4910682 0.00 269.73 1.01 36.7156692 -4.4910644 0.00 268.92 0.81 0.000 38.672 15:32:34.17
75 7 -21.8 -24.5 6.888 3.690 0.0 0.0 0.0 36.7156691 -4.4910682 0.00 269.73 1.01 36.7156691 -4.4910655 0.00 268.41 1.02 0.000 38.457 15:32:34.28
75 2 -21.8 -24.5 13.161 3.075 0.0 0.0 0.0 36.7156691 -4.4910693 0.00 270.61 0.99 36.7156691 -4.4910655 0.00 268.41 1.02 0.000 38.457 15:32:34.37
75 2 -21.8 -24.5 13.161 3.075 0.0 0.0 0.0 36.7156691 -4.4910693 0.00 270.61 0.99 36.7156691 -4.4910655 0.00 268.41 1.02 0.000 38.457 15:32:34.48
75 2 -21.8 -24.5 7.995 3.813 0.0 0.0 0.0 36.7156692 -4.4910705 0.00 271.56 1.02 36.7156691 -4.4910655 0.00 268.41 1.02 0.000 38.457 15:32:34.57
75 2 -21.8 -24.5 7.380 4.920 0.0 0.0 0.0 36.7156692 -4.4910705 0.00 271.56 1.02 36.7156692 -4.4910677 0.00 274.06 0.99 0.000 38.457 15:32:34.67
75 -5 -21.8 -24.5 8.241 1.722 0.0 0.0 0.0 36.7156692 -4.4910716 0.00 272.44 0.98 36.7156692 -4.4910677 0.00 274.06 0.99 0.000 38.457 15:32:34.78
75 -5 -21.8 -24.5 3.936 0.615 0.0 0.0 0.0 36.7156692 -4.4910716 0.00 272.44 0.98 36.7156692 -4.4910689 0.00 270.32 1.00 0.000 38.457 15:32:34.87
75 -1 -21.8 -24.5 7.503 -0.246 0.0 0.0 0.0 36.7156693 -4.4910727 0.00 272.71 1.00 36.7156692 -4.4910689 0.00 270.32 1.00 0.000 38.457 15:32:34.98
75 -1 -21.8 -24.5 0.123 -1.230 0.0 0.0 0.0 36.7156693 -4.4910727 0.00 272.71 1.00 36.7156692 -4.4910689 0.00 270.32 1.00 0.000 38.457 15:32:35.07
75 -1 -21.8 -24.5 3.075 -0.369 0.0 0.0 0.0 36.7156693 -4.4910738 0.00 273.11 0.94 36.7156692 -4.4910689 0.00 270.32 1.00 0.000 38.457 15:32:35.18
75 -1 -21.8 -24.5 1.107 -4.305 0.0 0.0 0.0 36.7156693 -4.4910738 0.00 273.11 0.94 36.7156693 -4.4910712 0.00 276.04 0.77 0.000 38.457 15:32:35.28
75 -8 -21.8 -24.5 2.706 -2.583 0.0 0.0 0.0 36.7156694 -4.4910749 0.00 272.80 0.99 36.7156693 -4.4910712 0.00 276.04 0.77 0.000 38.457 15:32:35.37
75 -8 -21.8 -24.5 -2.460 -3.444 0.0 0.0 0.0 36.7156694 -4.4910749 0.00 272.80 0.99 36.7156694 -4.4910723 0.00 273.89 1.05 0.000 38.457 15:32:35.48
75 -5 -21.8 -24.5 -2.460 -3.444 0.0 0.0 0.0 36.7156694 -4.4910760 0.00 272.87 0.96 36.7156694 -4.4910723 0.00 273.89 1.05 0.000 38.457 15:32:35.57
75 -5 -21.8 -24.5 2.706 -6.273 0.0 0.0 0.0 36.7156694 -4.4910760 0.00 272.87 0.96 36.7156694 -4.4910723 0.00 273.89 1.05 0.000 38.457 15:32:35.68
75 -5 -21.8 -24.5 -2.583 -5.781 0.0 0.0 0.0 36.7156694 -4.4910771 0.00 272.79 0.95 36.7156694 -4.4910723 0.00 273.89 1.05 0.000 38.457 15:32:35.78
75 -5 -21.8 -24.5 2.583 -6.888 0.0 0.0 0.0 36.7156694 -4.4910771 0.00 272.79 0.95 36.7156694 -4.4910745 0.00 269.13 1.05 0.000 38.457 15:32:35.89
75 0 -21.8 -24.5 -3.690 -7.134 0.0 0.0 0.0 36.7156694 -4.4910782 0.00 272.01 0.92 36.7156694 -4.4910745 0.00 269.13 1.05 0.000 38.457 15:32:35.98
75 0 -21.8 -24.5 3.813 -1.968 0.0 0.0 0.0 36.7156694 -4.4910782 0.00 272.01 0.92 36.7156694 -4.4910756 0.00 273.31 1.03 0.000 38.457 15:32:36.07
75 -5 -21.8 -24.5 0.738 -8.241 0.0 0.0 0.0 36.7156694 -4.4910793 0.00 271.47 0.97 36.7156694 -4.4910756 0.00 273.31 1.03 0.000 38.457 15:32:36.18
75 -5 -21.8 -24.5 -1.353 -5.289 0.0 0.0 0.0 36.7156694 -4.4910793 0.00 271.47 0.97 36.7156694 -4.4910756 0.00 273.31 1.03 0.000 38.457 15:32:36.28
75 -5 -21.8 -24.5 1.968 -5.781 0.0 0.0 0.0 36.7156695 -4.4910805 0.00 271.04 1.01 36.7156694 -4.4910756 0.00 273.31 1.03 0.000 38.457 15:32:36.39
75 -5 -21.8 -24.5 -1.599 -6.888 0.0 0.0 0.0 36.7156695 -4.4910805 0.00 271.04 1.01 36.7156695 -4.4910779 0.00 273.31 0.97 0.000 38.457 15:32:36.48
75 -5 -21.8 -24.5 2.706 -4.920 0.0 0.0 0.0 36.7156694 -4.4910816 0.00 270.96 1.02 36.7156695 -4.4910779 0.00 273.31 0.97 0.000 38.457 15:32:36.59
75 -5 -21.8 -24.5 -2.706 -8.733 0.0 0.0 0.0 36.7156694 -4.4910816 0.00 270.96 1.02 36.7156695 -4.4910790 0.00 274.31 1.01 0.000 38.457 15:32:36.68
75 -7 -21.8 -24.5 -0.615 -3.813 0.0 0.0 0.0 36.7156694 -4.4910827 0.00 270.35 0.99 36.7156695 -4.4910790 0.00 274.31 1.01 0.000 38.457 15:32:36.78
75 -7 -21.8 -24.5 -5.412 -10.455 0.0 0.0 0.0 36.7156694 -4.4910827 0.00 270.35 0.99 36.7156695 -4.4910790 0.00 274.31 1.01 0.000 38.457 15:32:36.89
75 -7 -21.8 -24.5 -1.230 -7.872 0.0 0.0 0.0 36.7156694 -4.4910838 0.00 269.88 1.01 36.7156695 -4.4910790 0.00 274.31 1.01 0.000 38.457 15:32:36.98
75 -7 -21.8 -24.5 -3.444 -9.717 0.0 0.0 0.0 36.7156694 -4.4910838 0.00 269.88 1.01 36.7156695 -4.4910813 0.00 275.14 1.02 0.000 38.457 15:32:37.09
75 -8 -21.8 -24.5 -3.936 -7.872 0.0 0.0 0.0 36.7156693 -4.4910850 0.00 269.27 1.01 36.7156695 -4.4910813 0.00 275.14 1.02 0.000 38.457 15:32:37.18
75 -8 -21.8 -24.5 -1.722 -6.642 0.0 0.0 0.0 36.7156693 -4.4910850 0.00 269.27 1.01 36.7156695 -4.4910824 0.00 275.14 0.92 0.000 38.457 15:32:37.29
75 -8 -21.8 -24.5 -4.428 -8.118 0.0 0.0 0.0 36.7156692 -4.4910861 0.00 268.43 0.99 36.7156695 -4.4910824 0.00 275.14 0.92 0.000 38.457 15:32:37.39
75 -8 -21.8 -24.5 -1.845 -7.257 0.0 0.0 0.0 36.7156692 -4.4910861 0.00 268.43 0.99 36.7156695 -4.4910824 0.00 275.14 0.92 0.000 38.457 15:32:37.48
75 -8 -21.8 -24.5 -3.936 -9.594 0.0 0.0 0.0 36.7156691 -4.4910873 0.00 267.77 0.95 36.7156695 -4.4910824 0.00 275.14 0.92 0.000 38.457 15:32:37.59
75 -8 -21.8 -24.5 -1.968 -7.380 0.0 0.0 0.0 36.7156691 -4.4910873 0.00 267.77 0.95 36.7156693 -4.4910847 0.00 268.66 0.84 0.000 38.457 15:32:37.68
75 0 -21.8 -24.5 -5.166 -11.193 0.0 0.0 0.0 36.7156690 -4.4910884 0.00 266.98 0.93 36.7156693 -4.4910847 0.00 268.66 0.84 0.000 38.457 15:32:37.79
75 0 -21.8 -24.5 -0.861 -3.936 0.0 0.0 0.0 36.7156690 -4.4910884 0.00 266.98 0.93 36.7156693 -4.4910858 0.00 268.66 0.96 0.000 38.457 15:32:37.89
75 1 -21.8 -24.5 0.246 -8.610 0.0 0.0 0.0 36.7156690 -4.4910895 0.00 266.15 0.96 36.7156693 -4.4910858 0.00 268.66 0.96 0.000 38.457 15:32:38.00
75 1 -21.8 -24.5 -0.615 -2.706 0.0 0.0 0.0 36.7156690 -4.4910895 0.00 266.15 0.96 36.7156693 -4.4910858 0.00 268.66 0.96 0.000 38.457 15:32:38.09
75 1 -21.8 -24.5 0.615 -4.428 0.0 0.0 0.0 36.7156689 -4.4910907 0.00 265.58 0.94 36.7156693 -4.4910858 0.00 268.66 0.96 0.000 38.457 15:32:38.18
75 1 -21.8 -24.5 -0.615 -3.813 0.0 0.0 0.0 36.7156689 -4.4910907 0.00 265.58 0.94 36.7156692 -4.4910882 0.00 267.16 1.27 0.000 38.457 15:32:38.29
75 3 -21.8 -24.5 4.920 -0.984 0.0 0.0 0.0 36.7156689 -4.4910918 0.00 265.63 0.93 36.7156692 -4.4910882 0.00 267.16 1.27 0.000 38.457 15:32:38.39
75 3 -21.8 -24.5 0.123 -2.952 0.0 0.0 0.0 36.7156689 -4.4910918 0.00 265.63 0.93 36.7156691 -4.4910892 0.00 267.16 0.73 0.000 38.457 15:32:38.50
75 3 -21.8 -24.5 5.043 0.000 0.0 0.0 0.0 36.7156688 -4.4910929 0.00 265.75 1.00 36.7156691 -4.4910892 0.00 267.16 0.73 0.000 38.457 15:32:38.59
75 3 -21.8 -24.5 5.535 -3.075 0.0 0.0 0.0 36.7156688 -4.4910929 0.00 265.75 1.00 36.7156691 -4.4910892 0.00 267.16 0.73 0.000 38.457 15:32:38.70
75 3 -21.8 -24.5 4.059 2.214 0.0 0.0 0.0 36.7156687 -4.4910941 0.00 265.89 1.03 36.7156691 -4.4910892 0.00 267.16 0.73 0.000 38.457 15:32:38.79
75 3 -21.8 -24.5 8.118 -0.123 0.0 0.0 0.0 36.7156687 -4.4910941 0.00 265.89 1.03 36.7156689 -4.4910913 0.00 267.16 0.97 0.000 38.457 15:32:38.89
75 4 -21.8 -24.5 5.289 -1.107 0.0 0.0 0.0 36.7156687 -4.4910952 0.00 266.12 0.99 36.7156689 -4.4910913 0.00 267.16 0.97 0.000 38.457 15:32:39.00
75 4 -21.8 -24.5 7.995 2.460 0.0 0.0 0.0 36.7156687 -4.4910952 0.00 266.12 0.99 36.7156689 -4.4910926 0.00 268.82 1.24 0.000 38.457 15:32:39.09
75 2 -21.8 -24.5 4.059 -0.984 0.0 0.0 0.0 36.7156686 -4.4910963 0.00 266.58 0.93 36.7156689 -4.4910926 0.00 268.82 1.24 0.000 38.457 15:32:39.20
75 2 -22.6 -23.7 5.412 2.214 0.0 0.0 0.0 36.7156686 -4.4910963 0.00 266.58 0.93 36.7156689 -4.4910926 0.00 268.82 1.24 0.000 38.672 15:32:39.29
75 2 -22.6 -23.7 4.428 -2.706 0.0 0.0 0.0 36.7156686 -4.4910973 0.00 267.17 1.01 36.7156689 -4.4910926 0.00 268.82 1.24 0.000 38.672 15:32:39.39
75 2 -22.6 -23.7 4.674 3.690 0.0 0.0 0.0 36.7156686 -4.4910973 0.00 267.17 1.01 36.7156688 -4.4910946 0.00 268.82 0.62 0.000 38.672 15:32:39.50
75 2 -22.6 -23.7 7.011 -0.615 0.0 0.0 0.0 36.7156686 -4.4910985 0.00 267.65 1.00 36.7156688 -4.4910946 0.00 268.82 0.62 0.000 38.672 15:32:39.59
75 2 -22.6 -23.7 4.059 -1.107 0.0 0.0 0.0 36.7156686 -4.4910985 0.00 267.65 1.00 36.7156688 -4.4910959 0.00 270.58 1.23 0.000 38.672 15:32:39.70
75 0 -22.6 -23.7 9.225 0.369 0.0 0.0 0.0 36.7156686 -4.4910995 0.00 268.11 0.98 36.7156688 -4.4910959 0.00 270.58 1.23 0.000 38.672 15:32:39.79
75 0 -22.6 -23.7 0.984 -2.829 0.0 0.0 0.0 36.7156686 -4.4910995 0.00 268.11 0.98 36.7156688 -4.4910959 0.00 270.58 1.23 0.000 38.672 15:32:39.89
75 0 -22.6 -23.7 2.829 -0.123 0.0 0.0 0.0 36.7156685 -4.4911006 0.00 268.34 0.90 36.7156688 -4.4910959 0.00 270.58 1.23 0.000 38.672 15:32:40.00
75 0 -22.6 -23.7 2.829 -4.920 0.0 0.0 0.0 36.7156685 -4.4911006 0.00 268.34 0.90 36.7156687 -4.4910981 0.00 277.50 0.92 0.000 38.672 15:32:40.09
75 -8 -22.6 -23.7 3.321 0.000 0.0 0.0 0.0 36.7156685 -4.4911017 0.00 268.68 0.93 36.7156687 -4.4910981 0.00 277.50 0.92 0.000 38.672 15:32:40.20
75 -8 -22.6 -23.7 -0.492 -7.503 0.0 0.0 0.0 36.7156685 -4.4911017 0.00 268.68 0.93 36.7156686 -4.4910991 0.00 277.50 0.75 0.000 38.672 15:32:40.29
75 -8 -22.6 -23.7 -0.861 -0.738 0.0 0.0 0.0 36.7156684 -4.4911030 0.00 268.82 1.05 36.7156686 -4.4910991 0.00 277.50 0.75 0.000 38.672 15:32:40.40
75 -8 -22.6 -23.7 2.952 -6.888 0.0 0.0 0.0 36.7156684 -4.4911030 0.00 268.82 1.05 36.7156686 -4.4910991 0.00 277.50 0.75 0.000 38.672 15:32:40.50
75 -8 -22.6 -23.7 -2.706 -7.872 0.0 0.0 0.0 36.7156684 -4.4911042 0.00 269.14 1.07 36.7156686 -4.4910991 0.00 277.50 0.75 0.000 38.672 15:32:40.59
75 -8 -22.6 -23.7 -2.829 -5.043 0.0 0.0 0.0 36.7156684 -4.4911042 0.00 269.14 1.07 36.7156686 -4.4911016 0.00 269.89 0.82 0.000 38.672 15:32:40.70
75 1 -22.6 -23.7 -2.337 -12.792 0.0 0.0 0.0 36.7156683 -4.4911053 0.00 268.46 0.95 36.7156686 -4.4911016 0.00 269.89 0.82 0.000 38.672 15:32:40.79
75 1 -22.6 -23.7 1.230 -2.214 0.0 0.0 0.0 36.7156683 -4.4911053 0.00 268.46 0.95 36.7156685 -4.4911027 0.00 269.89 0.88 0.000 38.672 15:32:40.90
75 1 -22.6 -23.7 -2.214 -8.610 0.0 0.0 0.0 36.7156682 -4.4911064 0.00 267.85 0.95 36.7156685 -4.4911027 0.00 269.89 0.88 0.000 38.672 15:32:41.00
75 1 -22.6 -23.7 -1.476 -4.674 0.0 0.0 0.0 36.7156682 -4.4911064 0.00 267.85 0.95 36.7156685 -4.4911027 0.00 269.89 0.88 0.000 38.672 15:32:41.09
75 1 -22.6 -23.7 3.567 -2.214 0.0 0.0 0.0 36.7156682 -4.4911075 0.00 267.30 0.93 36.7156685 -4.4911027 0.00 269.89 0.88 0.000 38.672 15:32:41.20
75 1 -22.6 -23.7 -0.492 -4.674 0.0 0.0 0.0 36.7156682 -4.4911075 0.00 267.30 0.93 36.7156684 -4.4911048 0.00 271.77 0.85 0.000 38.672 15:32:41.29
75 0 -22.6 -23.7 5.043 -0.369 0.0 0.0 0.0 36.7156681 -4.4911085 0.00 267.50 0.92 36.7156684 -4.4911048 0.00 271.77 0.85 0.000 38.672 15:32:41.40
75 0 -22.6 -23.7 1.230 -5.166 0.0 0.0 0.0 36.7156681 -4.4911085 0.00 267.50 0.92 36.7156684 -4.4911059 0.00 270.86 1.00 0.000 38.672 15:32:41.50
75 1 -22.6 -23.7 2.829 -2.091 0.0 0.0 0.0 36.7156681 -4.4911096 0.00 267.55 0.95 36.7156684 -4.4911059 0.00 270.86 1.00 0.000 38.672 15:32:41.59
75 1 -22.6 -23.7 4.551 -2.583 0.0 0.0 0.0 36.7156681 -4.4911096 0.00 267.55 0.95 36.7156684 -4.4911059 0.00 270.86 1.00 0.000 38.672 15:32:41.70
75 1 -22.6 -23.7 0.615 -3.321 0.0 0.0 0.0 36.7156681 -4.4911108 0.00 267.66 1.00 36.7156684 -4.4911059 0.00 270.86 1.00 0.000 38.672 15:32:41.79
75 1 -22.6 -23.7 4.674 -1.107 0.0 0.0 0.0 36.7156681 -4.4911108 0.00 267.66 1.00 36.7156683 -4.4911081 0.00 270.86 0.96 0.000 38.672 15:32:41.90
75 1 -22.6 -23.7 0.369 -2.829 0.0 0.0 0.0 36.7156680 -4.4911119 0.00 267.72 0.94 36.7156683 -4.4911081 0.00 270.86 0.96 0.000 38.672 15:32:42.00
75 1 -22.6 -23.7 5.658 0.369 0.0 0.0 0.0 36.7156680 -4.4911119 0.00 267.72 0.94 36.7156682 -4.4911092 0.00 269.04 1.01 0.000 38.672 15:32:42.10
75 4 -22.6 -23.7 2.706 -3.321 0.0 0.0 0.0 36.7156680 -4.4911131 0.00 267.78 1.08 36.7156682 -4.4911092 0.00 269.04 1.01 0.000 38.672 15:32:42.20
75 4 -22.6 -23.7 3.198 0.861 0.0 0.0 0.0 36.7156680 -4.4911131 0.00 267.78 1.08 36.7156682 -4.4911092 0.00 269.04 1.01 0.000 38.672 15:32:42.31
75 4 -22.6 -23.7 6.888 -2.214 0.0 0.0 0.0 36.7156680 -4.4911143 0.00 268.03 1.06 36.7156682 -4.4911092 0.00 269.04 1.01 0.000 38.672 15:32:42.40
75 4 -22.6 -23.7 4.059 1.476 0.0 0.0 0.0 36.7156680 -4.4911143 0.00 268.03 1.06 36.7156682 -4.4911115 0.00 271.76 0.91 0.000 38.672 15:32:42.50
75 1 -22.6 -23.7 7.872 2.337 0.0 0.0 0.0 36.7156680 -4.4911155 0.00 268.43 0.96 36.7156682 -4.4911115 0.00 271.76 0.91 0.000 38.672 15:32:42.60
75 1 -22.6 -23.7 5.658 -0.861 0.0 0.0 0.0 36.7156680 -4.4911155 0.00 268.43 0.96 36.7156681 -4.4911127 0.00 274.80 1.10 0.000 38.672 15:32:42.70
75 -2 -22.6 -23.7 6.273 2.460 0.0 0.0 0.0 36.7156680 -4.4911166 0.00 268.92 0.97 36.7156681 -4.4911127 0.00 274.80 1.10 0.000 38.672 15:32:42.81
75 -2 -22.6 -23.7 3.936 -3.075 0.0 0.0 0.0 36.7156680 -4.4911166 0.00 268.92 0.97 36.7156681 -4.4911127 0.00 274.80 1.10 0.000 38.672 15:32:42.90
75 -2 -22.6 -23.7 3.690 0.984 0.0 0.0 0.0 36.7156681 -4.4911177 0.00 269.38 0.94 36.7156681 -4.4911127 0.00 274.80 1.10 0.000 38.672 15:32:43.00
75 -2 -22.6 -23.7 5.904 -1.845 0.0 0.0 0.0 36.7156681 -4.4911177 0.00 269.38 0.94 36.7156682 -4.4911149 0.00 274.80 0.94 0.000 38.672 15:32:43.10
75 -2 -22.6 -23.7 1.107 -1.599 0.0 0.0 0.0 36.7156681 -4.4911186 0.00 269.67 0.95 36.7156682 -4.4911149 0.00 274.80 0.94 0.000 38.672 15:32:43.20
75 -2 -22.6 -23.7 4.920 -1.599 0.0 0.0 0.0 36.7156681 -4.4911186 0.00 269.67 0.95 36.7156681 -4.4911160 0.00 268.73 0.98 0.000 38.672 15:32:43.31
75 5 -22.6 -23.7 1.968 -4.797 0.0 0.0 0.0 36.7156680 -4.4911197 0.00 269.51 0.95 36.7156681 -4.4911160 0.00 268.73 0.98 0.000 38.672 15:32:43.40
75 5 -22.6 -23.7 7.134 2.337 0.0 0.0 0.0 36.7156680 -4.4911197 0.00 269.51 0.95 36.7156681 -4.4911160 0.00 268.73 0.98 0.000 38.672 15:32:43.51
75 5 -22.6 -23.7 3.690 -3.813 0.0 0.0 0.0 36.7156680 -4.4911208 0.00 269.39 0.93 36.7156681 -4.4911160 0.00 268.73 0.98 0.000 38.672 15:32:43.60
75 5 -22.6 -23.7 5.904 -0.246 0.0 0.0 0.0 36.7156680 -4.4911208 0.00 269.39 0.93 36.7156682 -4.4911181 0.00 274.03 1.02 0.000 38.672 15:32:43.70
75 -1 -22.6 -23.7 3.198 -1.968 0.0 0.0 0.0 36.7156681 -4.4911219 0.00 269.30 0.97 36.7156682 -4.4911181 0.00 274.03 1.02 0.000 38.672 15:32:43.81
75 -1 -22.6 -23.7 0.984 -1.845 0.0 0.0 0.0 36.7156681 -4.4911219 0.00 269.30 0.97 36.7156681 -4.4911193 0.00 266.73 1.20 0.000 38.672 15:32:43.90
75 9 -22.6 -23.7 4.551 -0.123 0.0 0.0 0.0 36.7156681 -4.4911231 0.00 269.95 0.92 36.7156681 -4.4911193 0.00 266.73 1.20 0.000 38.672 15:32:44.01
75 9 -22.6 -23.7 7.995 0.369 0.0 0.0 0.0 36.7156681 -4.4911231 0.00 269.95 0.92 36.7156681 -4.4911193 0.00 266.73 1.20 0.000 38.672 15:32:44.10
75 9 -22.6 -23.7 5.781 2.091 0.0 0.0 0.0 36.7156681 -4.4911242 0.00 270.56 1.07 36.7156681 -4.4911193 0.00 266.73 1.20 0.000 38.672 15:32:44.20
75 9 -21.4 -25.3 5.781 -1.476 0.0 0.0 0.0 36.7156681 -4.4911242 0.00 270.56 1.07 36.7156681 -4.4911215 0.00 266.73 0.81 0.000 38.457 15:32:44.31
75 9 -21.4 -25.3 9.594 3.690 0.0 0.0 0.0 36.7156681 -4.4911254 0.00 270.75 1.09 36.7156681 -4.4911215 0.00 266.73 0.81 0.000 38.457 15:32:44.40
75 9 -21.4 -25.3 8.364 2.460 0.0 0.0 0.0 36.7156681 -4.4911254 0.00 270.75 1.09 36.7156681 -4.4911227 0.00 274.64 1.20 0.000 38.457 15:32:44.51
75 9 -21.4 -25.3 11.316 5.166 0.0 0.0 0.0 36.7156682 -4.4911265 0.00 271.93 1.06 36.7156681 -4.4911227 0.00 274.64 1.20 0.000 38.457 15:32:44.60
75 9 -21.4 -25.3 10.947 3.321 0.0 0.0 0.0 36.7156682 -4.4911265 0.00 271.93 1.06 36.7156681 -4.4911227 0.00 274.64 1.20 0.000 38.457 15:32:44.71
75 -4 -21.4 -25.3 7.872 7.380 0.0 0.0 0.0 36.7156683 -4.4911276 0.00 272.87 0.96 36.7156681 -4.4911227 0.00 274.64 1.20 0.000 38.457 15:32:44.81
75 -4 -21.4 -25.3 8.118 0.615 0.0 0.0 0.0 36.7156683 -4.4911276 0.00 272.87 0.96 36.7156682 -4.4911249 0.00 274.64 0.89 0.000 38.457 15:32:44.90
75 -4 -21.4 -25.3 6.519 0.738 0.0 0.0 0.0 36.7156684 -4.4911288 0.00 274.06 1.00 36.7156682 -4.4911249 0.00 274.64 0.89 0.000 38.457 15:32:45.01
75 -4 -21.4 -25.3 5.904 1.230 0.0 0.0 0.0 36.7156684 -4.4911288 0.00 274.06 1.00 36.7156682 -4.4911261 0.00 277.36 1.07 0.000 38.457 15:32:45.10
75 -7 -21.4 -25.3 1.722 -4.059 0.0 0.0 0.0 36.7156684 -4.4911298 0.00 275.05 0.96 36.7156682 -4.4911261 0.00 277.36 1.07 0.000 38.457 15:32:45.21
75 -7 -21.4 -25.3 1.230 -1.599 0.0 0.0 0.0 36.7156685 -4.4911309 0.00 274.94 0.90 36.7156682 -4.4911261 0.00 277.36 1.07 0.000 38.457 15:32:45.31
75 -7 -21.4 -25.3 4.059 -4.305 0.0 0.0 0.0 36.7156685 -4.4911309 0.00 274.94 0.90 36.7156682 -4.4911261 0.00 277.36 1.07 0.000 38.457 15:32:45.40
75 -7 -21.4 -25.3 -1.353 -6.888 0.0 0.0 0.0 36.7156685 -4.4911320 0.00 274.96 0.90 36.7156684 -4.4911282 0.00 275.93 0.76 0.000 38.457 15:32:45.51
75 -6 -21.4 -25.3 -0.738 -4.059 0.0 0.0 0.0 36.7156685 -4.4911320 0.00 274.96 0.90 36.7156684 -4.4911282 0.00 275.93 0.76 0.000 38.457 15:32:45.60
75 -6 -21.4 -25.3 -0.369 -9.717 0.0 0.0 0.0 36.7156685 -4.4911332 0.00 274.36 0.96 36.7156684 -4.4911294 0.00 279.66 1.04 0.000 38.457 15:32:45.71
75 -10 -21.4 -25.3 -2.091 -5.658 0.0 0.0 0.0 36.7156685 -4.4911332 0.00 274.36 0.96 36.7156684 -4.4911294 0.00 279.66 1.04 0.000 38.457 15:32:45.81
75 -10 -21.4 -25.3 -1.353 -7.872 0.0 0.0 0.0 36.7156686 -4.4911343 0.00 273.60 0.94 36.7156684 -4.4911294 0.00 279.66 1.04 0.000 38.457 15:32:45.92
75 -10 -21.4 -25.3 -2.829 -10.332 0.0 0.0 0.0 36.7156686 -4.4911343 0.00 273.60 0.94 36.7156684 -4.4911294 0.00 279.66 1.04 0.000 38.457 15:32:46.01
75 -10 -21.4 -25.3 -3.321 -6.765 0.0 0.0 0.0 36.7156686 -4.4911354 0.00 273.05 1.01 36.7156686 -4.4911317 0.00 273.66 0.91 0.000 38.457 15:32:46.10
75 -3 -21.4 -25.3 -4.551 -14.022 0.0 0.0 0.0 36.7156686 -4.4911354 0.00 273.05 1.01 36.7156686 -4.4911317 0.00 273.66 0.91 0.000 38.457 15:32:46.21
75 -3 -21.4 -25.3 -2.460 -5.289 0.0 0.0 0.0 36.7156686 -4.4911367 0.00 271.97 1.04 36.7156686 -4.4911328 0.00 273.66 0.95 0.000 38.457 15:32:46.31
75 -3 -21.4 -25.3 -1.599 -8.610 0.0 0.0 0.0 36.7156686 -4.4911367 0.00 271.97 1.04 36.7156686 -4.4911328 0.00 273.66 0.95 0.000 38.457 15:32:46.42
75 -3 -21.4 -25.3 -3.936 -5.535 0.0 0.0 0.0 36.7156686 -4.4911378 0.00 271.11 0.95 36.7156686 -4.4911328 0.00 273.66 0.95 0.000 38.457 15:32:46.51
75 -3 -21.4 -25.3 0.246 -4.920 0.0 0.0 0.0 36.7156686 -4.4911378 0.00 271.11 0.95 36.7156686 -4.4911328 0.00 273.66 0.95 0.000 38.457 15:32:46.62
75 -3 -21.4 -25.3 -2.706 -8.118 0.0 0.0 0.0 36.7156686 -4.4911390 0.00 270.67 0.97 36.7156686 -4.4911351 0.00 270.46 0.87 0.000 38.457 15:32:46.71
75 1 -21.4 -25.3 -0.492 -5.289 0.0 0.0 0.0 36.7156686 -4.4911390 0.00 270.67 0.97 36.7156686 -4.4911351 0.00 270.46 0.87 0.000 38.457 15:32:46.81
75 1 -21.4 -25.3 1.353 -7.380 0.0 0.0 0.0 36.7156686 -4.4911401 0.00 270.34 0.99 36.7156686 -4.4911362 0.00 270.46 0.91 0.000 38.457 15:32:46.92
75 1 -21.4 -25.3 -0.123 -3.813 0.0 0.0 0.0 36.7156686 -4.4911401 0.00 270.34 0.99 36.7156686 -4.4911362 0.00 270.46 0.91 0.000 38.457 15:32:47.01
75 1 -21.4 -25.3 0.123 -3.198 0.0 0.0 0.0 36.7156686 -4.4911412 0.00 269.94 0.93 36.7156686 -4.4911362 0.00 270.46 0.91 0.000 38.457 15:32:47.12
75 1 -21.4 -25.3 0.861 -2.214 0.0 0.0 0.0 36.7156686 -4.4911412 0.00 269.94 0.93 36.7156686 -4.4911362 0.00 270.46 0.91 0.000 38.457 15:32:47.21
75 1 -21.4 -25.3 5.043 0.123 0.0 0.0 0.0 36.7156685 -4.4911423 0.00 270.09 0.96 36.7156686 -4.4911385 0.00 271.53 0.83 0.000 38.457 15:32:47.31
75 -1 -21.4 -25.3 1.599 -2.583 0.0 0.0 0.0 36.7156685 -4.4911423 0.00 270.09 0.96 36.7156686 -4.4911385 0.00 271.53 0.83 0.000 38.457 15:32:47.42
75 -1 -21.4 -25.3 3.321 -3.075 0.0 0.0 0.0 36.7156685 -4.4911434 0.00 270.21 1.01 36.7156685 -4.4911395 0.00 271.53 0.94 0.000 38.457 15:32:47.51
75 0 -21.4 -25.3 3.198 -2.091 0.0 0.0 0.0 36.7156685 -4.4911434 0.00 270.21 1.01 36.7156685 -4.4911395 0.00 271.53 0.94 0.000 38.457 15:32:47.62
75 0 -21.4 -25.3 2.460 -1.107 0.0 0.0 0.0 36.7156685 -4.4911445 0.00 270.31 1.04 36.7156685 -4.4911395 0.00 271.53 0.94 0.000 38.457 15:32:47.71
75 0 -21.4 -25.3 1.845 -1.353 0.0 0.0 0.0 36.7156685 -4.4911445 0.00 270.31 1.04 36.7156685 -4.4911395 0.00 271.53 0.94 0.000 38.457 15:32:47.82
75 0 -21.4 -25.3 1.968 -1.845 0.0 0.0 0.0 36.7156685 -4.4911457 0.00 270.19 0.95 36.7156686 -4.4911418 0.00 276.49 1.08 0.000 38.457 15:32:47.92
75 -6 -21.4 -25.3 2.706 -2.829 0.0 0.0 0.0 36.7156685 -4.4911457 0.00 270.19 0.95 36.7156686 -4.4911418 0.00 276.49 1.08 0.000 38.457 15:32:48.01
75 -6 -21.4 -25.3 1.230 -4.551 0.0 0.0 0.0 36.7156685 -4.4911467 0.00 270.13 1.01 36.7156686 -4.4911429 0.00 276.49 0.87 0.000 38.457 15:32:48.12
75 -6 -21.4 -25.3 1.107 -4.797 0.0 0.0 0.0 36.7156685 -4.4911467 0.00 270.13 1.01 36.7156686 -4.4911429 0.00 276.49 0.87 0.000 38.457 15:32:48.21
75 -6 -21.4 -25.3 -0.984 -5.535 0.0 0.0 0.0 36.7156685 -4.4911479 0.00 270.16 0.90 36.7156686 -4.4911429 0.00 276.49 0.87 0.000 38.457 15:32:48.32
75 -6 -21.4 -25.3 1.230 -6.396 0.0 0.0 0.0 36.7156685 -4.4911479 0.00 270.16 0.90 36.7156686 -4.4911429 0.00 276.49 0.87 0.000 38.457 15:32:48.42
75 -6 -21.4 -25.3 -0.492 -6.027 0.0 0.0 0.0 36.7156685 -4.4911489 0.00 269.71 0.96 36.7156686 -4.4911451 0.00 268.87 1.08 0.000 38.457 15:32:48.51
75 3 -21.4 -25.3 -1.722 -6.519 0.0 0.0 0.0 36.7156685 -4.4911489 0.00 269.71 0.96 36.7156686 -4.4911451 0.00 268.87 1.08 0.000 38.457 15:32:48.62
75 3 -21.4 -25.3 1.476 -5.658 0.0 0.0 0.0 36.7156684 -4.4911500 0.00 269.14 0.96 36.7156685 -4.4911462 0.00 268.87 0.91 0.000 38.457 15:32:48.71
75 3 -21.4 -25.3 0.738 -2.583 0.0 0.0 0.0 36.7156684 -4.4911500 0.00 269.14 0.96 36.7156685 -4.4911462 0.00 268.87 0.91 0.000 38.457 15:32:48.82
75 3 -21.4 -25.3 4.551 -0.984 0.0 0.0 0.0 36.7156684 -4.4911511 0.00 268.71 0.90 36.7156685 -4.4911462 0.00 268.87 0.91 0.000 38.457 15:32:48.92
75 3 -21.4 -25.3 2.214 -3.321 0.0 0.0 0.0 36.7156684 -4.4911511 0.00 268.71 0.90 36.7156685 -4.4911462 0.00 268.87 0.91 0.000 38.457 15:32:49.03
75 3 -21.4 -25.3 4.428 -0.615 0.0 0.0 0.0 36.7156684 -4.4911522 0.00 269.14 1.07 36.7156685 -4.4911485 0.00 272.26 0.99 0.000 38.457 15:32:49.12
75 0 -21.4 -25.3 5.781 -0.123 0.0 0.0 0.0 36.7156684 -4.4911522 0.00 269.14 1.07 36.7156685 -4.4911485 0.00 272.26 0.99 0.000 38.457 15:32:49.21
75 0 -22.6 -23.0 3.690 0.615 0.0 0.0 0.0 36.7156684 -4.4911534 0.00 269.44 0.97 36.7156684 -4.4911496 0.00 272.26 0.96 0.000 38.672 15:32:49.32
75 1 -22.6 -23.0 7.749 -1.107 0.0 0.0 0.0 36.7156684 -4.4911534 0.00 269.44 0.97 36.7156684 -4.4911496 0.00 272.26 0.96 0.000 38.672 15:32:49.42
75 1 -22.6 -23.0 6.027 -0.984 0.0 0.0 0.0 36.7156684 -4.4911546 0.00 269.78 0.96 36.7156684 -4.4911496 0.00 272.26 0.96 0.000 38.672 15:32:49.53
75 1 -22.6 -23.0 6.888 -0.369 0.0 0.0 0.0 36.7156684 -4.4911546 0.00 269.78 0.96 36.7156684 -4.4911496 0.00 272.26 0.96 0.000 38.672 15:32:49.62
75 1 -22.6 -23.0 4.428 -1.230 0.0 0.0 0.0 36.7156684 -4.4911556 0.00 269.93 0.93 36.7156685 -4.4911519 0.00 272.66 1.04 0.000 38.672 15:32:49.73
75 1 -22.6 -23.0 8.118 -0.738 0.0 0.0 0.0 36.7156684 -4.4911556 0.00 269.93 0.93 36.7156685 -4.4911519 0.00 272.66 1.04 0.000 38.672 15:32:49.82
75 1 -22.6 -23.0 4.059 -0.246 0.0 0.0 0.0 36.7156684 -4.4911568 0.00 270.26 1.01 36.7156684 -4.4911530 0.00 272.66 0.89 0.000 38.672 15:32:49.92
75 -4 -22.6 -23.0 3.075 -0.861 0.0 0.0 0.0 36.7156684 -4.4911568 0.00 270.26 1.01 36.7156684 -4.4911530 0.00 272.66 0.89 0.000 38.672 15:32:50.03
75 -4 -22.6 -23.0 1.722 -3.936 0.0 0.0 0.0 36.7156684 -4.4911579 0.00 270.62 0.98 36.7156684 -4.4911530 0.00 272.66 0.89 0.000 38.672 15:32:50.12
75 -4 -22.6 -23.0 0.861 -4.674 0.0 0.0 0.0 36.7156684 -4.4911579 0.00 270.62 0.98 36.7156684 -4.4911530 0.00 272.66 0.89 0.000 38.672 15:32:50.23
75 -4 -22.6 -23.0 2.952 -2.337 0.0 0.0 0.0 36.7156684 -4.4911590 0.00 270.91 1.02 36.7156684 -4.4911551 0.00 270.94 0.87 0.000 38.672 15:32:50.32
75 -2 -22.6 -23.0 -0.123 -5.412 0.0 0.0 0.0 36.7156684 -4.4911590 0.00 270.91 1.02 36.7156684 -4.4911551 0.00 270.94 0.87 0.000 38.672 15:32:50.42
75 -2 -22.6 -23.0 2.460 -4.428 0.0 0.0 0.0 36.7156684 -4.4911601 0.00 270.88 0.95 36.7156684 -4.4911563 0.00 271.52 1.08 0.000 38.672 15:32:50.53
75 -2 -22.6 -23.0 2.337 -4.797 0.0 0.0 0.0 36.7156684 -4.4911601 0.00 270.88 0.95 36.7156684 -4.4911563 0.00 271.52 1.08 0.000 38.672 15:32:50.62
75 -2 -22.6 -23.0 -0.615 -5.043 0.0 0.0 0.0 36.7156684 -4.4911612 0.00 270.60 1.02 36.7156684 -4.4911563 0.00 271.52 1.08 0.000 38.672 15:32:50.73
75 -2 -22.6 -23.0 1.230 -5.289 0.0 0.0 0.0 36.7156684 -4.4911612 0.00 270.60 1.02 36.7156684 -4.4911563 0.00 271.52 1.08 0.000 38.672 15:32:50.82
75 -2 -22.6 -23.0 1.107 -6.273 0.0 0.0 0.0 36.7156684 -4.4911624 0.00 270.51 1.00 36.7156684 -4.4911587 0.00 270.82 1.27 0.000 38.672 15:32:50.92
75 -2 -22.6 -23.0 0.861 -4.551 0.0 0.0 0.0 36.7156684 -4.4911624 0.00 270.51 1.00 36.7156684 -4.4911587 0.00 270.82 1.27 0.000 38.672 15:32:51.03
75 -2 -22.6 -23.0 4.428 -1.968 0.0 0.0 0.0 36.7156684 -4.4911635 0.00 270.22 0.98 36.7156684 -4.4911598 0.00 270.82 0.90 0.000 38.672 15:32:51.12
75 -2 -22.6 -23.0 0.123 -6.642 0.0 0.0 0.0 36.7156684 -4.4911635 0.00 270.22 0.98 36.7156684 -4.4911598 0.00 270.82 0.90 0.000 38.672 15:32:51.23
75 -2 -22.6 -23.0 0.369 -2.460 0.0 0.0 0.0 36.7156684 -4.4911647 0.00 269.96 1.01 36.7156684 -4.4911598 0.00 270.82 0.90 0.000 38.672 15:32:51.32
75 -2 -22.6 -23.0 1.968 -3.321 0.0 0.0 0.0 36.7156684 -4.4911647 0.00 269.96 1.01 36.7156684 -4.4911598 0.00 270.82 0.90 0.000 38.672 15:32:51.43
75 -2 -22.6 -23.0 -0.123 -2.706 0.0 0.0 0.0 36.7156684 -4.4911658 0.00 269.80 0.96 36.7156685 -4.4911621 0.00 271.34 1.02 0.000 38.672 15:32:51.53
75 -2 -22.6 -23.0 3.321 -2.091 0.0 0.0 0.0 36.7156684 -4.4911658 0.00 269.80 0.96 36.7156685 -4.4911621 0.00 271.34 1.02 0.000 38.672 15:32:51.62
75 -2 -22.6 -23.0 -0.615 -7.380 0.0 0.0 0.0 36.7156683 -4.4911669 0.00 269.72 0.95 36.7156685 -4.4911631 0.00 271.34 0.86 0.000 38.672 15:32:51.73
75 -3 -22.6 -23.0 3.075 -2.214 0.0 0.0 0.0 36.7156683 -4.4911669 0.00 269.72 0.95 36.7156685 -4.4911631 0.00 271.34 0.86 0.000 38.672 15:32:51.82
75 -3 -22.6 -23.0 -0.615 -5.043 0.0 0.0 0.0 36.7156683 -4.4911680 0.00 269.52 0.99 36.7156685 -4.4911631 0.00 271.34 0.86 0.000 38.672 15:32:51.93
75 -3 -22.6 -23.0 1.722 -5.412 0.0 0.0 0.0 36.7156683 -4.4911680 0.00 269.52 0.99 36.7156685 -4.4911631 0.00 271.34 0.86 0.000 38.672 15:32:52.03
75 -3 -22.6 -23.0 0.369 -6.027 0.0 0.0 0.0 36.7156683 -4.4911692 0.00 269.25 0.99 36.7156684 -4.4911653 0.00 271.34 0.96 0.000 38.672 15:32:52.14
75 -2 -22.6 -23.0 -2.091 -7.134 0.0 0.0 0.0 36.7156683 -4.4911692 0.00 269.25 0.99 36.7156684 -4.4911653 0.00 271.34 0.96 0.000 38.672 15:32:52.23
75 -2 -22.6 -23.0 3.936 -5.904 0.0 0.0 0.0 36.7156682 -4.4911703 0.00 268.88 0.98 36.7156684 -4.4911665 0.00 276.32 1.19 0.000 38.672 15:32:52.32
75 -8 -22.6 -23.0 -2.952 -7.749 0.0 0.0 0.0 36.7156682 -4.4911703 0.00 268.88 0.98 36.7156684 -4.4911665 0.00 276.32 1.19 0.000 38.672 15:32:52.43
75 -8 -22.6 -23.0 1.107 -8.487 0.0 0.0 0.0 36.7156682 -4.4911714 0.00 268.59 1.00 36.7156684 -4.4911665 0.00 276.32 1.19 0.000 38.672 15:32:52.53
75 -8 -22.6 -23.0 -5.043 -7.011 0.0 0.0 0.0 36.7156682 -4.4911714 0.00 268.59 1.00 36.7156684 -4.4911665 0.00 276.32 1.19 0.000 38.672 15:32:52.64
75 -8 -22.6 -23.0 -1.722 -8.241 0.0 0.0 0.0 36.7156681 -4.4911725 0.00 268.41 0.99 36.7156684 -4.4911688 0.00 270.25 0.97 0.000 38.672 15:32:52.73
75 -1 -22.6 -23.0 -1.722 -10.578 0.0 0.0 0.0 36.7156681 -4.4911725 0.00 268.41 0.99 36.7156684 -4.4911688 0.00 270.25 0.97 0.000 38.672 15:32:52.82
75 -1 -22.6 -23.0 -0.738 -5.781 0.0 0.0 0.0 36.7156680 -4.4911736 0.00 267.60 1.09 36.7156683 -4.4911700 0.00 264.96 1.15 0.000 38.672 15:32:52.93
75 5 -22.6 -23.0 -0.246 -8.118 0.0 0.0 0.0 36.7156680 -4.4911736 0.00 267.60 1.09 36.7156683 -4.4911700 0.00 264.96 1.15 0.000 38.672 15:32:53.03
75 5 -22.6 -23.0 0.000 -1.845 0.0 0.0 0.0 36.7156679 -4.4911747 0.00 266.86 1.01 36.7156683 -4.4911700 0.00 264.96 1.15 0.000 38.672 15:32:53.14
75 5 -22.6 -23.0 4.920 -1.968 0.0 0.0 0.0 36.7156679 -4.4911747 0.00 266.86 1.01 36.7156683 -4.4911700 0.00 264.96 1.15 0.000 38.672 15:32:53.23
75 5 -22.6 -23.0 1.476 -2.829 0.0 0.0 0.0 36.7156679 -4.4911758 0.00 266.79 0.92 36.7156682 -4.4911721 0.00 264.96 0.79 0.000 38.672 15:32:53.32
75 5 -22.6 -23.0 4.797 -0.738 0.0 0.0 0.0 36.7156679 -4.4911758 0.00 266.79 0.92 36.7156682 -4.4911721 0.00 264.96 0.79 0.000 38.672 15:32:53.43
75 5 -22.6 -23.0 9.225 1.230 0.0 0.0 0.0 36.7156679 -4.4911769 0.00 267.20 0.98 36.7156681 -4.4911733 0.00 265.32 1.17 0.000 38.672 15:32:53.53
75 5 -22.6 -23.0 5.043 1.353 0.0 0.0 0.0 36.7156679 -4.4911769 0.00 267.20 0.98 36.7156681 -4.4911733 0.00 265.32 1.17 0.000 38.672 15:32:53.64
75 5 -22.6 -23.0 12.054 2.829 0.0 0.0 0.0 36.7156679 -4.4911780 0.00 267.75 1.02 36.7156681 -4.4911733 0.00 265.32 1.17 0.000 38.672 15:32:53.73
75 5 -22.6 -23.0 3.813 0.246 0.0 0.0 0.0 36.7156679 -4.4911780 0.00 267.75 1.02 36.7156681 -4.4911733 0.00 265.32 1.17 0.000 38.672 15:32:53.84
75 5 -22.6 -23.0 9.594 3.813 0.0 0.0 0.0 36.7156679 -4.4911792 0.00 268.42 1.01 36.7156680 -4.4911755 0.00 268.58 0.86 0.000 38.672 15:32:53.93
75 2 -22.6 -23.0 6.027 2.214 0.0 0.0 0.0 36.7156679 -4.4911792 0.00 268.42 1.01 36.7156680 -4.4911755 0.00 268.58 0.86 0.000 38.672 15:32:54.03
75 2 -22.6 -23.0 8.364 2.337 0.0 0.0 0.0 36.7156679 -4.4911803 0.00 269.10 0.99 36.7156680 -4.4911767 0.00 270.01 1.13 0.000 38.672 15:32:54.14
75 0 -22.6 -23.0 9.717 1.476 0.0 0.0 0.0 36.7156679 -4.4911803 0.00 269.10 0.99 36.7156680 -4.4911767 0.00 270.01 1.13 0.000 38.672 15:32:54.23
75 0 -22.2 -23.4 4.920 0.246 0.0 0.0 0.0 36.7156679 -4.4911815 0.00 269.77 0.96 36.7156680 -4.4911767 0.00 270.01 1.13 0.000 38.457 15:32:54.34
75 0 -22.2 -23.4 10.578 1.476 0.0 0.0 0.0 36.7156679 -4.4911815 0.00 269.77 0.96 36.7156680 -4.4911767 0.00 270.01 1.13 0.000 38.457 15:32:54.43
75 0 -22.2 -23.4 5.535 -0.615 0.0 0.0 0.0 36.7156680 -4.4911826 0.00 270.14 1.01 36.7156680 -4.4911789 0.00 271.48 1.02 0.000 38.457 15:32:54.53
75 -2 -22.2 -23.4 7.380 0.738 0.0 0.0 0.0 36.7156680 -4.4911826 0.00 270.14 1.01 36.7156680 -4.4911789 0.00 271.48 1.02 0.000 38.457 15:32:54.64
75 -2 -22.2 -23.4 3.813 -1.353 0.0 0.0 0.0 36.7156680 -4.4911838 0.00 270.30 1.04 36.7156680 -4.4911801 0.00 276.04 1.01 0.000 38.457 15:32:54.73
75 -7 -22.2 -23.4 1.230 -2.583 0.0 0.0 0.0 36.7156680 -4.4911838 0.00 270.30 1.04 36.7156680 -4.4911801 0.00 276.04 1.01 0.000 38.457 15:32:54.84
75 -7 -22.2 -23.4 0.984 -5.535 0.0 0.0 0.0 36.7156680 -4.4911849 0.00 270.39 0.98 36.7156680 -4.4911801 0.00 276.04 1.01 0.000 38.457 15:32:54.93
75 -7 -22.2 -23.4 0.000 -2.829 0.0 0.0 0.0 36.7156680 -4.4911849 0.00 270.39 0.98 36.7156680 -4.4911801 0.00 276.04 1.01 0.000 38.457 15:32:55.03
75 -7 -22.2 -23.4 0.492 -6.396 0.0 0.0 0.0 36.7156680 -4.4911860 0.00 270.20 1.00 36.7156681 -4.4911823 0.00 275.18 0.95 0.000 38.457 15:32:55.14
75 -6 -22.2 -23.4 -1.107 -4.551 0.0 0.0 0.0 36.7156680 -4.4911860 0.00 270.20 1.00 36.7156681 -4.4911823 0.00 275.18 0.95 0.000 38.457 15:32:55.23
75 -6 -22.2 -23.4 0.861 -10.824 0.0 0.0 0.0 36.7156679 -4.4911871 0.00 269.63 0.96 36.7156680 -4.4911835 0.00 274.86 1.18 0.000 38.457 15:32:55.34
75 -6 -22.2 -23.4 -2.460 -7.995 0.0 0.0 0.0 36.7156679 -4.4911871 0.00 269.63 0.96 36.7156680 -4.4911835 0.00 274.86 1.18 0.000 38.457 15:32:55.43
75 -6 -22.2 -23.4 -0.984 -8.118 0.0 0.0 0.0 36.7156678 -4.4911882 0.00 269.00 0.99 36.7156680 -4.4911835 0.00 274.86 1.18 0.000 38.457 15:32:55.54
75 -6 -22.2 -23.4 -3.321 -9.471 0.0 0.0 0.0 36.7156678 -4.4911882 0.00 269.00 0.99 36.7156680 -4.4911835 0.00 274.86 1.18 0.000 38.457 15:32:55.64
75 -6 -22.2 -23.4 -2.214 -5.166 0.0 0.0 0.0 36.7156677 -4.4911892 0.00 268.45 0.90 36.7156679 -4.4911857 0.00 274.86 0.90 0.000 38.457 15:32:55.73
75 -5 -22.2 -23.4 -2.706 -12.177 0.0 0.0 0.0 36.7156677 -4.4911892 0.00 268.45 0.90 36.7156679 -4.4911857 0.00 274.86 0.90 0.000 38.457 15:32:55.84
75 -5 -22.2 -23.4 -3.690 -6.888 0.0 0.0 0.0 36.7156676 -4.4911904 0.00 267.95 0.95 36.7156679 -4.4911867 0.00 274.86 0.81 0.000 38.457 15:32:55.93
75 -5 -22.2 -23.4 0.369 -7.749 0.0 0.0 0.0 36.7156676 -4.4911904 0.00 267.95 0.95 36.7156679 -4.4911867 0.00 274.86 0.81 0.000 38.457 15:32:56.04
75 -5 -22.2 -23.4 -5.043 -8.118 0.0 0.0 0.0 36.7156676 -4.4911904 0.00 267.95 0.95 36.7156679 -4.4911867 0.00 274.86 0.81 0.000 38.457 15:32:56.15
75 -5 -22.2 -23.4 1.599 -7.872 0.0 0.0 0.0 36.7156675 -4.4911915 0.00 267.45 0.88 36.7156679 -4.4911867 0.00 274.86 0.81 0.000 38.457 15:32:56.25
75 -5 -22.2 -23.4 -4.059 -10.332 0.0 0.0 0.0 36.7156674 -4.4911927 0.00 266.94 0.96 36.7156677 -4.4911890 0.00 262.83 0.92 0.000 38.457 15:32:56.34
75 10 -22.2 -23.4 5.289 -1.722 0.0 0.0 0.0 36.7156674 -4.4911927 0.00 266.94 0.96 36.7156677 -4.4911890 0.00 262.83 0.92 0.000 38.457 15:32:56.45
75 10 -22.2 -23.4 1.968 -5.904 0.0 0.0 0.0 36.7156673 -4.4911938 0.00 266.49 0.97 36.7156677 -4.4911902 0.00 262.83 0.95 0.000 38.457 15:32:56.54
75 10 -22.2 -23.4 1.968 -2.091 0.0 0.0 0.0 36.7156673 -4.4911938 0.00 266.49 0.97 36.7156677 -4.4911902 0.00 262.83 0.95 0.000 38.457 15:32:56.65
75 10 -22.2 -23.4 2.214 0.246 0.0 0.0 0.0 36.7156673 -4.4911950 0.00 266.05 0.94 36.7156677 -4.4911902 0.00 262.83 0.95 0.000 38.457 15:32:56.75
75 10 -22.2 -23.4 7.011 1.230 0.0 0.0 0.0 36.7156673 -4.4911950 0.00 266.05 0.94 36.7156677 -4.4911902 0.00 262.83 0.95 0.000 38.457 15:32:56.85
75 10 -22.2 -23.4 8.610 3.198 0.0 0.0 0.0 36.7156673 -4.4911961 0.00 266.75 1.00 36.7156676 -4.4911926 0.00 276.42 1.31 0.000 38.457 15:32:56.95
75 10 -22.2 -23.4 9.840 3.075 0.0 0.0 0.0 36.7156673 -4.4911961 0.00 266.75 1.00 36.7156676 -4.4911926 0.00 276.42 1.31 0.000 38.457 15:32:57.04
75 -8 -22.2 -23.4 13.038 7.134 0.0 0.0 0.0 36.7156674 -4.4911972 0.00 267.57 0.99 36.7156675 -4.4911936 0.00 276.42 0.77 0.000 38.457 15:32:57.15
75 -8 -22.2 -23.4 4.920 -2.460 0.0 0.0 0.0 36.7156674 -4.4911972 0.00 267.57 0.99 36.7156675 -4.4911936 0.00 276.42 0.77 0.000 38.457 15:32:57.25
75 -8 -22.2 -23.4 6.519 2.583 0.0 0.0 0.0 36.7156674 -4.4911972 0.00 267.57 0.99 36.7156675 -4.4911936 0.00 276.42 0.77 0.000 38.457 15:32:57.35
75 -8 -22.2 -23.4 3.690 -1.845 0.0 0.0 0.0 36.7156674 -4.4911984 0.00 268.54 0.98 36.7156675 -4.4911936 0.00 276.42 0.77 0.000 38.457 15:32:57.46
75 -8 -22.2 -23.4 3.690 -3.198 0.0 0.0 0.0 36.7156673 -4.4911994 0.00 269.37 0.95 36.7156675 -4.4911958 0.00 276.42 0.96 0.000 38.457 15:32:57.56
75 -8 -22.2 -23.4 0.246 -5.412 0.0 0.0 0.0 36.7156673 -4.4911994 0.00 269.37 0.95 36.7156675 -4.4911958 0.00 276.42 0.96 0.000 38.457 15:32:57.65
75 -8 -22.2 -23.4 2.091 -2.952 0.0 0.0 0.0 36.7156673 -4.4912006 0.00 268.80 1.08 36.7156675 -4.4911969 0.00 276.42 0.97 0.000 38.457 15:32:57.76
75 -8 -22.2 -23.4 -1.722 -6.150 0.0 0.0 0.0 36.7156673 -4.4912006 0.00 268.80 1.08 36.7156675 -4.4911969 0.00 276.42 0.97 0.000 38.457 15:32:57.85
75 -8 -22.2 -23.4 -1.722 -6.519 0.0 0.0 0.0 36.7156673 -4.4912017 0.00 268.42 1.01 36.7156675 -4.4911969 0.00 276.42 0.97 0.000 38.457 15:32:57.96
75 -8 -22.2 -23.4 0.369 -7.011 0.0 0.0 0.0 36.7156673 -4.4912017 0.00 268.42 1.01 36.7156675 -4.4911969 0.00 276.42 0.97 0.000 38.457 15:32:58.06
75 -2 -22.2 -23.4 -2.829 -8.487 0.0 0.0 0.0 36.7156672 -4.4912029 0.00 267.73 1.08 36.7156675 -4.4911991 0.00 270.84 0.86 0.000 38.457 15:32:58.15
75 -2 -22.2 -23.4 -0.861 -4.305 0.0 0.0 0.0 36.7156672 -4.4912029 0.00 267.73 1.08 36.7156675 -4.4911991 0.00 270.84 0.86 0.000 38.457 15:32:58.26
75 0 -22.2 -23.4 -0.861 -7.872 0.0 0.0 0.0 36.7156671 -4.4912040 0.00 267.00 1.06 36.7156674 -4.4912002 0.00 269.10 1.02 0.000 38.457 15:32:58.35
75 0 -22.2 -23.4 -1.476 -4.674 0.0 0.0 0.0 36.7156671 -4.4912040 0.00 267.00 1.06 36.7156674 -4.4912002 0.00 269.10 1.02 0.000 38.457 15:32:58.46
75 0 -22.2 -23.4 0.492 -7.995 0.0 0.0 0.0 36.7156671 -4.4912052 0.00 266.35 1.06 36.7156674 -4.4912002 0.00 269.10 1.02 0.000 38.457 15:32:58.56
75 0 -22.2 -23.4 -0.984 -2.091 0.0 0.0 0.0 36.7156671 -4.4912052 0.00 266.35 1.06 36.7156674 -4.4912002 0.00 269.10 1.02 0.000 38.457 15:32:58.67
75 4 -22.2 -23.4 1.230 -5.043 0.0 0.0 0.0 36.7156670 -4.4912064 0.00 266.21 1.02 36.7156673 -4.4912026 0.00 266.01 1.06 0.000 38.457 15:32:58.76
75 4 -22.2 -23.4 1.599 -4.551 0.0 0.0 0.0 36.7156670 -4.4912064 0.00 266.21 1.02 36.7156673 -4.4912026 0.00 266.01 1.06 0.000 38.457 15:32:58.85
75 4 -22.2 -23.4 1.722 -2.091 0.0 0.0 0.0 36.7156669 -4.4912074 0.00 266.17 0.94 36.7156672 -4.4912037 0.00 266.01 0.84 0.000 38.457 15:32:58.96
75 4 -22.2 -23.4 1.476 -5.781 0.0 0.0 0.0 36.7156669 -4.4912074 0.00 266.17 0.94 36.7156672 -4.4912037 0.00 266.01 0.84 0.000 38.457 15:32:59.06
75 4 -22.2 -23.4 4.305 0.123 0.0 0.0 0.0 36.7156669 -4.4912085 0.00 266.34 0.96 36.7156672 -4.4912037 0.00 266.01 0.84 0.000 38.457 15:32:59.17
75 4 -22.2 -23.7 1.722 -4.182 0.0 0.0 0.0 36.7156669 -4.4912085 0.00 266.34 0.96 36.7156672 -4.4912037 0.00 266.01 0.84 0.000 38.457 15:32:59.26
75 -7 -22.2 -23.7 3.444 -1.107 0.0 0.0 0.0 36.7156669 -4.4912096 0.00 266.65 0.92 36.7156671 -4.4912059 0.00 276.00 0.81 0.000 38.457 15:32:59.35
75 -7 -22.2 -23.7 0.369 -6.765 0.0 0.0 0.0 36.7156669 -4.4912096 0.00 266.65 0.92 36.7156671 -4.4912059 0.00 276.00 0.81 0.000 38.457 15:32:59.46
75 0 -22.2 -23.7 1.107 -3.444 0.0 0.0 0.0 36.7156668 -4.4912107 0.00 267.00 1.03 36.7156671 -4.4912071 0.00 269.60 1.09 0.000 38.457 15:32:59.56
75 0 -22.2 -23.7 5.658 -0.246 0.0 0.0 0.0 36.7156668 -4.4912107 0.00 267.00 1.03 36.7156671 -4.4912071 0.00 269.60 1.09 0.000 38.457 15:32:59.67
75 0 -22.2 -23.7 0.492 -5.658 0.0 0.0 0.0 36.7156667 -4.4912119 0.00 267.25 0.95 36.7156671 -4.4912071 0.00 269.60 1.09 0.000 38.457 15:32:59.76
75 0 -22.2 -23.7 1.353 -3.690 0.0 0.0 0.0 36.7156667 -4.4912119 0.00 267.25 0.95 36.7156671 -4.4912071 0.00 269.60 1.09 0.000 38.457 15:32:59.87
75 1 -22.2 -23.7 0.123 -6.765 0.0 0.0 0.0 36.7156667 -4.4912130 0.00 266.87 1.04 36.7156669 -4.4912092 0.00 269.60 0.92 0.000 38.457 15:32:59.96
75 1 -22.2 -23.7 2.829 1.230 0.0 0.0 0.0 36.7156667 -4.4912130 0.00 266.87 1.04 36.7156669 -4.4912092 0.00 269.60 0.92 0.000 38.457 15:33:00.06
75 0 -22.2 -23.7 0.984 -5.535 0.0 0.0 0.0 36.7156667 -4.4912141 0.00 266.98 0.98 36.7156668 -4.4912105 0.00 270.64 1.18 0.000 38.457 15:33:00.17
75 0 -22.2 -23.7 2.091 -1.230 0.0 0.0 0.0 36.7156667 -4.4912141 0.00 266.98 0.98 36.7156668 -4.4912105 0.00 270.64 1.18 0.000 38.457 15:33:00.26
75 0 -22.2 -23.7 3.936 -1.476 0.0 0.0 0.0 36.7156666 -4.4912152 0.00 267.07 0.92 36.7156668 -4.4912105 0.00 270.64 1.18 0.000 38.457 15:33:00.37
75 0 -22.2 -23.7 0.492 -4.182 0.0 0.0 0.0 36.7156666 -4.4912152 0.00 267.07 0.92 36.7156668 -4.4912105 0.00 270.64 1.18 0.000 38.457 15:33:00.46
75 2 -22.2 -23.7 4.674 0.369 0.0 0.0 0.0 36.7156665 -4.4912163 0.00 267.11 0.95 36.7156667 -4.4912128 0.00 269.11 1.13 0.000 38.457 15:33:00.57
75 2 -22.2 -23.7 1.599 -4.305 0.0 0.0 0.0 36.7156665 -4.4912163 0.00 267.11 0.95 36.7156667 -4.4912128 0.00 269.11 1.13 0.000 38.457 15:33:00.67
75 2 -22.2 -23.7 4.182 1.599 0.0 0.0 0.0 36.7156665 -4.4912175 0.00 267.18 1.00 36.7156667 -4.4912138 0.00 269.11 0.73 0.000 38.457 15:33:00.76
75 2 -22.2 -23.7 5.166 -1.353 0.0 0.0 0.0 36.7156665 -4.4912175 0.00 267.18 1.00 36.7156667 -4.4912138 0.00 269.11 0.73 0.000 38.457 15:33:00.87
75 2 -22.2 -23.7 2.583 -3.690 0.0 0.0 0.0 36.7156664 -4.4912186 0.00 267.20 0.98 36.7156667 -4.4912138 0.00 269.11 0.73 0.000 38.457 15:33:00.96
75 2 -22.2 -23.7 7.503 -0.861 0.0 0.0 0.0 36.7156664 -4.4912186 0.00 267.20 0.98 36.7156667 -4.4912138 0.00 269.11 0.73 0.000 38.457 15:33:01.07
75 0 -22.2 -23.7 3.690 -3.321 0.0 0.0 0.0 36.7156664 -4.4912197 0.00 267.32 0.96 36.7156666 -4.4912162 0.00 270.58 1.03 0.000 38.457 15:33:01.17
75 0 -22.2 -23.7 6.642 0.738 0.0 0.0 0.0 36.7156664 -4.4912197 0.00 267.32 0.96 36.7156666 -4.4912162 0.00 270.58 1.03 0.000 38.457 15:33:01.26
75 0 -22.2 -23.7 1.230 -4.797 0.0 0.0 0.0 36.7156664 -4.4912208 0.00 267.57 0.97 36.7156666 -4.4912172 0.00 270.58 0.77 0.000 38.457 15:33:01.37
75 0 -22.2 -23.7 2.460 0.738 0.0 0.0 0.0 36.7156664 -4.4912208 0.00 267.57 0.97 36.7156666 -4.4912172 0.00 270.58 0.77 0.000 38.457 15:33:01.46
75 0 -22.2 -23.7 4.551 -1.353 0.0 0.0 0.0 36.7156663 -4.4912218 0.00 267.87 0.92 36.7156666 -4.4912172 0.00 270.58 0.77 0.000 38.457 15:33:01.57
75 0 -22.2 -23.7 3.690 -3.321 0.0 0.0 0.0 36.7156663 -4.4912218 0.00 267.87 0.92 36.7156666 -4.4912172 0.00 270.58 0.77 0.000 38.457 15:33:01.67
75 4 -22.2 -23.7 6.027 -0.246 0.0 0.0 0.0 36.7156663 -4.4912230 0.00 268.01 1.04 36.7156665 -4.4912194 0.00 267.65 1.13 0.000 38.457 15:33:01.78
75 4 -22.2 -23.7 3.321 -3.567 0.0 0.0 0.0 36.7156663 -4.4912230 0.00 268.01 1.04 36.7156665 -4.4912194 0.00 267.65 1.13 0.000 38.457 15:33:01.87
75 -10 -22.2 -23.7 5.535 0.861 0.0 0.0 0.0 36.7156663 -4.4912241 0.00 268.03 0.96 36.7156665 -4.4912205 0.00 279.77 1.04 0.000 38.457 15:33:01.96
75 -10 -22.2 -23.7 2.091 -6.642 0.0 0.0 0.0 36.7156663 -4.4912241 0.00 268.03 0.96 36.7156665 -4.4912205 0.00 279.77 1.04 0.000 38.457 15:33:02.07
75 -10 -22.2 -23.7 1.476 -1.107 0.0 0.0 0.0 36.7156663 -4.4912252 0.00 268.12 0.99 36.7156665 -4.4912205 0.00 279.77 1.04 0.000 38.457 15:33:02.17
75 -10 -22.2 -23.7 3.567 -4.428 0.0 0.0 0.0 36.7156663 -4.4912252 0.00 268.12 0.99 36.7156665 -4.4912205 0.00 279.77 1.04 0.000 38.457 15:33:02.28
75 -11 -22.2 -23.7 -1.230 -6.519 0.0 0.0 0.0 36.7156663 -4.4912265 0.00 268.39 1.04 36.7156665 -4.4912228 0.00 280.57 1.09 0.000 38.457 15:33:02.37
75 -11 -22.2 -23.7 -2.460 -5.904 0.0 0.0 0.0 36.7156663 -4.4912265 0.00 268.39 1.04 36.7156665 -4.4912228 0.00 280.57 1.09 0.000 38.457 15:33:02.46
75 -11 -22.2 -23.7 -3.198 -10.578 0.0 0.0 0.0 36.7156662 -4.4912276 0.00 267.48 1.02 36.7156665 -4.4912238 0.00 280.57 0.92 0.000 38.457 15:33:02.57
75 -11 -22.2 -23.7 -4.059 -9.471 0.0 0.0 0.0 36.7156662 -4.4912276 0.00 267.48 1.02 36.7156665 -4.4912238 0.00 280.57 0.92 0.000 38.457 15:33:02.67
75 -11 -22.2 -23.7 -1.353 -9.594 0.0 0.0 0.0 36.7156661 -4.4912287 0.00 266.63 1.00 36.7156665 -4.4912238 0.00 280.57 0.92 0.000 38.457 15:33:02.78
75 -11 -22.2 -23.7 -3.567 -11.808 0.0 0.0 0.0 36.7156661 -4.4912287 0.00 266.63 1.00 36.7156665 -4.4912238 0.00 280.57 0.92 0.000 38.457 15:33:02.87
75 7 -22.2 -23.7 -5.412 -10.332 0.0 0.0 0.0 36.7156660 -4.4912298 0.00 265.64 0.99 36.7156663 -4.4912262 0.00 265.51 0.85 0.000 38.457 15:33:02.98
75 7 -22.2 -23.7 2.583 -10.701 0.0 0.0 0.0 36.7156660 -4.4912298 0.00 265.64 0.99 36.7156663 -4.4912262 0.00 265.51 0.85 0.000 38.457 15:33:03.07
75 7 -22.2 -23.7 -1.968 -7.503 0.0 0.0 0.0 36.7156658 -4.4912308 0.00 264.48 0.96 36.7156662 -4.4912272 0.00 265.51 0.88 0.000 38.457 15:33:03.17
75 7 -22.2 -23.7 -1.476 -5.166 0.0 0.0 0.0 36.7156658 -4.4912308 0.00 264.48 0.96 36.7156662 -4.4912272 0.00 265.51 0.88 0.000 38.457 15:33:03.28
75 7 -22.2 -23.7 1.476 -0.246 0.0 0.0 0.0 36.7156657 -4.4912320 0.00 263.80 0.95 36.7156662 -4.4912272 0.00 265.51 0.88 0.000 38.457 15:33:03.37
75 7 -22.2 -23.7 0.984 -2.706 0.0 0.0 0.0 36.7156657 -4.4912320 0.00 263.80 0.95 36.7156662 -4.4912272 0.00 265.51 0.88 0.000 38.457 15:33:03.48
75 8 -22.2 -23.7 5.781 0.492 0.0 0.0 0.0 36.7156657 -4.4912331 0.00 264.38 0.90 36.7156660 -4.4912295 0.00 265.79 1.13 0.000 38.457 15:33:03.57
75 8 -22.2 -23.7 7.626 3.075 0.0 0.0 0.0 36.7156657 -4.4912331 0.00 264.38 0.90 36.7156660 -4.4912295 0.00 265.79 1.13 0.000 38.457 15:33:03.67
75 8 -22.2 -23.7 4.305 -0.738 0.0 0.0 0.0 36.7156656 -4.4912342 0.00 264.80 1.05 36.7156660 -4.4912306 0.00 265.79 0.94 0.000 38.457 15:33:03.78
75 8 -22.2 -23.7 10.209 2.214 0.0 0.0 0.0 36.7156656 -4.4912342 0.00 264.80 1.05 36.7156660 -4.4912306 0.00 265.79 0.94 0.000 38.457 15:33:03.87
75 8 -22.2 -23.7 4.797 -0.246 0.0 0.0 0.0 36.7156655 -4.4912354 0.00 265.61 1.05 36.7156660 -4.4912306 0.00 265.79 0.94 0.000 38.457 15:33:03.98
75 8 -22.2 -23.7 8.118 3.936 0.0 0.0 0.0 36.7156655 -4.4912354 0.00 265.61 1.05 36.7156660 -4.4912306 0.00 265.79 0.94 0.000 38.457 15:33:04.07
75 9 -22.2 -23.7 8.610 2.337 0.0 0.0 0.0 36.7156655 -4.4912365 0.00 266.42 0.95 36.7156658 -4.4912327 0.00 265.79 0.96 0.000 38.457 15:33:04.18
75 9 -21.1 -24.9 10.578 4.551 0.0 0.0 0.0 36.7156655 -4.4912365 0.00 266.42 0.95 36.7156658 -4.4912327 0.00 265.79 0.96 0.000 37.812 15:33:04.28
75 19 -21.1 -24.9 12.915 4.797 0.0 0.0 0.0 36.7156655 -4.4912377 0.00 267.36 1.00 36.7156657 -4.4912339 0.00 257.99 1.07 0.000 37.812 15:33:04.37
75 19 -21.1 -24.9 11.439 6.150 0.0 0.0 0.0 36.7156655 -4.4912377 0.00 267.36 1.00 36.7156657 -4.4912339 0.00 257.99 1.07 0.000 37.812 15:33:04.48
75 19 -21.1 -24.9 12.915 7.995 0.0 0.0 0.0 36.7156655 -4.4912388 0.00 268.45 1.00 36.7156657 -4.4912339 0.00 257.99 1.07 0.000 37.812 15:33:04.57
75 19 -21.1 -24.9 11.562 5.658 0.0 0.0 0.0 36.7156655 -4.4912388 0.00 268.45 1.00 36.7156657 -4.4912339 0.00 257.99 1.07 0.000 37.812 15:33:04.68
75 1 -21.1 -24.9 14.760 8.487 0.0 0.0 0.0 36.7156656 -4.4912399 0.00 269.81 0.95 36.7156656 -4.4912363 0.00 273.32 0.93 0.000 37.812 15:33:04.78
75 1 -21.1 -24.9 13.161 -1.722 0.0 0.0 0.0 36.7156656 -4.4912399 0.00 269.81 0.95 36.7156656 -4.4912363 0.00 273.32 0.93 0.000 37.812 15:33:04.89
75 2 -21.1 -24.9 12.546 7.257 0.0 0.0 0.0 36.7156657 -4.4912410 0.00 271.76 0.98 36.7156656 -4.4912373 0.00 273.32 0.75 0.000 37.812 15:33:04.98
75 2 -21.1 -24.9 11.685 3.075 0.0 0.0 0.0 36.7156657 -4.4912410 0.00 271.76 0.98 36.7156656 -4.4912373 0.00 273.32 0.75 0.000 37.812 15:33:05.07
75 2 -21.1 -24.9 9.963 8.241 0.0 0.0 0.0 36.7156657 -4.4912421 0.00 273.09 1.04 36.7156656 -4.4912373 0.00 273.32 0.75 0.000 37.812 15:33:05.18
75 2 -21.1 -24.9 14.391 3.198 0.0 0.0 0.0 36.7156657 -4.4912421 0.00 273.09 1.04 36.7156656 -4.4912373 0.00 273.32 0.75 0.000 37.812 15:33:05.28
75 -7 -21.1 -24.9 9.840 2.952 0.0 0.0 0.0 36.7156658 -4.4912434 0.00 273.64 1.04 36.7156657 -4.4912394 0.00 280.63 1.09 0.000 37.812 15:33:05.39
75 -7 -21.1 -24.9 2.091 1.968 0.0 0.0 0.0 36.7156658 -4.4912434 0.00 273.64 1.04 36.7156657 -4.4912405 0.00 275.09 1.06 0.000 37.812 15:33:05.48
75 0 -21.1 -24.9 1.476 -0.738 0.0 0.0 0.0 36.7156659 -4.4912446 0.00 274.60 1.06 36.7156657 -4.4912405 0.00 275.09 1.06 0.000 37.812 15:33:05.59
75 0 -21.1 -24.9 8.733 1.476 0.0 0.0 0.0 36.7156659 -4.4912446 0.00 274.60 1.06 36.7156657 -4.4912405 0.00 275.09 1.06 0.000 37.812 15:33:05.68
75 0 -21.1 -24.9 1.107 -4.305 0.0 0.0 0.0 36.7156660 -4.4912456 0.00 275.53 0.94 36.7156657 -4.4912405 0.00 275.09 1.06 0.000 37.812 15:33:05.78
75 0 -21.1 -24.9 1.968 1.599 0.0 0.0 0.0 36.7156660 -4.4912456 0.00 275.53 0.94 36.7156657 -4.4912405 0.00 275.09 1.06 0.000 37.812 15:33:05.89
75 -3 -21.1 -24.9 4.551 -1.107 0.0 0.0 0.0 36.7156661 -4.4912467 0.00 275.09 1.07 36.7156660 -4.4912429 0.00 277.83 0.77 0.000 37.812 15:33:05.98
75 -3 -21.1 -24.9 1.107 -1.599 0.0 0.0 0.0 36.7156661 -4.4912467 0.00 275.09 1.07 36.7156660 -4.4912429 0.00 277.83 0.77 0.000 37.812 15:33:06.09
75 -3 -21.1 -24.9 4.797 -1.353 0.0 0.0 0.0 36.7156662 -4.4912478 0.00 275.39 0.95 36.7156660 -4.4912440 0.00 277.83 0.96 0.000 37.812 15:33:06.18
75 -3 -21.1 -24.9 0.369 -4.428 0.0 0.0 0.0 36.7156662 -4.4912478 0.00 275.39 0.95 36.7156660 -4.4912440 0.00 277.83 0.96 0.000 37.812 15:33:06.29
75 -3 -21.1 -24.9 5.412 -2.214 0.0 0.0 0.0 36.7156662 -4.4912489 0.00 275.52 0.99 36.7156660 -4.4912440 0.00 277.83 0.96 0.000 37.812 15:33:06.39
75 -3 -21.1 -24.9 -1.353 -7.749 0.0 0.0 0.0 36.7156662 -4.4912489 0.00 275.52 0.99 36.7156660 -4.4912440 0.00 277.83 0.96 0.000 37.812 15:33:06.48
75 -3 -21.1 -24.9 0.984 -3.813 0.0 0.0 0.0 36.7156663 -4.4912500 0.00 275.39 0.99 36.7156662 -4.4912462 0.00 274.14 0.97 0.000 37.812 15:33:06.59
75 -3 -21.1 -24.9 -2.952 -8.487 0.0 0.0 0.0 36.7156663 -4.4912500 0.00 275.39 0.99 36.7156662 -4.4912462 0.00 274.14 0.97 0.000 37.812 15:33:06.68
75 -4 -21.1 -24.9 0.738 -4.551 0.0 0.0 0.0 36.7156664 -4.4912511 0.00 275.01 0.97 36.7156663 -4.4912473 0.00 274.14 0.85 0.000 37.812 15:33:06.79
75 -4 -21.1 -24.9 0.861 -6.765 0.0 0.0 0.0 36.7156664 -4.4912511 0.00 275.01 0.97 36.7156663 -4.4912473 0.00 274.14 0.85 0.000 37.812 15:33:06.89
75 -4 -21.1 -24.9 -1.353 -8.610 0.0 0.0 0.0 36.7156664 -4.4912522 0.00 274.65 0.97 36.7156663 -4.4912473 0.00 274.14 0.85 0.000 37.812 15:33:07.00
75 -4 -21.1 -24.9 0.123 -3.690 0.0 0.0 0.0 36.7156664 -4.4912522 0.00 274.65 0.97 36.7156663 -4.4912473 0.00 274.14 0.85 0.000 37.812 15:33:07.09
75 -3 -21.1 -24.9 -3.813 -8.610 0.0 0.0 0.0 36.7156665 -4.4912533 0.00 274.33 0.92 36.7156665 -4.4912496 0.00 273.13 0.90 0.000 37.812 15:33:07.18
75 -3 -21.1 -24.9 -0.861 -6.027 0.0 0.0 0.0 36.7156665 -4.4912533 0.00 274.33 0.92 36.7156665 -4.4912496 0.00 273.13 0.90 0.000 37.812 15:33:07.29
75 -3 -21.1 -24.9 -1.968 -8.241 0.0 0.0 0.0 36.7156665 -4.4912544 0.00 274.01 0.92 36.7156664 -4.4912506 0.00 273.13 0.75 0.000 37.812 15:33:07.39
75 -3 -21.1 -24.9 -1.230 -7.749 0.0 0.0 0.0 36.7156665 -4.4912544 0.00 274.01 0.92 36.7156664 -4.4912506 0.00 273.13 0.75 0.000 37.812 15:33:07.50
75 -3 -21.1 -24.9 0.615 -5.289 0.0 0.0 0.0 36.7156665 -4.4912554 0.00 273.69 0.94 36.7156664 -4.4912506 0.00 273.13 0.75 0.000 37.812 15:33:07.59
75 -3 -21.1 -24.9 -0.369 -9.717 0.0 0.0 0.0 36.7156665 -4.4912554 0.00 273.69 0.94 36.7156664 -4.4912506 0.00 273.13 0.75 0.000 37.812 15:33:07.70
75 -3 -21.1 -24.9 -3.444 -5.043 0.0 0.0 0.0 36.7156666 -4.4912565 0.00 273.27 1.03 36.7156665 -4.4912529 0.00 273.39 1.13 0.000 37.812 15:33:07.79
75 -3 -21.1 -24.9 -2.706 -8.979 0.0 0.0 0.0 36.7156666 -4.4912565 0.00 273.27 1.03 36.7156665 -4.4912529 0.00 273.39 1.13 0.000 37.812 15:33:07.89
75 -3 -21.1 -24.9 -1.353 -5.904 0.0 0.0 0.0 36.7156666 -4.4912577 0.00 272.84 1.03 36.7156666 -4.4912538 0.00 273.39 0.85 0.000 37.812 15:33:08.00
75 -3 -21.1 -24.9 0.615 -5.658 0.0 0.0 0.0 36.7156666 -4.4912577 0.00 272.84 1.03 36.7156666 -4.4912538 0.00 273.39 0.85 0.000 37.812 15:33:08.09
75 -3 -21.1 -24.9 -1.845 -9.717 0.0 0.0 0.0 36.7156666 -4.4912588 0.00 272.52 1.05 36.7156666 -4.4912538 0.00 273.39 0.85 0.000 37.812 15:33:08.20
75 -3 -21.1 -24.9 0.369 -4.674 0.0 0.0 0.0 36.7156666 -4.4912588 0.00 272.52 1.05 36.7156666 -4.4912538 0.00 273.39 0.85 0.000 37.812 15:33:08.29
75 -26 -21.1 -24.9 -1.230 -6.765 0.0 0.0 0.0 36.7156666 -4.4912600 0.00 272.16 1.01 36.7156667 -4.4912562 0.00 292.32 0.85 0.000 37.812 15:33:08.39
75 -26 -21.1 -24.9 -10.209 -9.102 0.0 0.0 0.0 36.7156666 -4.4912600 0.00 272.16 1.01 36.7156667 -4.4912562 0.00 292.32 0.85 0.000 37.812 15:33:08.50
75 4 -21.1 -24.9 -4.551 -11.685 0.0 0.0 0.0 36.7156666 -4.4912612 0.00 271.78 0.95 36.7156666 -4.4912576 0.00 267.58 1.42 0.000 37.812 15:33:08.59
75 4 -21.1 -24.9 2.583 -8.856 0.0 0.0 0.0 36.7156666 -4.4912612 0.00 271.78 0.95 36.7156666 -4.4912576 0.00 267.58 1.42 0.000 37.812 15:33:08.70
75 4 -21.1 -24.9 -0.369 -10.578 0.0 0.0 0.0 36.7156665 -4.4912622 0.00 270.88 0.95 36.7156666 -4.4912576 0.00 267.58 1.42 0.000 37.812 15:33:08.79
75 4 -21.1 -24.9 -4.797 -3.075 0.0 0.0 0.0 36.7156665 -4.4912622 0.00 270.88 0.95 36.7156666 -4.4912576 0.00 267.58 1.42 0.000 37.812 15:33:08.90
75 9 -21.1 -24.9 0.000 -4.182 0.0 0.0 0.0 36.7156665 -4.4912634 0.00 268.80 1.03 36.7156666 -4.4912597 0.00 263.45 0.97 0.000 37.812 15:33:09.00
75 9 -21.1 -24.9 2.952 -2.337 0.0 0.0 0.0 36.7156665 -4.4912634 0.00 268.80 1.03 36.7156666 -4.4912597 0.00 263.45 0.97 0.000 37.812 15:33:09.09
75 8 -21.1 -24.9 4.674 -0.123 0.0 0.0 0.0 36.7156664 -4.4912645 0.00 268.95 0.92 36.7156667 -4.4912607 0.00 263.45 0.93 0.000 37.812 15:33:09.20
75 8 -21.1 -23.7 7.626 -2.460 0.0 0.0 0.0 36.7156664 -4.4912645 0.00 268.95 0.92 36.7156667 -4.4912607 0.00 263.45 0.93 0.000 38.457 15:33:09.29
75 8 -21.1 -23.7 4.059 3.813 0.0 0.0 0.0 36.7156664 -4.4912656 0.00 269.16 1.03 36.7156667 -4.4912607 0.00 263.45 0.93 0.000 38.457 15:33:09.40
75 8 -21.1 -23.7 7.257 0.861 0.0 0.0 0.0 36.7156664 -4.4912656 0.00 269.16 1.03 36.7156667 -4.4912607 0.00 263.45 0.93 0.000 38.457 15:33:09.50
75 8 -21.1 -23.7 6.642 4.797 0.0 0.0 0.0 36.7156665 -4.4912667 0.00 269.85 1.00 36.7156666 -4.4912630 0.00 263.93 0.75 0.000 38.457 15:33:09.59
75 8 -21.1 -23.7 8.241 2.952 0.0 0.0 0.0 36.7156665 -4.4912667 0.00 269.85 1.00 36.7156666 -4.4912630 0.00 263.93 0.75 0.000 38.457 15:33:09.70
75 6 -21.1 -23.7 7.503 1.599 0.0 0.0 0.0 36.7156665 -4.4912679 0.00 270.62 0.96 36.7156665 -4.4912642 0.00 265.79 1.16 0.000 38.457 15:33:09.79
75 6 -21.1 -23.7 9.717 3.198 0.0 0.0 0.0 36.7156665 -4.4912679 0.00 270.62 0.96 36.7156665 -4.4912642 0.00 265.79 1.16 0.000 38.457 15:33:09.90
75 6 -21.1 -23.7 7.503 0.984 0.0 0.0 0.0 36.7156666 -4.4912690 0.00 271.56 0.93 36.7156665 -4.4912642 0.00 265.79 1.16 0.000 38.457 15:33:10.00
75 6 -21.1 -23.7 10.824 2.952 0.0 0.0 0.0 36.7156666 -4.4912690 0.00 271.56 0.93 36.7156665 -4.4912642 0.00 265.79 1.16 0.000 38.457 15:33:10.10
75 -9 -21.1 -23.7 8.118 2.706 0.0 0.0 0.0 36.7156667 -4.4912702 0.00 272.49 0.99 36.7156666 -4.4912665 0.00 278.18 0.86 0.000 38.457 15:33:10.20
75 -9 -21.1 -23.7 1.968 -0.123 0.0 0.0 0.0 36.7156667 -4.4912702 0.00 272.49 0.99 36.7156666 -4.4912665 0.00 278.18 0.86 0.000 38.457 15:33:10.29
75 -9 -21.1 -23.7 6.150 -1.599 0.0 0.0 0.0 36.7156668 -4.4912713 0.00 273.25 1.06 36.7156667 -4.4912675 0.00 278.18 0.89 0.000 38.457 15:33:10.40
75 -9 -21.1 -23.7 1.476 -3.075 0.0 0.0 0.0 36.7156668 -4.4912713 0.00 273.25 1.06 36.7156667 -4.4912675 0.00 278.18 0.89 0.000 38.457 15:33:10.50
75 -9 -21.1 -23.7 1.476 -5.043 0.0 0.0 0.0 36.7156668 -4.4912724 0.00 273.92 1.03 36.7156667 -4.4912675 0.00 278.18 0.89 0.000 38.457 15:33:10.60
75 -9 -21.1 -23.7 -1.845 -6.519 0.0 0.0 0.0 36.7156668 -4.4912724 0.00 273.92 1.03 36.7156667 -4.4912675 0.00 278.18 0.89 0.000 38.457 15:33:10.70
75 -10 -21.1 -23.7 -1.107 -6.150 0.0 0.0 0.0 36.7156668 -4.4912735 0.00 273.42 0.97 36.7156668 -4.4912699 0.00 278.73 0.82 0.000 38.457 15:33:10.79
75 -10 -21.1 -23.7 -4.305 -11.685 0.0 0.0 0.0 36.7156668 -4.4912735 0.00 273.42 0.97 36.7156668 -4.4912699 0.00 278.73 0.82 0.000 38.457 15:33:10.90
75 -10 -21.1 -23.7 -2.583 -6.273 0.0 0.0 0.0 36.7156668 -4.4912746 0.00 272.54 0.98 36.7156668 -4.4912710 0.00 278.73 0.88 0.000 38.457 15:33:11.00
75 -10 -21.1 -23.7 -3.321 -11.316 0.0 0.0 0.0 36.7156668 -4.4912746 0.00 272.54 0.98 36.7156668 -4.4912710 0.00 278.73 0.88 0.000 38.457 15:33:11.10
75 -10 -21.1 -23.7 -2.460 -8.733 0.0 0.0 0.0 36.7156667 -4.4912757 0.00 271.73 1.06 36.7156668 -4.4912710 0.00 278.73 0.88 0.000 38.457 15:33:11.20
75 -10 -21.1 -23.7 -3.567 -10.701 0.0 0.0 0.0 36.7156667 -4.4912757 0.00 271.73 1.06 36.7156668 -4.4912710 0.00 278.73 0.88 0.000 38.457 15:33:11.31
75 0 -21.1 -23.7 -3.813 -9.594 0.0 0.0 0.0 36.7156667 -4.4912769 0.00 270.77 1.02 36.7156669 -4.4912734 0.00 270.34 1.23 0.000 38.457 15:33:11.40
75 0 -21.1 -23.7 1.107 -4.059 0.0 0.0 0.0 36.7156667 -4.4912769 0.00 270.77 1.02 36.7156669 -4.4912734 0.00 270.34 1.23 0.000 38.457 15:33:11.50
75 0 -21.1 -23.7 -3.813 -8.364 0.0 0.0 0.0 36.7156667 -4.4912781 0.00 269.77 1.07 36.7156668 -4.4912744 0.00 270.34 0.75 0.000 38.457 15:33:11.60
75 0 -21.1 -23.7 -0.246 -6.396 0.0 0.0 0.0 36.7156667 -4.4912781 0.00 269.77 1.07 36.7156668 -4.4912744 0.00 270.34 0.75 0.000 38.457 15:33:11.70
75 0 -21.1 -23.7 -2.952 -5.904 0.0 0.0 0.0 36.7156667 -4.4912794 0.00 268.92 1.09 36.7156668 -4.4912744 0.00 270.34 0.75 0.000 38.457 15:33:11.81
75 0 -21.1 -23.7 0.615 -3.813 0.0 0.0 0.0 36.7156667 -4.4912794 0.00 268.92 1.09 36.7156668 -4.4912744 0.00 270.34 0.75 0.000 38.457 15:33:11.90
75 2 -21.1 -23.7 0.615 -2.829 0.0 0.0 0.0 36.7156667 -4.4912806 0.00 268.98 1.00 36.7156667 -4.4912765 0.00 269.52 0.36 0.000 38.457 15:33:12.00
75 2 -21.1 -23.7 0.738 -6.396 0.0 0.0 0.0 36.7156667 -4.4912806 0.00 268.98 1.00 36.7156667 -4.4912765 0.00 269.52 0.36 0.000 38.457 15:33:12.10
75 -26 -21.1 -23.7 2.952 -1.968 0.0 0.0 0.0 36.7156667 -4.4912817 0.00 268.96 0.96 36.7156666 -4.4912783 0.00 293.70 1.74 0.000 38.457 15:33:12.20
75 -26 -21.1 -23.7 -10.086 -10.578 0.0 0.0 0.0 36.7156667 -4.4912817 0.00 268.96 0.96 36.7156666 -4.4912783 0.00 293.70 1.74 0.000 38.457 15:33:12.31
75 -26 -21.1 -23.7 -4.551 -9.840 0.0 0.0 0.0 36.7156666 -4.4912828 0.00 268.99 0.97 36.7156666 -4.4912783 0.00 293.70 1.74 0.000 38.457 15:33:12.40
75 -26 -21.1 -23.7 -5.904 -12.054 0.0 0.0 0.0 36.7156666 -4.4912828 0.00 268.99 0.97 36.7156666 -4.4912783 0.00 293.70 1.74 0.000 38.457 15:33:12.51
75 -26 -21.1 -23.7 -7.503 -8.118 0.0 0.0 0.0 36.7156665 -4.4912838 0.00 268.80 0.96 36.7156666 -4.4912783 0.00 293.70 1.74 0.000 38.457 15:33:12.60
75 -26 -21.1 -23.7 -4.182 -12.792 0.0 0.0 0.0 36.7156665 -4.4912838 0.00 268.80 0.96 36.7156666 -4.4912811 0.00 327.78 0.77 0.000 38.457 15:33:12.70
