75 0 -22.2 -22.6 6.519 -0.123 0.0 0.0 0.0 36.7155550 -4.4901500 5.00 287.45 0.08 36.7156696 -4.4910840 0.00 268.33 1.03 0.000 39.102 10:21:20.57
75 0 -22.2 -22.6 1.353 -2.091 0.0 0.0 0.0 36.7155550 -4.4901500 5.00 287.45 0.08 36.7156696 -4.4910840 0.00 268.33 1.03 0.000 39.102 10:21:20.67
75 0 -22.2 -22.6 4.551 -1.845 0.0 0.0 0.0 36.7155550 -4.4901500 5.00 287.45 0.08 36.7156696 -4.4910852 0.00 268.27 1.07 0.000 39.102 10:21:20.78
75 0 -22.2 -22.6 5.412 -0.246 0.0 0.0 0.0 36.7155550 -4.4901500 5.00 287.45 0.08 36.7156696 -4.4910852 0.00 268.27 1.07 0.000 39.102 10:21:20.87
75 0 -22.2 -22.6 0.984 -4.305 0.0 0.0 0.0 36.7155550 -4.4901500 5.00 287.45 0.08 36.7156695 -4.4910863 0.00 268.24 1.03 0.000 39.102 10:21:20.98
75 0 -22.2 -22.6 2.706 -0.369 0.0 0.0 0.0 36.7155550 -4.4901500 5.00 287.45 0.08 36.7156695 -4.4910863 0.00 268.24 1.03 0.000 39.102 10:21:21.07
75 0 -22.2 -22.6 1.845 -0.861 0.0 0.0 0.0 36.7155550 -4.4901500 5.00 287.45 0.08 36.7156695 -4.4910874 0.00 268.34 0.92 0.000 39.102 10:21:21.17
75 0 -22.2 -22.6 3.075 -1.722 0.0 0.0 0.0 36.7155550 -4.4901500 5.00 287.45 0.08 36.7156695 -4.4910874 0.00 268.34 0.92 0.000 39.102 10:21:21.28
75 0 -22.2 -22.6 4.428 1.353 0.0 0.0 0.0 36.7155550 -4.4901500 5.00 287.45 0.08 36.7156695 -4.4910886 0.00 268.34 0.96 0.000 39.102 10:21:21.37
75 0 -22.2 -22.6 1.107 -3.321 0.0 0.0 0.0 36.7155550 -4.4901500 5.00 287.45 0.08 36.7156695 -4.4910886 0.00 268.34 0.96 0.000 39.102 10:21:21.48
75 0 -22.2 -22.6 3.075 -0.861 0.0 0.0 0.0 36.7155550 -4.4901500 5.00 287.45 0.08 36.7156695 -4.4910897 0.00 268.37 0.92 0.000 39.102 10:21:21.57
75 0 -22.2 -22.6 3.198 -3.444 0.0 0.0 0.0 36.7155550 -4.4901500 5.00 287.45 0.08 36.7156695 -4.4910897 0.00 268.37 0.92 0.000 39.102 10:21:21.67
75 0 -22.2 -22.6 0.246 -4.674 0.0 0.0 0.0 36.7155550 -4.4901500 5.00 287.45 0.08 36.7156694 -4.4910908 0.00 268.38 1.01 0.000 39.102 10:21:21.78
75 0 -22.2 -22.6 6.150 2.583 0.0 0.0 0.0 36.7155550 -4.4901500 5.00 287.45 0.08 36.7156694 -4.4910908 0.00 268.38 1.01 0.000 39.102 10:21:21.87
75 0 -22.2 -22.6 2.214 -3.567 0.0 0.0 0.0 36.7155550 -4.4901500 5.00 287.45 0.08 36.7156694 -4.4910919 0.00 268.40 1.03 0.000 39.102 10:21:21.98
75 0 -22.2 -22.6 3.444 -0.369 0.0 0.0 0.0 36.7155550 -4.4901500 5.00 287.45 0.08 36.7156694 -4.4910919 0.00 268.40 1.03 0.000 39.102 10:21:22.07
75 0 -22.2 -22.6 4.920 -1.230 0.0 0.0 0.0 36.7155550 -4.4901500 5.00 287.45 0.08 36.7156693 -4.4910930 0.00 268.42 1.01 0.000 39.102 10:21:22.17
75 0 -22.2 -22.6 2.583 -1.968 0.0 0.0 0.0 36.7155550 -4.4901500 5.00 287.45 0.08 36.7156693 -4.4910930 0.00 268.42 1.01 0.000 39.102 10:21:22.28
75 0 -22.2 -22.6 6.150 -0.246 0.0 0.0 0.0 36.7155550 -4.4901500 5.00 287.45 0.08 36.7156693 -4.4910942 0.00 268.45 0.95 0.000 39.102 10:21:22.37
75 0 -22.2 -22.6 1.599 -3.690 0.0 0.0 0.0 36.7155550 -4.4901500 5.00 287.45 0.08 36.7156693 -4.4910942 0.00 268.45 0.95 0.000 39.102 10:21:22.48
75 0 -22.2 -22.6 4.182 -0.246 0.0 0.0 0.0 36.7155550 -4.4901500 5.00 287.45 0.08 36.7156693 -4.4910953 0.00 268.44 0.93 0.000 39.102 10:21:22.57
75 0 -22.2 -22.6 2.337 -1.722 0.0 0.0 0.0 36.7155550 -4.4901500 5.00 287.45 0.08 36.7156693 -4.4910953 0.00 268.44 0.93 0.000 39.102 10:21:22.67
75 0 -22.2 -22.6 1.353 -3.567 0.0 0.0 0.0 36.7155550 -4.4901500 5.00 287.45 0.08 36.7156693 -4.4910964 0.00 268.48 0.87 0.000 39.102 10:21:22.78
75 1 -22.2 -22.6 6.027 0.492 0.0 0.0 0.0 36.7155550 -4.4901500 5.00 287.45 0.08 36.7156693 -4.4910964 0.00 268.48 0.87 0.000 39.102 10:21:22.87
75 1 -22.2 -22.6 1.107 -2.091 0.0 0.0 0.0 36.7155550 -4.4901500 5.00 287.45 0.08 36.7156693 -4.4910974 0.00 268.46 0.92 0.000 39.102 10:21:22.98
75 1 -22.2 -22.6 3.567 -1.476 0.0 0.0 0.0 36.7155550 -4.4901500 5.00 287.45 0.08 36.7156693 -4.4910974 0.00 268.46 0.92 0.000 39.102 10:21:23.07
75 1 -22.2 -22.6 3.690 1.353 0.0 0.0 0.0 36.7155550 -4.4901500 5.00 287.45 0.08 36.7156693 -4.4910985 0.00 268.45 0.94 0.000 39.102 10:21:23.17
75 1 -22.2 -22.6 2.337 -1.599 0.0 0.0 0.0 36.7155550 -4.4901500 5.00 287.45 0.08 36.7156693 -4.4910985 0.00 268.45 0.94 0.000 39.102 10:21:23.28
75 1 -22.2 -22.6 7.995 0.000 0.0 0.0 0.0 36.7155550 -4.4901500 5.00 287.45 0.08 36.7156693 -4.4910997 0.00 268.61 0.96 0.000 39.102 10:21:23.37
75 1 -22.2 -22.6 3.690 -0.369 0.0 0.0 0.0 36.7155550 -4.4901500 5.00 287.45 0.08 36.7156693 -4.4910997 0.00 268.61 0.96 0.000 39.102 10:21:23.48
75 1 -22.2 -22.6 6.150 -0.492 0.0 0.0 0.0 36.7155550 -4.4901500 5.00 287.45 0.08 36.7156692 -4.4911008 0.00 268.75 0.99 0.000 39.102 10:21:23.57
75 1 -22.2 -22.6 6.765 2.337 0.0 0.0 0.0 36.7155550 -4.4901500 5.00 287.45 0.08 36.7156692 -4.4911008 0.00 268.75 0.99 0.000 39.102 10:21:23.67
75 1 -22.2 -22.6 5.535 -1.353 0.0 0.0 0.0 36.7155550 -4.4901500 5.00 287.45 0.08 36.7156692 -4.4911020 0.00 268.96 1.00 0.000 39.102 10:21:23.78
75 0 -22.2 -22.6 10.209 1.353 0.0 0.0 0.0 36.7155550 -4.4901500 5.00 287.45 0.08 36.7156692 -4.4911020 0.00 268.96 1.00 0.000 39.102 10:21:23.87
75 0 -22.2 -22.6 2.829 -0.861 0.0 0.0 0.0 36.7155550 -4.4901500 5.00 287.45 0.08 36.7156692 -4.4911032 0.00 269.16 1.07 0.000 39.102 10:21:23.98
75 0 -22.2 -22.6 5.166 0.246 0.0 0.0 0.0 36.7155550 -4.4901500 5.00 287.45 0.08 36.7156692 -4.4911032 0.00 269.16 1.07 0.000 39.102 10:21:24.07
75 0 -22.2 -22.6 5.289 1.968 0.0 0.0 0.0 36.7155550 -4.4901500 5.00 287.45 0.08 36.7156692 -4.4911044 0.00 269.49 1.03 0.000 39.102 10:21:24.17
75 0 -22.2 -22.6 3.321 -3.936 0.0 0.0 0.0 36.7155550 -4.4901500 5.00 287.45 0.08 36.7156692 -4.4911044 0.00 269.49 1.03 0.000 39.102 10:21:24.28
75 0 -23.4 -23.0 6.765 0.984 0.0 0.0 0.0 36.7155550 -4.4901500 5.00 287.45 0.08 36.7156692 -4.4911055 0.00 269.53 0.99 0.000 39.316 10:21:24.37
75 0 -23.4 -23.0 2.214 -2.706 0.0 0.0 0.0 36.7155550 -4.4901500 5.00 287.45 0.08 36.7156692 -4.4911055 0.00 269.53 0.99 0.000 39.316 10:21:24.48
75 0 -23.4 -23.0 6.888 0.738 0.0 0.0 0.0 36.7155550 -4.4901500 5.00 287.45 0.08 36.7156691 -4.4911066 0.00 269.71 0.94 0.000 39.316 10:21:24.57
75 0 -23.4 -23.0 2.706 -0.369 0.0 0.0 0.0 36.7155550 -4.4901500 5.00 287.45 0.08 36.7156691 -4.4911066 0.00 269.71 0.94 0.000 39.316 10:21:24.67
75 0 -23.4 -23.0 3.321 -4.674 0.0 0.0 0.0 36.7155550 -4.4901500 5.00 287.45 0.08 36.7156691 -4.4911077 0.00 269.82 0.95 0.000 39.316 10:21:24.78
75 0 -23.4 -23.0 5.412 0.984 0.0 0.0 0.0 36.7155550 -4.4901500 5.00 287.45 0.08 36.7156691 -4.4911077 0.00 269.82 0.95 0.000 39.316 10:21:24.87
75 0 -23.4 -23.0 1.353 -3.936 0.0 0.0 0.0 36.7155550 -4.4901500 5.00 287.45 0.08 36.7156690 -4.4911088 0.00 269.99 0.90 0.000 39.316 10:21:24.98
75 0 -23.4 -23.0 1.353 -3.936 0.0 0.0 0.0 36.7155550 -4.4901500 5.00 287.45 0.08 36.7156690 -4.4911088 0.00 269.99 0.90 0.000 39.316 10:21:25.07
75 0 -23.4 -23.0 2.460 -1.353 0.0 0.0 0.0 36.7155550 -4.4901500 5.00 287.45 0.08 36.7156691 -4.4911098 0.00 269.96 0.97 0.000 39.316 10:21:25.17
75 0 -23.4 -23.0 2.460 -1.353 0.0 0.0 0.0 36.7155550 -4.4901500 5.00 287.45 0.08 36.7156691 -4.4911098 0.00 269.96 0.97 0.000 39.316 10:21:25.28
75 0 -23.4 -23.0 3.936 1.230 0.0 0.0 0.0 36.7155550 -4.4901500 5.00 287.45 0.08 36.7156691 -4.4911110 0.00 269.90 0.97 0.000 39.316 10:21:25.37
75 0 -23.4 -23.0 3.936 1.230 0.0 0.0 0.0 36.7155550 -4.4901500 5.00 287.45 0.08 36.7156691 -4.4911110 0.00 269.90 0.97 0.000 39.316 10:21:25.48
75 0 -23.4 -23.0 3.936 -4.797 0.0 0.0 0.0 36.7155550 -4.4901500 5.00 287.45 0.08 36.7156691 -4.4911121 0.00 269.93 0.97 0.000 39.316 10:21:25.57
75 0 -23.4 -23.0 2.829 0.000 0.0 0.0 0.0 36.7155550 -4.4901500 5.00 287.45 0.08 36.7156691 -4.4911121 0.00 269.93 0.97 0.000 39.316 10:21:25.67
75 0 -23.4 -23.0 1.476 -2.583 0.0 0.0 0.0 36.7155550 -4.4901500 5.00 287.45 0.08 36.7156691 -4.4911132 0.00 269.95 1.02 0.000 39.316 10:21:25.78
75 0 -23.4 -23.0 1.353 -4.797 0.0 0.0 0.0 36.7155550 -4.4901500 5.00 287.45 0.08 36.7156691 -4.4911132 0.00 269.95 1.02 0.000 39.316 10:21:25.87
75 0 -23.4 -23.0 3.321 -0.246 0.0 0.0 0.0 36.7155550 -4.4901500 5.00 287.45 0.08 36.7156691 -4.4911144 0.00 269.95 1.01 0.000 39.316 10:21:25.98
75 0 -23.4 -23.0 3.075 -4.059 0.0 0.0 0.0 36.7155550 -4.4901500 5.00 287.45 0.08 36.7156691 -4.4911144 0.00 269.95 1.01 0.000 39.316 10:21:26.07
75 0 -23.4 -23.0 1.845 -1.353 0.0 0.0 0.0 36.7155550 -4.4901500 5.00 287.45 0.08 36.7156691 -4.4911156 0.00 270.03 0.97 0.000 39.316 10:21:26.17
75 0 -23.4 -23.0 2.214 -1.599 0.0 0.0 0.0 36.7155550 -4.4901500 5.00 287.45 0.08 36.7156691 -4.4911156 0.00 270.03 0.97 0.000 39.316 10:21:26.28
75 0 -23.4 -23.0 2.460 -2.460 0.0 0.0 0.0 36.7155550 -4.4901500 5.00 287.45 0.08 36.7156691 -4.4911167 0.00 270.10 0.99 0.000 39.316 10:21:26.37
75 0 -23.4 -23.0 4.182 0.615 0.0 0.0 0.0 36.7155550 -4.4901500 5.00 287.45 0.08 36.7156691 -4.4911167 0.00 270.10 0.99 0.000 39.316 10:21:26.48
75 0 -23.4 -23.0 4.182 -2.091 0.0 0.0 0.0 36.7155550 -4.4901500 5.00 287.45 0.08 36.7156691 -4.4911178 0.00 270.12 0.93 0.000 39.316 10:21:26.57
75 0 -23.4 -23.0 2.706 -1.353 0.0 0.0 0.0 36.7155550 -4.4901500 5.00 287.45 0.08 36.7156691 -4.4911178 0.00 270.12 0.93 0.000 39.316 10:21:26.67
75 0 -23.4 -23.0 3.690 -0.861 0.0 0.0 0.0 36.7155550 -4.4901500 5.00 287.45 0.08 36.7156691 -4.4911189 0.00 270.15 0.95 0.000 39.316 10:21:26.78
75 0 -23.4 -23.0 2.829 -0.615 0.0 0.0 0.0 36.7155550 -4.4901500 5.00 287.45 0.08 36.7156691 -4.4911189 0.00 270.15 0.95 0.000 39.316 10:21:26.87
75 0 -23.4 -23.0 9.225 1.107 0.0 0.0 0.0 36.7155550 -4.4901500 5.00 287.45 0.08 36.7156691 -4.4911200 0.00 270.11 0.92 0.000 39.316 10:21:26.98
75 0 -23.4 -23.0 3.567 -0.492 0.0 0.0 0.0 36.7155550 -4.4901500 5.00 287.45 0.08 36.7156691 -4.4911200 0.00 270.11 0.92 0.000 39.316 10:21:27.07
75 0 -23.4 -23.0 2.829 -3.813 0.0 0.0 0.0 36.7155550 -4.4901500 5.00 287.45 0.08 36.7156691 -4.4911211 0.00 270.13 0.95 0.000 39.316 10:21:27.17
75 0 -23.4 -23.0 6.519 1.476 0.0 0.0 0.0 36.7155550 -4.4901500 5.00 287.45 0.08 36.7156691 -4.4911211 0.00 270.13 0.95 0.000 39.316 10:21:27.28
75 0 -23.4 -23.0 2.829 -1.476 0.0 0.0 0.0 36.7155550 -4.4901500 5.00 287.45 0.08 36.7156691 -4.4911222 0.00 270.08 0.99 0.000 39.316 10:21:27.37
75 0 -23.4 -23.0 4.674 -2.337 0.0 0.0 0.0 36.7155550 -4.4901500 5.00 287.45 0.08 36.7156691 -4.4911222 0.00 270.08 0.99 0.000 39.316 10:21:27.48
75 0 -23.4 -23.0 4.674 0.369 0.0 0.0 0.0 36.7155550 -4.4901500 5.00 287.45 0.08 36.7156691 -4.4911233 0.00 270.09 1.05 0.000 39.316 10:21:27.57
75 0 -23.4 -23.0 2.583 -3.690 0.0 0.0 0.0 36.7155550 -4.4901500 5.00 287.45 0.08 36.7156691 -4.4911233 0.00 270.09 1.05 0.000 39.316 10:21:27.67
75 0 -23.4 -23.0 5.043 -0.615 0.0 0.0 0.0 36.7155550 -4.4901500 5.00 287.45 0.08 36.7156691 -4.4911244 0.00 270.17 1.07 0.000 39.316 10:21:27.78
75 0 -23.4 -23.0 2.706 -3.198 0.0 0.0 0.0 36.7155550 -4.4901500 5.00 287.45 0.08 36.7156691 -4.4911244 0.00 270.17 1.07 0.000 39.316 10:21:27.87
75 0 -23.4 -23.0 4.059 -2.583 0.0 0.0 0.0 36.7155550 -4.4901500 5.00 287.45 0.08 36.7156691 -4.4911255 0.00 270.26 0.96 0.000 39.316 10:21:27.98
75 0 -23.4 -23.0 1.599 0.246 0.0 0.0 0.0 36.7155550 -4.4901500 5.00 287.45 0.08 36.7156691 -4.4911255 0.00 270.26 0.96 0.000 39.316 10:21:28.07
75 0 -23.4 -23.0 1.845 -5.412 0.0 0.0 0.0 36.7155550 -4.4901500 5.00 287.45 0.08 36.7156691 -4.4911266 0.00 270.24 0.99 0.000 39.316 10:21:28.17
75 0 -23.4 -23.0 5.904 -1.107 0.0 0.0 0.0 36.7155550 -4.4901500 5.00 287.45 0.08 36.7156691 -4.4911266 0.00 270.24 0.99 0.000 39.316 10:21:28.28
75 0 -23.4 -23.0 1.476 -4.428 0.0 0.0 0.0 36.7155550 -4.4901500 5.00 287.45 0.08 36.7156690 -4.4911278 0.00 270.23 0.95 0.000 39.316 10:21:28.37
75 0 -23.4 -23.0 3.690 -2.091 0.0 0.0 0.0 36.7155550 -4.4901500 5.00 287.45 0.08 36.7156690 -4.4911278 0.00 270.23 0.95 0.000 39.316 10:21:28.48
75 0 -23.4 -23.0 3.567 -0.615 0.0 0.0 0.0 36.7155550 -4.4901500 5.00 287.45 0.08 36.7156690 -4.4911289 0.00 270.31 0.96 0.000 39.316 10:21:28.57
75 0 -23.4 -23.0 2.706 -4.428 0.0 0.0 0.0 36.7155550 -4.4901500 5.00 287.45 0.08 36.7156690 -4.4911289 0.00 270.31 0.96 0.000 39.316 10:21:28.67
75 0 -23.4 -23.0 5.904 0.246 0.0 0.0 0.0 36.7155550 -4.4901500 5.00 287.45 0.08 36.7156690 -4.4911300 0.00 270.32 0.93 0.000 39.316 10:21:28.78
75 0 -23.4 -23.0 2.214 -3.198 0.0 0.0 0.0 36.7155550 -4.4901500 5.00 287.45 0.08 36.7156690 -4.4911300 0.00 270.32 0.93 0.000 39.316 10:21:28.87
75 0 -23.4 -23.0 2.706 -1.722 0.0 0.0 0.0 36.7155550 -4.4901500 5.00 287.45 0.08 36.7156691 -4.4911310 0.00 270.37 0.97 0.000 39.316 10:21:28.98
75 0 -23.4 -23.0 1.353 -0.984 0.0 0.0 0.0 36.7155550 -4.4901500 5.00 287.45 0.08 36.7156691 -4.4911310 0.00 270.37 0.97 0.000 39.316 10:21:29.07
75 0 -23.4 -23.0 2.460 -3.936 0.0 0.0 0.0 36.7155550 -4.4901500 5.00 287.45 0.08 36.7156691 -4.4911321 0.00 270.47 1.00 0.000 39.316 10:21:29.17
75 0 -23.4 -23.0 4.797 0.123 0.0 0.0 0.0 36.7155550 -4.4901500 5.00 287.45 0.08 36.7156691 -4.4911321 0.00 270.47 1.00 0.000 39.316 10:21:29.28
75 0 -23.4 -23.4 2.460 -2.583 0.0 0.0 0.0 36.7155550 -4.4901500 5.00 287.45 0.08 36.7156691 -4.4911333 0.00 270.46 0.95 0.000 39.316 10:21:29.37
75 0 -23.4 -23.4 5.166 -0.246 0.0 0.0 0.0 36.7155550 -4.4901500 5.00 287.45 0.08 36.7156691 -4.4911333 0.00 270.46 0.95 0.000 39.316 10:21:29.48
75 0 -23.4 -23.4 3.813 -3.936 0.0 0.0 0.0 36.7155550 -4.4901500 5.00 287.45 0.08 36.7156691 -4.4911344 0.00 270.41 1.00 0.000 39.316 10:21:29.57
75 0 -23.4 -23.4 2.460 -3.075 0.0 0.0 0.0 36.7155550 -4.4901500 5.00 287.45 0.08 36.7156691 -4.4911344 0.00 270.41 1.00 0.000 39.316 10:21:29.67
75 0 -23.4 -23.4 5.904 0.246 0.0 0.0 0.0 36.7155550 -4.4901500 5.00 287.45 0.08 36.7156691 -4.4911356 0.00 270.37 1.04 0.000 39.316 10:21:29.78
75 0 -23.4 -23.4 1.845 -3.075 0.0 0.0 0.0 36.7155550 -4.4901500 5.00 287.45 0.08 36.7156691 -4.4911356 0.00 270.37 1.04 0.000 39.316 10:21:29.87
75 0 -23.4 -23.4 4.551 -0.861 0.0 0.0 0.0 36.7155550 -4.4901500 5.00 287.45 0.08 36.7156691 -4.4911368 0.00 270.34 1.03 0.000 39.316 10:21:29.98
75 0 -23.4 -23.4 2.214 -1.353 0.0 0.0 0.0 36.7155550 -4.4901500 5.00 287.45 0.08 36.7156691 -4.4911368 0.00 270.34 1.03 0.000 39.316 10:21:30.07
75 0 -23.4 -23.4 0.492 -2.337 0.0 0.0 0.0 36.7155550 -4.4901500 5.00 287.45 0.08 36.7156691 -4.4911380 0.00 270.32 1.00 0.000 39.316 10:21:30.17
75 0 -23.4 -23.4 4.674 -0.615 0.0 0.0 0.0 36.7155550 -4.4901500 5.00 287.45 0.08 36.7156691 -4.4911380 0.00 270.32 1.00 0.000 39.316 10:21:30.28
75 0 -23.4 -23.4 1.353 -2.583 0.0 0.0 0.0 36.7155550 -4.4901500 5.00 287.45 0.08 36.7156691 -4.4911391 0.00 270.37 1.00 0.000 39.316 10:21:30.37
75 0 -23.4 -23.4 4.551 -2.337 0.0 0.0 0.0 36.7155550 -4.4901500 5.00 287.45 0.08 36.7156691 -4.4911391 0.00 270.37 1.00 0.000 39.316 10:21:30.48
75 0 -23.4 -23.4 2.706 -1.107 0.0 0.0 0.0 36.7155550 -4.4901500 5.00 287.45 0.08 36.7156691 -4.4911402 0.00 270.43 0.93 0.000 39.316 10:21:30.57
75 -1 -23.4 -23.4 2.091 -0.369 0.0 0.0 0.0 36.7155550 -4.4901500 5.00 287.45 0.08 36.7156691 -4.4911402 0.00 270.43 0.93 0.000 39.316 10:21:30.67
75 -1 -23.4 -23.4 4.674 -0.861 0.0 0.0 0.0 36.7155550 -4.4901500 5.00 287.45 0.08 36.7156691 -4.4911414 0.00 270.41 0.92 0.000 39.316 10:21:30.78
75 -1 -23.4 -23.4 0.246 -3.075 0.0 0.0 0.0 36.7155550 -4.4901500 5.00 287.45 0.08 36.7156691 -4.4911414 0.00 270.41 0.92 0.000 39.316 10:21:30.87
75 -1 -23.4 -23.4 2.214 -1.476 0.0 0.0 0.0 36.7155550 -4.4901500 5.00 287.45 0.08 36.7156691 -4.4911424 0.00 270.45 0.95 0.000 39.316 10:21:30.98
75 -1 -23.4 -23.4 1.476 -3.444 0.0 0.0 0.0 36.7155550 -4.4901500 5.00 287.45 0.08 36.7156691 -4.4911424 0.00 270.45 0.95 0.000 39.316 10:21:31.07
75 -1 -23.4 -23.4 0.369 -2.952 0.0 0.0 0.0 36.7155550 -4.4901500 5.00 287.45 0.08 36.7156691 -4.4911435 0.00 270.35 0.99 0.000 39.316 10:21:31.17
75 0 -23.4 -23.4 1.599 -4.059 0.0 0.0 0.0 36.7155550 -4.4901500 5.00 287.45 0.08 36.7156691 -4.4911435 0.00 270.35 0.99 0.000 39.316 10:21:31.28
75 0 -23.4 -23.4 0.738 -3.567 0.0 0.0 0.0 36.7155550 -4.4901500 5.00 287.45 0.08 36.7156690 -4.4911447 0.00 270.19 0.99 0.000 39.316 10:21:31.37
75 0 -23.4 -23.4 4.305 -2.091 0.0 0.0 0.0 36.7155550 -4.4901500 5.00 287.45 0.08 36.7156690 -4.4911447 0.00 270.19 0.99 0.000 39.316 10:21:31.48
75 0 -23.4 -23.4 -0.369 -5.043 0.0 0.0 0.0 36.7155550 -4.4901500 5.00 287.45 0.08 36.7156690 -4.4911458 0.00 270.01 0.97 0.000 39.316 10:21:31.57
75 0 -23.4 -23.4 1.476 -4.305 0.0 0.0 0.0 36.7155550 -4.4901500 5.00 287.45 0.08 36.7156690 -4.4911458 0.00 270.01 0.97 0.000 39.316 10:21:31.67
75 0 -23.4 -23.4 3.813 -2.460 0.0 0.0 0.0 36.7155550 -4.4901500 5.00 287.45 0.08 36.7156690 -4.4911469 0.00 269.96 1.01 0.000 39.316 10:21:31.78
75 0 -23.4 -23.4 0.984 -2.091 0.0 0.0 0.0 36.7155550 -4.4901500 5.00 287.45 0.08 36.7156690 -4.4911469 0.00 269.96 1.01 0.000 39.316 10:21:31.87
75 0 -23.4 -23.4 2.829 -4.059 0.0 0.0 0.0 36.7155550 -4.4901500 5.00 287.45 0.08 36.7156690 -4.4911480 0.00 269.95 0.98 0.000 39.316 10:21:31.98
75 0 -23.4 -23.4 3.198 0.369 0.0 0.0 0.0 36.7155550 -4.4901500 5.00 287.45 0.08 36.7156690 -4.4911480 0.00 269.95 0.98 0.000 39.316 10:21:32.07
75 0 -23.4 -23.4 4.305 -3.567 0.0 0.0 0.0 36.7155550 -4.4901500 5.00 287.45 0.08 36.7156690 -4.4911491 0.00 269.96 0.99 0.000 39.316 10:21:32.17
75 0 -23.4 -23.4 5.535 -0.861 0.0 0.0 0.0 36.7155550 -4.4901500 5.00 287.45 0.08 36.7156690 -4.4911491 0.00 269.96 0.99 0.000 39.316 10:21:32.28
75 0 -23.4 -23.4 0.738 -3.198 0.0 0.0 0.0 36.7155550 -4.4901500 5.00 287.45 0.08 36.7156690 -4.4911502 0.00 269.94 0.94 0.000 39.316 10:21:32.37
75 0 -23.4 -23.4 5.166 -2.829 0.0 0.0 0.0 36.7155550 -4.4901500 5.00 287.45 0.08 36.7156690 -4.4911502 0.00 269.94 0.94 0.000 39.316 10:21:32.48
75 0 -23.4 -23.4 2.337 -1.107 0.0 0.0 0.0 36.7155550 -4.4901500 5.00 287.45 0.08 36.7156690 -4.4911513 0.00 269.92 1.00 0.000 39.316 10:21:32.57
75 0 -23.4 -23.4 4.182 -4.551 0.0 0.0 0.0 36.7155550 -4.4901500 5.00 287.45 0.08 36.7156690 -4.4911513 0.00 269.92 1.00 0.000 39.316 10:21:32.67
75 0 -23.4 -23.4 3.690 0.492 0.0 0.0 0.0 36.7155550 -4.4901500 5.00 287.45 0.08 36.7156690 -4.4911524 0.00 269.92 0.93 0.000 39.316 10:21:32.78
75 -1 -23.4 -23.4 4.551 -1.845 0.0 0.0 0.0 36.7155550 -4.4901500 5.00 287.45 0.08 36.7156690 -4.4911524 0.00 269.92 0.93 0.000 39.316 10:21:32.87
75 -1 -23.4 -23.4 2.706 -3.075 0.0 0.0 0.0 36.7155550 -4.4901500 5.00 287.45 0.08 36.7156690 -4.4911536 0.00 269.93 1.04 0.000 39.316 10:21:32.98
75 -1 -23.4 -23.4 4.920 -0.246 0.0 0.0 0.0 36.7155550 -4.4901500 5.00 287.45 0.08 36.7156690 -4.4911536 0.00 269.93 1.04 0.000 39.316 10:21:33.07
75 -1 -23.4 -23.4 1.845 -4.305 0.0 0.0 0.0 36.7155550 -4.4901500 5.00 287.45 0.08 36.7156690 -4.4911548 0.00 269.93 0.99 0.000 39.316 10:21:33.17
75 -1 -23.4 -23.4 3.813 -0.984 0.0 0.0 0.0 36.7155550 -4.4901500 5.00 287.45 0.08 36.7156690 -4.4911548 0.00 269.93 0.99 0.000 39.316 10:21:33.28
75 -1 -23.4 -23.4 3.321 -2.952 0.0 0.0 0.0 36.7155550 -4.4901500 5.00 287.45 0.08 36.7156690 -4.4911559 0.00 269.84 1.01 0.000 39.316 10:21:33.37
75 -1 -23.4 -23.4 0.615 -5.412 0.0 0.0 0.0 36.7155550 -4.4901500 5.00 287.45 0.08 36.7156690 -4.4911559 0.00 269.84 1.01 0.000 39.316 10:21:33.48
75 -1 -23.4 -23.4 4.920 -2.214 0.0 0.0 0.0 36.7155550 -4.4901500 5.00 287.45 0.08 36.7156689 -4.4911570 0.00 269.75 0.96 0.000 39.316 10:21:33.57
75 -1 -23.4 -23.4 1.353 -4.551 0.0 0.0 0.0 36.7155550 -4.4901500 5.00 287.45 0.08 36.7156689 -4.4911570 0.00 269.75 0.96 0.000 39.316 10:21:33.67
75 -1 -23.4 -23.4 1.968 -2.952 0.0 0.0 0.0 36.7155550 -4.4901500 5.00 287.45 0.08 36.7156689 -4.4911581 0.00 269.51 0.91 0.000 39.316 10:21:33.78
75 -1 -23.4 -23.4 0.738 -5.904 0.0 0.0 0.0 36.7155550 -4.4901500 5.00 287.45 0.08 36.7156689 -4.4911581 0.00 269.51 0.91 0.000 39.316 10:21:33.87
75 -1 -23.4 -23.4 -0.984 -6.519 0.0 0.0 0.0 36.7155550 -4.4901500 5.00 287.45 0.08 36.7156689 -4.4911592 0.00 269.29 0.96 0.000 39.316 10:21:33.98
75 0 -23.4 -23.4 2.706 -2.460 0.0 0.0 0.0 36.7155550 -4.4901500 5.00 287.45 0.08 36.7156689 -4.4911592 0.00 269.29 0.96 0.000 39.316 10:21:34.07
75 0 -23.4 -23.4 1.476 -3.075 0.0 0.0 0.0 36.7155550 -4.4901500 5.00 287.45 0.08 36.7156688 -4.4911603 0.00 269.07 1.04 0.000 39.316 10:21:34.17
75 0 -23.4 -23.4 2.583 -5.289 0.0 0.0 0.0 36.7155550 -4.4901500 5.00 287.45 0.08 36.7156688 -4.4911603 0.00 269.07 1.04 0.000 39.316 10:21:34.28
75 0 -23.4 -22.6 1.722 -4.551 0.0 0.0 0.0 36.7155550 -4.4901500 5.00 287.45 0.08 36.7156688 -4.4911614 0.00 268.97 1.07 0.000 39.316 10:21:34.37
75 0 -23.4 -22.6 -0.246 -4.182 0.0 0.0 0.0 36.7155550 -4.4901500 5.00 287.45 0.08 36.7156688 -4.4911614 0.00 268.97 1.07 0.000 39.316 10:21:34.48
75 0 -23.4 -22.6 2.952 -2.583 0.0 0.0 0.0 36.7155550 -4.4901500 5.00 287.45 0.08 36.7156688 -4.4911626 0.00 268.93 0.96 0.000 39.316 10:21:34.57
75 0 -23.4 -22.6 1.599 -2.583 0.0 0.0 0.0 36.7155550 -4.4901500 5.00 287.45 0.08 36.7156688 -4.4911626 0.00 268.93 0.96 0.000 39.316 10:21:34.67
75 0 -23.4 -22.6 3.567 -3.444 0.0 0.0 0.0 36.7155550 -4.4901500 5.00 287.45 0.08 36.7156688 -4.4911637 0.00 268.90 0.97 0.000 39.316 10:21:34.78
75 0 -23.4 -22.6 3.075 -0.615 0.0 0.0 0.0 36.7155550 -4.4901500 5.00 287.45 0.08 36.7156688 -4.4911637 0.00 268.90 0.97 0.000 39.316 10:21:34.87
75 0 -23.4 -22.6 1.599 -0.123 0.0 0.0 0.0 36.7155550 -4.4901500 5.00 287.45 0.08 36.7156688 -4.4911648 0.00 268.70 0.93 0.000 39.316 10:21:34.98
75 0 -23.4 -22.6 5.412 -1.353 0.0 0.0 0.0 36.7155550 -4.4901500 5.00 287.45 0.08 36.7156688 -4.4911648 0.00 268.70 0.93 0.000 39.316 10:21:35.07
75 0 -23.4 -22.6 4.305 0.492 0.0 0.0 0.0 36.7155550 -4.4901500 5.00 287.45 0.08 36.7156688 -4.4911659 0.00 268.65 0.95 0.000 39.316 10:21:35.17
75 0 -23.4 -22.6 5.904 -4.305 0.0 0.0 0.0 36.7155550 -4.4901500 5.00 287.45 0.08 36.7156688 -4.4911659 0.00 268.65 0.95 0.000 39.316 10:21:35.28
75 0 -23.4 -22.6 3.075 -1.599 0.0 0.0 0.0 36.7155550 -4.4901500 5.00 287.45 0.08 36.7156687 -4.4911671 0.00 268.75 0.93 0.000 39.316 10:21:35.37
75 0 -23.4 -22.6 4.920 0.369 0.0 0.0 0.0 36.7155550 -4.4901500 5.00 287.45 0.08 36.7156687 -4.4911671 0.00 268.75 0.93 0.000 39.316 10:21:35.48
75 0 -23.4 -22.6 3.075 -3.444 0.0 0.0 0.0 36.7155550 -4.4901500 5.00 287.45 0.08 36.7156687 -4.4911682 0.00 268.75 1.04 0.000 39.316 10:21:35.57
75 0 -23.4 -22.6 4.428 0.615 0.0 0.0 0.0 36.7155550 -4.4901500 5.00 287.45 0.08 36.7156687 -4.4911682 0.00 268.75 1.04 0.000 39.316 10:21:35.67
75 0 -23.4 -22.6 4.182 -0.369 0.0 0.0 0.0 36.7155550 -4.4901500 5.00 287.45 0.08 36.7156687 -4.4911693 0.00 268.73 1.02 0.000 39.316 10:21:35.78
75 0 -23.4 -22.6 1.476 -3.567 0.0 0.0 0.0 36.7155550 -4.4901500 5.00 287.45 0.08 36.7156687 -4.4911693 0.00 268.73 1.02 0.000 39.316 10:21:35.87
75 0 -23.4 -22.6 6.150 -0.492 0.0 0.0 0.0 36.7155550 -4.4901500 5.00 287.45 0.08 36.7156686 -4.4911704 0.00 268.85 0.93 0.000 39.316 10:21:35.98
75 0 -23.4 -22.6 0.246 -3.321 0.0 0.0 0.0 36.7155550 -4.4901500 5.00 287.45 0.08 36.7156686 -4.4911704 0.00 268.85 0.93 0.000 39.316 10:21:36.07
75 0 -23.4 -22.6 3.813 -0.246 0.0 0.0 0.0 36.7155550 -4.4901500 5.00 287.45 0.08 36.7156686 -4.4911715 0.00 268.86 0.93 0.000 39.316 10:21:36.17
75 0 -23.4 -22.6 1.353 -3.813 0.0 0.0 0.0 36.7155550 -4.4901500 5.00 287.45 0.08 36.7156686 -4.4911715 0.00 268.86 0.93 0.000 39.316 10:21:36.28
75 0 -23.4 -22.6 0.615 -3.321 0.0 0.0 0.0 36.7155550 -4.4901500 5.00 287.45 0.08 36.7156686 -4.4911726 0.00 268.84 0.93 0.000 39.316 10:21:36.37
75 0 -23.4 -22.6 5.412 -0.492 0.0 0.0 0.0 36.7155550 -4.4901500 5.00 287.45 0.08 36.7156686 -4.4911726 0.00 268.84 0.93 0.000 39.316 10:21:36.48
75 0 -23.4 -22.6 0.615 -7.011 0.0 0.0 0.0 36.7155550 -4.4901500 5.00 287.45 0.08 36.7156685 -4.4911737 0.00 268.90 0.99 0.000 39.316 10:21:36.57
75 0 -23.4 -22.6 4.797 -0.861 0.0 0.0 0.0 36.7155550 -4.4901500 5.00 287.45 0.08 36.7156685 -4.4911737 0.00 268.90 0.99 0.000 39.316 10:21:36.67
75 0 -23.4 -22.6 2.337 -5.289 0.0 0.0 0.0 36.7155550 -4.4901500 5.00 287.45 0.08 36.7156685 -4.4911748 0.00 268.90 0.99 0.000 39.316 10:21:36.78
75 0 -23.4 -22.6 3.321 -3.075 0.0 0.0 0.0 36.7155550 -4.4901500 5.00 287.45 0.08 36.7156685 -4.4911748 0.00 268.90 0.99 0.000 39.316 10:21:36.87
75 0 -23.4 -22.6 6.765 -3.567 0.0 0.0 0.0 36.7155550 -4.4901500 5.00 287.45 0.08 36.7156685 -4.4911759 0.00 268.96 1.03 0.000 39.316 10:21:36.98
75 0 -23.4 -22.6 1.476 -1.845 0.0 0.0 0.0 36.7155550 -4.4901500 5.00 287.45 0.08 36.7156685 -4.4911759 0.00 268.96 1.03 0.000 39.316 10:21:37.07
75 0 -23.4 -22.6 4.182 -1.722 0.0 0.0 0.0 36.7155550 -4.4901500 5.00 287.45 0.08 36.7156685 -4.4911770 0.00 269.00 0.95 0.000 39.316 10:21:37.17
75 0 -23.4 -22.6 2.706 -1.107 0.0 0.0 0.0 36.7155550 -4.4901500 5.00 287.45 0.08 36.7156685 -4.4911770 0.00 269.00 0.95 0.000 39.316 10:21:37.28
75 0 -23.4 -22.6 3.321 -2.337 0.0 0.0 0.0 36.7155550 -4.4901500 5.00 287.45 0.08 36.7156684 -4.4911782 0.00 268.97 0.97 0.000 39.316 10:21:37.37
75 0 -23.4 -22.6 4.674 -0.369 0.0 0.0 0.0 36.7155550 -4.4901500 5.00 287.45 0.08 36.7156684 -4.4911782 0.00 268.97 0.97 0.000 39.316 10:21:37.48
75 0 -23.4 -22.6 3.444 -0.369 0.0 0.0 0.0 36.7155550 -4.4901500 5.00 287.45 0.08 36.7156684 -4.4911793 0.00 268.97 0.93 0.000 39.316 10:21:37.57
75 0 -23.4 -22.6 4.059 -1.230 0.0 0.0 0.0 36.7155550 -4.4901500 5.00 287.45 0.08 36.7156684 -4.4911793 0.00 268.97 0.93 0.000 39.316 10:21:37.67
75 0 -23.4 -22.6 4.674 -0.246 0.0 0.0 0.0 36.7155550 -4.4901500 5.00 287.45 0.08 36.7156684 -4.4911805 0.00 268.94 0.97 0.000 39.316 10:21:37.78
75 0 -23.4 -22.6 3.936 -2.583 0.0 0.0 0.0 36.7155550 -4.4901500 5.00 287.45 0.08 36.7156684 -4.4911805 0.00 268.94 0.97 0.000 39.316 10:21:37.87
75 0 -23.4 -22.6 6.765 0.492 0.0 0.0 0.0 36.7155550 -4.4901500 5.00 287.45 0.08 36.7156684 -4.4911817 0.00 269.02 1.03 0.000 39.316 10:21:37.98
75 0 -23.4 -22.6 2.337 -1.230 0.0 0.0 0.0 36.7155550 -4.4901500 5.00 287.45 0.08 36.7156684 -4.4911817 0.00 269.02 1.03 0.000 39.316 10:21:38.07
75 0 -23.4 -22.6 2.214 -2.091 0.0 0.0 0.0 36.7155550 -4.4901500 5.00 287.45 0.08 36.7156684 -4.4911828 0.00 269.02 1.09 0.000 39.316 10:21:38.17
75 0 -23.4 -22.6 2.214 0.369 0.0 0.0 0.0 36.7155550 -4.4901500 5.00 287.45 0.08 36.7156684 -4.4911828 0.00 269.02 1.09 0.000 39.316 10:21:38.28
75 0 -23.4 -22.6 4.182 -2.091 0.0 0.0 0.0 36.7155550 -4.4901500 5.00 287.45 0.08 36.7156684 -4.4911840 0.00 268.99 1.01 0.000 39.316 10:21:38.37
75 0 -23.4 -22.6 5.043 0.123 0.0 0.0 0.0 36.7155550 -4.4901500 5.00 287.45 0.08 36.7156684 -4.4911840 0.00 268.99 1.01 0.000 39.316 10:21:38.48
75 0 -23.4 -22.6 1.968 -1.722 0.0 0.0 0.0 36.7155550 -4.4901500 5.00 287.45 0.08 36.7156684 -4.4911851 0.00 269.08 0.91 0.000 39.316 10:21:38.57
75 0 -23.4 -22.6 4.920 -0.246 0.0 0.0 0.0 36.7155550 -4.4901500 5.00 287.45 0.08 36.7156684 -4.4911851 0.00 269.08 0.91 0.000 39.316 10:21:38.67
75 0 -23.4 -22.6 4.182 -0.492 0.0 0.0 0.0 36.7155550 -4.4901500 5.00 287.45 0.08 36.7156684 -4.4911863 0.00 268.98 0.99 0.000 39.316 10:21:38.78
75 0 -23.4 -22.6 2.952 -1.722 0.0 0.0 0.0 36.7155550 -4.4901500 5.00 287.45 0.08 36.7156684 -4.4911863 0.00 268.98 0.99 0.000 39.316 10:21:38.87
75 0 -23.4 -22.6 3.690 -0.123 0.0 0.0 0.0 36.7155550 -4.4901500 5.00 287.45 0.08 36.7156684 -4.4911874 0.00 268.91 0.91 0.000 39.316 10:21:38.98
75 0 -23.4 -22.6 5.289 -2.583 0.0 0.0 0.0 36.7155550 -4.4901500 5.00 287.45 0.08 36.7156684 -4.4911874 0.00 268.91 0.91 0.000 39.316 10:21:39.07
75 0 -23.4 -22.6 4.428 -0.984 0.0 0.0 0.0 36.7155550 -4.4901500 5.00 287.45 0.08 36.7156683 -4.4911885 0.00 268.98 1.03 0.000 39.316 10:21:39.17
75 0 -23.4 -22.6 0.492 -2.337 0.0 0.0 0.0 36.7155550 -4.4901500 5.00 287.45 0.08 36.7156683 -4.4911885 0.00 268.98 1.03 0.000 39.316 10:21:39.28
75 0 -22.2 -22.6 4.428 -2.337 0.0 0.0 0.0 36.7155550 -4.4901500 5.00 287.45 0.08 36.7156682 -4.4911896 0.00 269.01 1.04 0.000 39.102 10:21:39.37
75 0 -22.2 -22.6 2.337 -0.123 0.0 0.0 0.0 36.7155550 -4.4901500 5.00 287.45 0.08 36.7156682 -4.4911896 0.00 269.01 1.04 0.000 39.102 10:21:39.48
75 0 -22.2 -22.6 2.583 -3.567 0.0 0.0 0.0 36.7155550 -4.4901500 5.00 287.45 0.08 36.7156682 -4.4911907 0.00 269.05 1.00 0.000 39.102 10:21:39.57
75 0 -22.2 -22.6 6.273 0.615 0.0 0.0 0.0 36.7155550 -4.4901500 5.00 287.45 0.08 36.7156682 -4.4911907 0.00 269.05 1.00 0.000 39.102 10:21:39.67
75 0 -22.2 -22.6 1.230 -0.615 0.0 0.0 0.0 36.7155550 -4.4901500 5.00 287.45 0.08 36.7156681 -4.4911918 0.00 269.21 0.98 0.000 39.102 10:21:39.78
75 0 -22.2 -22.6 2.460 -2.706 0.0 0.0 0.0 36.7155550 -4.4901500 5.00 287.45 0.08 36.7156681 -4.4911918 0.00 269.21 0.98 0.000 39.102 10:21:39.87
75 0 -22.2 -22.6 2.460 -1.722 0.0 0.0 0.0 36.7155550 -4.4901500 5.00 287.45 0.08 36.7156681 -4.4911929 0.00 269.32 0.91 0.000 39.102 10:21:39.98
75 0 -22.2 -22.6 0.492 -5.535 0.0 0.0 0.0 36.7155550 -4.4901500 5.00 287.45 0.08 36.7156681 -4.4911929 0.00 269.32 0.91 0.000 39.102 10:21:40.07
75 0 -22.2 -22.6 4.674 0.369 0.0 0.0 0.0 36.7155550 -4.4901500 5.00 287.45 0.08 36.7156681 -4.4911940 0.00 269.39 0.95 0.000 39.102 10:21:40.17
75 0 -22.2 -22.6 0.615 -0.246 0.0 0.0 0.0 36.7155550 -4.4901500 5.00 287.45 0.08 36.7156681 -4.4911940 0.00 269.39 0.95 0.000 39.102 10:21:40.28
75 0 -22.2 -22.6 0.861 -4.551 0.0 0.0 0.0 36.7155550 -4.4901500 5.00 287.45 0.08 36.7156681 -4.4911951 0.00 269.39 1.00 0.000 39.102 10:21:40.37
75 0 -22.2 -22.6 5.781 -2.337 0.0 0.0 0.0 36.7155550 -4.4901500 5.00 287.45 0.08 36.7156681 -4.4911951 0.00 269.39 1.00 0.000 39.102 10:21:40.48
75 0 -22.2 -22.6 1.845 -4.674 0.0 0.0 0.0 36.7155550 -4.4901500 5.00 287.45 0.08 36.7156681 -4.4911962 0.00 269.45 0.97 0.000 39.102 10:21:40.57
75 0 -22.2 -22.6 6.027 -1.353 0.0 0.0 0.0 36.7155550 -4.4901500 5.00 287.45 0.08 36.7156681 -4.4911962 0.00 269.45 0.97 0.000 39.102 10:21:40.67
75 0 -22.2 -22.6 3.444 -0.492 0.0 0.0 0.0 36.7155550 -4.4901500 5.00 287.45 0.08 36.7156681 -4.4911974 0.00 269.41 0.98 0.000 39.102 10:21:40.78
75 0 -22.2 -22.6 3.936 -2.583 0.0 0.0 0.0 36.7155550 -4.4901500 5.00 287.45 0.08 36.7156681 -4.4911974 0.00 269.41 0.98 0.000 39.102 10:21:40.87
75 0 -22.2 -22.6 5.781 -1.845 0.0 0.0 0.0 36.7155550 -4.4901500 5.00 287.45 0.08 36.7156681 -4.4911985 0.00 269.37 0.99 0.000 39.102 10:21:40.98
75 0 -22.2 -22.6 1.968 -1.599 0.0 0.0 0.0 36.7155550 -4.4901500 5.00 287.45 0.08 36.7156681 -4.4911985 0.00 269.37 0.99 0.000 39.102 10:21:41.07
75 0 -22.2 -22.6 4.059 -0.984 0.0 0.0 0.0 36.7155550 -4.4901500 5.00 287.45 0.08 36.7156682 -4.4911996 0.00 269.37 0.89 0.000 39.102 10:21:41.17
75 -1 -22.2 -22.6 6.273 -0.615 0.0 0.0 0.0 36.7155550 -4.4901500 5.00 287.45 0.08 36.7156682 -4.4911996 0.00 269.37 0.89 0.000 39.102 10:21:41.28
75 -1 -22.2 -22.6 2.952 -0.615 0.0 0.0 0.0 36.7155550 -4.4901500 5.00 287.45 0.08 36.7156682 -4.4912007 0.00 269.38 0.96 0.000 39.102 10:21:41.37
75 -1 -22.2 -22.6 4.674 -0.492 0.0 0.0 0.0 36.7155550 -4.4901500 5.00 287.45 0.08 36.7156682 -4.4912007 0.00 269.38 0.96 0.000 39.102 10:21:41.48
75 -1 -22.2 -22.6 1.476 -1.476 0.0 0.0 0.0 36.7155550 -4.4901500 5.00 287.45 0.08 36.7156682 -4.4912018 0.00 269.37 1.02 0.000 39.102 10:21:41.57
75 -1 -22.2 -22.6 3.321 -2.952 0.0 0.0 0.0 36.7155550 -4.4901500 5.00 287.45 0.08 36.7156682 -4.4912018 0.00 269.37 1.02 0.000 39.102 10:21:41.67
75 -1 -22.2 -22.6 4.305 -0.861 0.0 0.0 0.0 36.7155550 -4.4901500 5.00 287.45 0.08 36.7156682 -4.4912029 0.00 269.27 1.09 0.000 39.102 10:21:41.78
75 -1 -22.2 -22.6 2.583 -2.583 0.0 0.0 0.0 36.7155550 -4.4901500 5.00 287.45 0.08 36.7156682 -4.4912029 0.00 269.27 1.09 0.000 39.102 10:21:41.87
75 -1 -22.2 -22.6 1.845 -5.166 0.0 0.0 0.0 36.7155550 -4.4901500 5.00 287.45 0.08 36.7156681 -4.4912041 0.00 269.16 1.05 0.000 39.102 10:21:41.98
75 0 -22.2 -22.6 2.091 -0.984 0.0 0.0 0.0 36.7155550 -4.4901500 5.00 287.45 0.08 36.7156681 -4.4912041 0.00 269.16 1.05 0.000 39.102 10:21:42.07
75 0 -22.2 -22.6 1.968 -5.166 0.0 0.0 0.0 36.7155550 -4.4901500 5.00 287.45 0.08 36.7156681 -4.4912053 0.00 269.03 1.03 0.000 39.102 10:21:42.18
75 0 -22.2 -22.6 4.059 -0.738 0.0 0.0 0.0 36.7155550 -4.4901500 5.00 287.45 0.08 36.7156681 -4.4912053 0.00 269.03 1.03 0.000 39.102 10:21:42.28
75 0 -22.2 -22.6 2.829 -0.984 0.0 0.0 0.0 36.7155550 -4.4901500 5.00 287.45 0.08 36.7156681 -4.4912064 0.00 268.90 0.94 0.000 39.102 10:21:42.37
75 0 -22.2 -22.6 1.107 -2.214 0.0 0.0 0.0 36.7155550 -4.4901500 5.00 287.45 0.08 36.7156681 -4.4912064 0.00 268.90 0.94 0.000 39.102 10:21:42.48
75 0 -22.2 -22.6 3.075 -0.861 0.0 0.0 0.0 36.7155550 -4.4901500 5.00 287.45 0.08 36.7156681 -4.4912075 0.00 268.83 0.90 0.000 39.102 10:21:42.57
75 0 -22.2 -22.6 1.107 -3.936 0.0 0.0 0.0 36.7155550 -4.4901500 5.00 287.45 0.08 36.7156681 -4.4912075 0.00 268.83 0.90 0.000 39.102 10:21:42.68
75 0 -22.2 -22.6 5.412 0.984 0.0 0.0 0.0 36.7155550 -4.4901500 5.00 287.45 0.08 36.7156681 -4.4912086 0.00 268.77 0.98 0.000 39.102 10:21:42.78
75 0 -22.2 -22.6 -0.615 -3.690 0.0 0.0 0.0 36.7155550 -4.4901500 5.00 287.45 0.08 36.7156681 -4.4912086 0.00 268.77 0.98 0.000 39.102 10:21:42.87
75 0 -22.2 -22.6 1.599 -3.444 0.0 0.0 0.0 36.7155550 -4.4901500 5.00 287.45 0.08 36.7156680 -4.4912097 0.00 268.78 1.05 0.000 39.102 10:21:42.98
75 0 -22.2 -22.6 3.567 -1.230 0.0 0.0 0.0 36.7155550 -4.4901500 5.00 287.45 0.08 36.7156680 -4.4912097 0.00 268.78 1.05 0.000 39.102 10:21:43.07
75 0 -22.2 -22.6 0.000 -5.781 0.0 0.0 0.0 36.7155550 -4.4901500 5.00 287.45 0.08 36.7156680 -4.4912109 0.00 268.78 1.03 0.000 39.102 10:21:43.18
75 0 -22.2 -22.6 5.412 0.246 0.0 0.0 0.0 36.7155550 -4.4901500 5.00 287.45 0.08 36.7156680 -4.4912109 0.00 268.78 1.03 0.000 39.102 10:21:43.28
75 0 -22.2 -22.6 -0.738 -4.182 0.0 0.0 0.0 36.7155550 -4.4901500 5.00 287.45 0.08 36.7156679 -4.4912120 0.00 268.74 1.04 0.000 39.102 10:21:43.37
75 0 -22.2 -22.6 2.829 -5.658 0.0 0.0 0.0 36.7155550 -4.4901500 5.00 287.45 0.08 36.7156679 -4.4912120 0.00 268.74 1.04 0.000 39.102 10:21:43.48
75 0 -22.2 -22.6 4.797 -0.492 0.0 0.0 0.0 36.7155550 -4.4901500 5.00 287.45 0.08 36.7156679 -4.4912131 0.00 268.76 0.98 0.000 39.102 10:21:43.57
75 0 -22.2 -22.6 1.353 -4.797 0.0 0.0 0.0 36.7155550 -4.4901500 5.00 287.45 0.08 36.7156679 -4.4912131 0.00 268.76 0.98 0.000 39.102 10:21:43.68
75 0 -22.2 -22.6 6.642 1.599 0.0 0.0 0.0 36.7155550 -4.4901500 5.00 287.45 0.08 36.7156679 -4.4912142 0.00 268.79 0.98 0.000 39.102 10:21:43.78
75 0 -22.2 -22.6 2.952 -3.321 0.0 0.0 0.0 36.7155550 -4.4901500 5.00 287.45 0.08 36.7156679 -4.4912142 0.00 268.79 0.98 0.000 39.102 10:21:43.89
75 0 -22.2 -22.6 3.075 -1.107 0.0 0.0 0.0 36.7155550 -4.4901500 5.00 287.45 0.08 36.7156679 -4.4912153 0.00 268.89 0.98 0.000 39.102 10:21:43.98
75 0 -22.2 -22.6 2.952 -0.984 0.0 0.0 0.0 36.7155550 -4.4901500 5.00 287.45 0.08 36.7156679 -4.4912153 0.00 268.89 0.98 0.000 39.102 10:21:44.07
75 0 -22.2 -22.6 3.075 -3.936 0.0 0.0 0.0 36.7155550 -4.4901500 5.00 287.45 0.08 36.7156678 -4.4912164 0.00 268.97 1.01 0.000 39.102 10:21:44.18
75 0 -22.2 -22.6 5.658 0.861 0.0 0.0 0.0 36.7155550 -4.4901500 5.00 287.45 0.08 36.7156678 -4.4912164 0.00 268.97 1.01 0.000 39.102 10:21:44.28
75 0 -23.0 -23.0 2.460 -2.460 0.0 0.0 0.0 36.7155550 -4.4901500 5.00 287.45 0.08 36.7156678 -4.4912176 0.00 268.96 1.02 0.000 39.102 10:21:44.39
75 0 -23.0 -23.0 6.642 0.369 0.0 0.0 0.0 36.7155550 -4.4901500 5.00 287.45 0.08 36.7156678 -4.4912176 0.00 268.96 1.02 0.000 39.102 10:21:44.48
75 0 -23.0 -23.0 4.305 -1.230 0.0 0.0 0.0 36.7155550 -4.4901500 5.00 287.45 0.08 36.7156679 -4.4912187 0.00 268.94 1.01 0.000 39.102 10:21:44.59
75 0 -23.0 -23.0 4.059 -2.091 0.0 0.0 0.0 36.7155550 -4.4901500 5.00 287.45 0.08 36.7156679 -4.4912187 0.00 268.94 1.01 0.000 39.102 10:21:44.68
75 0 -23.0 -23.0 6.519 -0.246 0.0 0.0 0.0 36.7155550 -4.4901500 5.00 287.45 0.08 36.7156679 -4.4912198 0.00 268.92 0.95 0.000 39.102 10:21:44.78
75 0 -23.0 -23.0 1.722 -4.305 0.0 0.0 0.0 36.7155550 -4.4901500 5.00 287.45 0.08 36.7156679 -4.4912198 0.00 268.92 0.95 0.000 39.102 10:21:44.89
75 0 -23.0 -23.0 5.535 0.861 0.0 0.0 0.0 36.7155550 -4.4901500 5.00 287.45 0.08 36.7156679 -4.4912209 0.00 268.87 0.94 0.000 39.102 10:21:44.98
75 0 -23.0 -23.0 1.722 -1.353 0.0 0.0 0.0 36.7155550 -4.4901500 5.00 287.45 0.08 36.7156679 -4.4912209 0.00 268.87 0.94 0.000 39.102 10:21:45.09
75 0 -23.0 -23.0 3.444 -2.460 0.0 0.0 0.0 36.7155550 -4.4901500 5.00 287.45 0.08 36.7156678 -4.4912220 0.00 268.89 0.98 0.000 39.102 10:21:45.18
75 0 -23.0 -23.0 4.305 0.000 0.0 0.0 0.0 36.7155550 -4.4901500 5.00 287.45 0.08 36.7156678 -4.4912220 0.00 268.89 0.98 0.000 39.102 10:21:45.29
75 0 -23.0 -23.0 4.182 -1.353 0.0 0.0 0.0 36.7155550 -4.4901500 5.00 287.45 0.08 36.7156678 -4.4912231 0.00 268.90 1.08 0.000 39.102 10:21:45.39
75 0 -23.0 -23.0 5.412 1.476 0.0 0.0 0.0 36.7155550 -4.4901500 5.00 287.45 0.08 36.7156678 -4.4912231 0.00 268.90 1.08 0.000 39.102 10:21:45.48
75 0 -23.0 -23.0 1.107 -0.984 0.0 0.0 0.0 36.7155550 -4.4901500 5.00 287.45 0.08 36.7156678 -4.4912243 0.00 268.87 1.13 0.000 39.102 10:21:45.59
75 0 -23.0 -23.0 4.920 -2.706 0.0 0.0 0.0 36.7155550 -4.4901500 5.00 287.45 0.08 36.7156678 -4.4912243 0.00 268.87 1.13 0.000 39.102 10:21:45.68
75 0 -23.0 -23.0 3.567 0.738 0.0 0.0 0.0 36.7155550 -4.4901500 5.00 287.45 0.08 36.7156678 -4.4912255 0.00 268.87 1.06 0.000 39.102 10:21:45.79
75 0 -23.0 -23.0 4.305 -2.460 0.0 0.0 0.0 36.7155550 -4.4901500 5.00 287.45 0.08 36.7156678 -4.4912255 0.00 268.87 1.06 0.000 39.102 10:21:45.89
75 0 -23.0 -23.0 6.642 0.615 0.0 0.0 0.0 36.7155550 -4.4901500 5.00 287.45 0.08 36.7156678 -4.4912267 0.00 268.92 1.03 0.000 39.102 10:21:45.98
75 0 -23.0 -23.0 2.952 -1.353 0.0 0.0 0.0 36.7155550 -4.4901500 5.00 287.45 0.08 36.7156678 -4.4912267 0.00 268.92 1.03 0.000 39.102 10:21:46.09
75 0 -23.0 -23.0 3.813 -2.952 0.0 0.0 0.0 36.7155550 -4.4901500 5.00 287.45 0.08 36.7156678 -4.4912278 0.00 268.97 0.97 0.000 39.102 10:21:46.18
75 -1 -23.0 -23.0 4.059 -1.353 0.0 0.0 0.0 36.7155550 -4.4901500 5.00 287.45 0.08 36.7156678 -4.4912278 0.00 268.97 0.97 0.000 39.102 10:21:46.29
75 -1 -23.0 -23.0 3.198 -3.690 0.0 0.0 0.0 36.7155550 -4.4901500 5.00 287.45 0.08 36.7156678 -4.4912290 0.00 269.03 0.98 0.000 39.102 10:21:46.39
75 -1 -23.0 -23.0 4.551 -1.845 0.0 0.0 0.0 36.7155550 -4.4901500 5.00 287.45 0.08 36.7156678 -4.4912290 0.00 269.03 0.98 0.000 39.102 10:21:46.50
75 -1 -23.0 -23.0 2.337 -0.984 0.0 0.0 0.0 36.7155550 -4.4901500 5.00 287.45 0.08 36.7156677 -4.4912300 0.00 269.10 1.03 0.000 39.102 10:21:46.59
75 -1 -23.0 -23.0 -0.984 -3.567 0.0 0.0 0.0 36.7155550 -4.4901500 5.00 287.45 0.08 36.7156677 -4.4912300 0.00 269.10 1.03 0.000 39.102 10:21:46.70
75 -1 -23.0 -23.0 4.182 -0.615 0.0 0.0 0.0 36.7155550 -4.4901500 5.00 287.45 0.08 36.7156677 -4.4912311 0.00 268.94 1.01 0.000 39.102 10:21:46.79
75 0 -23.0 -23.0 0.861 -2.460 0.0 0.0 0.0 36.7155550 -4.4901500 5.00 287.45 0.08 36.7156677 -4.4912311 0.00 268.94 1.01 0.000 39.102 10:21:46.89
75 0 -23.0 -23.0 0.000 -6.027 0.0 0.0 0.0 36.7155550 -4.4901500 5.00 287.45 0.08 36.7156677 -4.4912322 0.00 268.79 1.00 0.000 39.102 10:21:47.00
75 0 -23.0 -23.0 5.658 -0.984 0.0 0.0 0.0 36.7155550 -4.4901500 5.00 287.45 0.08 36.7156677 -4.4912322 0.00 268.79 1.00 0.000 39.102 10:21:47.09
75 0 -23.0 -23.0 0.123 -2.829 0.0 0.0 0.0 36.7155550 -4.4901500 5.00 287.45 0.08 36.7156677 -4.4912334 0.00 268.56 1.02 0.000 39.102 10:21:47.20
75 0 -23.0 -23.0 1.353 -5.412 0.0 0.0 0.0 36.7155550 -4.4901500 5.00 287.45 0.08 36.7156677 -4.4912334 0.00 268.56 1.02 0.000 39.102 10:21:47.29
75 0 -23.0 -23.0 2.091 -3.321 0.0 0.0 0.0 36.7155550 -4.4901500 5.00 287.45 0.08 36.7156676 -4.4912345 0.00 268.52 1.00 0.000 39.102 10:21:47.39
75 0 -23.0 -23.0 0.861 -5.166 0.0 0.0 0.0 36.7155550 -4.4901500 5.00 287.45 0.08 36.7156676 -4.4912345 0.00 268.52 1.00 0.000 39.102 10:21:47.50
75 0 -23.0 -23.0 4.428 -0.492 0.0 0.0 0.0 36.7155550 -4.4901500 5.00 287.45 0.08 36.7156676 -4.4912356 0.00 268.50 0.97 0.000 39.102 10:21:47.59
75 0 -23.0 -23.0 0.861 -5.781 0.0 0.0 0.0 36.7155550 -4.4901500 5.00 287.45 0.08 36.7156676 -4.4912356 0.00 268.50 0.97 0.000 39.102 10:21:47.70
75 0 -23.0 -23.0 3.075 -2.337 0.0 0.0 0.0 36.7155550 -4.4901500 5.00 287.45 0.08 36.7156675 -4.4912367 0.00 268.49 1.00 0.000 39.102 10:21:47.79
75 0 -23.0 -23.0 1.230 -1.353 0.0 0.0 0.0 36.7155550 -4.4901500 5.00 287.45 0.08 36.7156675 -4.4912367 0.00 268.49 1.00 0.000 39.102 10:21:47.90
75 0 -23.0 -23.0 1.722 -3.936 0.0 0.0 0.0 36.7155550 -4.4901500 5.00 287.45 0.08 36.7156675 -4.4912378 0.00 268.48 0.98 0.000 39.102 10:21:48.00
75 0 -23.0 -23.0 5.535 1.230 0.0 0.0 0.0 36.7155550 -4.4901500 5.00 287.45 0.08 36.7156675 -4.4912378 0.00 268.48 0.98 0.000 39.102 10:21:48.09
75 0 -23.0 -23.0 5.535 1.230 0.0 0.0 0.0 36.7155550 -4.4901500 5.00 287.45 0.08 36.7156675 -4.4912389 0.00 268.51 1.02 0.000 39.102 10:21:48.20
75 0 -23.0 -23.0 4.059 -1.599 0.0 0.0 0.0 36.7155550 -4.4901500 5.00 287.45 0.08 36.7156675 -4.4912389 0.00 268.51 1.02 0.000 39.102 10:21:48.29
75 0 -23.0 -23.0 2.952 -1.230 0.0 0.0 0.0 36.7155550 -4.4901500 5.00 287.45 0.08 36.7156675 -4.4912400 0.00 268.49 1.01 0.000 39.102 10:21:48.40
75 0 -23.0 -23.0 4.797 -3.813 0.0 0.0 0.0 36.7155550 -4.4901500 5.00 287.45 0.08 36.7156675 -4.4912400 0.00 268.49 1.01 0.000 39.102 10:21:48.50
75 0 -23.0 -23.0 3.444 -1.353 0.0 0.0 0.0 36.7155550 -4.4901500 5.00 287.45 0.08 36.7156675 -4.4912411 0.00 268.49 1.01 0.000 39.102 10:21:48.59
75 0 -23.0 -23.0 0.615 -2.829 0.0 0.0 0.0 36.7155550 -4.4901500 5.00 287.45 0.08 36.7156675 -4.4912411 0.00 268.49 1.01 0.000 39.102 10:21:48.70
75 0 -23.0 -23.0 0.615 -2.829 0.0 0.0 0.0 36.7155550 -4.4901500 5.00 287.45 0.08 36.7156674 -4.4912423 0.00 268.51 1.04 0.000 39.102 10:21:48.79
75 0 -23.0 -23.0 5.043 0.000 0.0 0.0 0.0 36.7155550 -4.4901500 5.00 287.45 0.08 36.7156674 -4.4912423 0.00 268.51 1.04 0.000 39.102 10:21:48.90
75 0 -23.0 -23.0 2.583 -1.476 0.0 0.0 0.0 36.7155550 -4.4901500 5.00 287.45 0.08 36.7156674 -4.4912434 0.00 268.59 0.99 0.000 39.102 10:21:49.00
75 0 -23.0 -23.0 4.797 -1.968 0.0 0.0 0.0 36.7155550 -4.4901500 5.00 287.45 0.08 36.7156674 -4.4912434 0.00 268.59 0.99 0.000 39.102 10:21:49.10
75 0 -23.0 -23.0 4.797 -1.968 0.0 0.0 0.0 36.7155550 -4.4901500 5.00 287.45 0.08 36.7156674 -4.4912445 0.00 268.56 1.06 0.000 39.102 10:21:49.20
75 0 -23.0 -23.0 3.321 -2.706 0.0 0.0 0.0 36.7155550 -4.4901500 5.00 287.45 0.08 36.7156674 -4.4912445 0.00 268.56 1.06 0.000 39.102 10:21:49.29
75 0 -23.4 -22.6 4.551 -0.123 0.0 0.0 0.0 36.7155550 -4.4901500 5.00 287.45 0.08 36.7156674 -4.4912457 0.00 268.54 1.04 0.000 39.102 10:21:49.40
75 0 -23.4 -22.6 4.551 -0.123 0.0 0.0 0.0 36.7155550 -4.4901500 5.00 287.45 0.08 36.7156674 -4.4912457 0.00 268.54 1.04 0.000 39.102 10:21:49.50
75 0 -23.4 -22.6 3.444 -1.968 0.0 0.0 0.0 36.7155550 -4.4901500 5.00 287.45 0.08 36.7156674 -4.4912467 0.00 268.51 0.97 0.000 39.102 10:21:49.60
75 1 -23.4 -22.6 3.813 1.107 0.0 0.0 0.0 36.7155550 -4.4901500 5.00 287.45 0.08 36.7156674 -4.4912467 0.00 268.51 0.97 0.000 39.102 10:21:49.70
75 1 -23.4 -22.6 2.706 -2.460 0.0 0.0 0.0 36.7155550 -4.4901500 5.00 287.45 0.08 36.7156673 -4.4912479 0.00 268.43 0.95 0.000 39.102 10:21:49.81
75 1 -23.4 -22.6 5.289 -0.492 0.0 0.0 0.0 36.7155550 -4.4901500 5.00 287.45 0.08 36.7156673 -4.4912479 0.00 268.43 0.95 0.000 39.102 10:21:49.90
75 1 -23.4 -22.6 4.059 -4.551 0.0 0.0 0.0 36.7155550 -4.4901500 5.00 287.45 0.08 36.7156673 -4.4912489 0.00 268.39 0.99 0.000 39.102 10:21:50.00
75 1 -23.4 -22.6 7.626 1.476 0.0 0.0 0.0 36.7155550 -4.4901500 5.00 287.45 0.08 36.7156673 -4.4912489 0.00 268.39 0.99 0.000 39.102 10:21:50.10
75 1 -23.4 -22.6 4.428 0.123 0.0 0.0 0.0 36.7155550 -4.4901500 5.00 287.45 0.08 36.7156673 -4.4912500 0.00 268.51 1.01 0.000 39.102 10:21:50.20
75 1 -23.4 -22.6 4.428 0.123 0.0 0.0 0.0 36.7155550 -4.4901500 5.00 287.45 0.08 36.7156673 -4.4912500 0.00 268.51 1.01 0.000 39.102 10:21:50.31
75 1 -23.4 -22.6 7.749 1.107 0.0 0.0 0.0 36.7155550 -4.4901500 5.00 287.45 0.08 36.7156673 -4.4912512 0.00 268.76 1.01 0.000 39.102 10:21:50.40
75 1 -23.4 -22.6 2.583 -0.615 0.0 0.0 0.0 36.7155550 -4.4901500 5.00 287.45 0.08 36.7156673 -4.4912512 0.00 268.76 1.01 0.000 39.102 10:21:50.51
75 1 -23.4 -22.6 6.027 0.861 0.0 0.0 0.0 36.7155550 -4.4901500 5.00 287.45 0.08 36.7156673 -4.4912523 0.00 268.99 1.04 0.000 39.102 10:21:50.60
75 0 -23.4 -22.6 3.321 1.722 0.0 0.0 0.0 36.7155550 -4.4901500 5.00 287.45 0.08 36.7156673 -4.4912523 0.00 268.99 1.04 0.000 39.102 10:21:50.71
75 0 -23.4 -22.6 3.936 -3.198 0.0 0.0 0.0 36.7155550 -4.4901500 5.00 287.45 0.08 36.7156672 -4.4912535 0.00 269.22 1.03 0.000 39.102 10:21:50.81
75 0 -23.4 -22.6 7.380 0.000 0.0 0.0 0.0 36.7155550 -4.4901500 5.00 287.45 0.08 36.7156672 -4.4912535 0.00 269.22 1.03 0.000 39.102 10:21:50.92
75 0 -23.4 -22.6 2.460 -2.460 0.0 0.0 0.0 36.7155550 -4.4901500 5.00 287.45 0.08 36.7156672 -4.4912545 0.00 269.46 0.96 0.000 39.102 10:21:51.01
75 0 -23.4 -22.6 5.781 1.722 0.0 0.0 0.0 36.7155550 -4.4901500 5.00 287.45 0.08 36.7156672 -4.4912545 0.00 269.46 0.96 0.000 39.102 10:21:51.10
75 0 -23.4 -22.6 4.059 -0.615 0.0 0.0 0.0 36.7155550 -4.4901500 5.00 287.45 0.08 36.7156672 -4.4912556 0.00 269.60 0.87 0.000 39.102 10:21:51.21
75 0 -23.4 -22.6 2.706 -4.059 0.0 0.0 0.0 36.7155550 -4.4901500 5.00 287.45 0.08 36.7156672 -4.4912556 0.00 269.60 0.87 0.000 39.102 10:21:51.31
75 0 -23.4 -22.6 7.380 -1.845 0.0 0.0 0.0 36.7155550 -4.4901500 5.00 287.45 0.08 36.7156672 -4.4912567 0.00 269.66 0.99 0.000 39.102 10:21:51.42
75 0 -23.4 -22.6 2.337 -3.198 0.0 0.0 0.0 36.7155550 -4.4901500 5.00 287.45 0.08 36.7156672 -4.4912567 0.00 269.66 0.99 0.000 39.102 10:21:51.51
75 0 -23.4 -22.6 4.059 -1.599 0.0 0.0 0.0 36.7155550 -4.4901500 5.00 287.45 0.08 36.7156672 -4.4912579 0.00 269.70 1.08 0.000 39.102 10:21:51.60
75 0 -23.4 -22.6 3.075 -2.091 0.0 0.0 0.0 36.7155550 -4.4901500 5.00 287.45 0.08 36.7156672 -4.4912579 0.00 269.70 1.08 0.000 39.102 10:21:51.71
75 0 -23.4 -22.6 2.706 -2.460 0.0 0.0 0.0 36.7155550 -4.4901500 5.00 287.45 0.08 36.7156672 -4.4912590 0.00 269.85 1.15 0.000 39.102 10:21:51.81
75 0 -23.4 -22.6 2.706 -2.460 0.0 0.0 0.0 36.7155550 -4.4901500 5.00 287.45 0.08 36.7156672 -4.4912590 0.00 269.85 1.15 0.000 39.102 10:21:51.92
75 0 -23.4 -22.6 1.968 -2.829 0.0 0.0 0.0 36.7155550 -4.4901500 5.00 287.45 0.08 36.7156672 -4.4912602 0.00 269.90 1.07 0.000 39.102 10:21:52.01
75 0 -23.4 -22.6 1.968 -2.829 0.0 0.0 0.0 36.7155550 -4.4901500 5.00 287.45 0.08 36.7156672 -4.4912602 0.00 269.90 1.07 0.000 39.102 10:21:52.12
75 0 -23.4 -22.6 1.230 -2.091 0.0 0.0 0.0 36.7155550 -4.4901500 5.00 287.45 0.08 36.7156672 -4.4912613 0.00 269.82 1.02 0.000 39.102 10:21:52.21
75 0 -23.4 -22.6 1.230 -2.091 0.0 0.0 0.0 36.7155550 -4.4901500 5.00 287.45 0.08 36.7156672 -4.4912613 0.00 269.82 1.02 0.000 39.102 10:21:52.31
75 0 -23.4 -22.6 3.936 -1.107 0.0 0.0 0.0 36.7155550 -4.4901500 5.00 287.45 0.08 36.7156672 -4.4912625 0.00 269.84 0.93 0.000 39.102 10:21:52.42
75 0 -23.4 -22.6 5.412 0.246 0.0 0.0 0.0 36.7155550 -4.4901500 5.00 287.45 0.08 36.7156672 -4.4912625 0.00 269.84 0.93 0.000 39.102 10:21:52.51
75 0 -23.4 -22.6 4.305 -1.353 0.0 0.0 0.0 36.7155550 -4.4901500 5.00 287.45 0.08 36.7156672 -4.4912637 0.00 269.76 0.94 0.000 39.102 10:21:52.62
75 0 -23.4 -22.6 4.305 -1.353 0.0 0.0 0.0 36.7155550 -4.4901500 5.00 287.45 0.08 36.7156672 -4.4912637 0.00 269.76 0.94 0.000 39.102 10:21:52.71
75 0 -23.4 -22.6 5.043 -0.861 0.0 0.0 0.0 36.7155550 -4.4901500 5.00 287.45 0.08 36.7156672 -4.4912648 0.00 269.86 0.99 0.000 39.102 10:21:52.82
75 0 -23.4 -22.6 5.043 -0.861 0.0 0.0 0.0 36.7155550 -4.4901500 5.00 287.45 0.08 36.7156672 -4.4912648 0.00 269.86 0.99 0.000 39.102 10:21:52.92
75 0 -23.4 -22.6 3.198 -1.353 0.0 0.0 0.0 36.7155550 -4.4901500 5.00 287.45 0.08 36.7156672 -4.4912659 0.00 269.90 1.04 0.000 39.102 10:21:53.01
75 0 -23.4 -22.6 3.075 -2.952 0.0 0.0 0.0 36.7155550 -4.4901500 5.00 287.45 0.08 36.7156672 -4.4912659 0.00 269.90 1.04 0.000 39.102 10:21:53.12
75 0 -23.4 -22.6 3.075 -2.952 0.0 0.0 0.0 36.7155550 -4.4901500 5.00 287.45 0.08 36.7156672 -4.4912671 0.00 269.88 1.05 0.000 39.102 10:21:53.21
75 0 -23.4 -22.6 -0.123 -1.230 0.0 0.0 0.0 36.7155550 -4.4901500 5.00 287.45 0.08 36.7156672 -4.4912671 0.00 269.88 1.05 0.000 39.102 10:21:53.32
75 0 -23.4 -22.6 -0.123 -1.230 0.0 0.0 0.0 36.7155550 -4.4901500 5.00 287.45 0.08 36.7156673 -4.4912682 0.00 270.00 0.95 0.000 39.102 10:21:53.42
75 0 -23.4 -22.6 0.615 -2.460 0.0 0.0 0.0 36.7155550 -4.4901500 5.00 287.45 0.08 36.7156673 -4.4912682 0.00 270.00 0.95 0.000 39.102 10:21:53.51
75 0 -23.4 -22.6 5.904 -0.861 0.0 0.0 0.0 36.7155550 -4.4901500 5.00 287.45 0.08 36.7156673 -4.4912693 0.00 269.95 0.96 0.000 39.102 10:21:53.62
75 0 -23.4 -22.6 1.845 -5.289 0.0 0.0 0.0 36.7155550 -4.4901500 5.00 287.45 0.08 36.7156673 -4.4912693 0.00 269.95 0.96 0.000 39.102 10:21:53.71
75 0 -23.4 -22.6 5.166 0.369 0.0 0.0 0.0 36.7155550 -4.4901500 5.00 287.45 0.08 36.7156673 -4.4912704 0.00 269.92 0.90 0.000 39.102 10:21:53.82
75 0 -23.4 -22.6 2.091 -3.567 0.0 0.0 0.0 36.7155550 -4.4901500 5.00 287.45 0.08 36.7156673 -4.4912704 0.00 269.92 0.90 0.000 39.102 10:21:53.92
75 0 -23.4 -22.6 2.091 -3.567 0.0 0.0 0.0 36.7155550 -4.4901500 5.00 287.45 0.08 36.7156673 -4.4912714 0.00 269.98 1.03 0.000 39.102 10:21:54.03
75 -1 -23.4 -22.6 4.182 -1.599 0.0 0.0 0.0 36.7155550 -4.4901500 5.00 287.45 0.08 36.7156673 -4.4912714 0.00 269.98 1.03 0.000 39.102 10:21:54.12
75 -1 -23.4 -22.6 -0.738 -5.412 0.0 0.0 0.0 36.7155550 -4.4901500 5.00 287.45 0.08 36.7156673 -4.4912726 0.00 269.97 1.03 0.000 39.102 10:21:54.21
75 -1 -23.4 -22.6 5.412 -0.246 0.0 0.0 0.0 36.7155550 -4.4901500 5.00 287.45 0.08 36.7156673 -4.4912726 0.00 269.97 1.03 0.000 39.102 10:21:54.32
75 -1 -23.4 -22.6 0.861 -3.321 0.0 0.0 0.0 36.7155550 -4.4901500 5.00 287.45 0.08 36.7156673 -4.4912737 0.00 269.94 1.02 0.000 38.887 10:21:54.42
75 -1 -23.4 -22.6 3.198 -4.182 0.0 0.0 0.0 36.7155550 -4.4901500 5.00 287.45 0.08 36.7156673 -4.4912737 0.00 269.94 1.02 0.000 38.887 10:21:54.53
75 -1 -23.4 -22.6 2.952 -0.738 0.0 0.0 0.0 36.7155550 -4.4901500 5.00 287.45 0.08 36.7156673 -4.4912748 0.00 269.82 0.99 0.000 38.887 10:21:54.62
75 0 -23.4 -22.6 -0.246 -5.043 0.0 0.0 0.0 36.7155550 -4.4901500 5.00 287.45 0.08 36.7156673 -4.4912748 0.00 269.82 0.99 0.000 38.887 10:21:54.71
75 0 -23.4 -22.6 5.166 0.615 0.0 0.0 0.0 36.7155550 -4.4901500 5.00 287.45 0.08 36.7156673 -4.4912759 0.00 269.57 1.03 0.000 38.887 10:21:54.82
75 0 -23.4 -22.6 1.353 -4.551 0.0 0.0 0.0 36.7155550 -4.4901500 5.00 287.45 0.08 36.7156673 -4.4912759 0.00 269.57 1.03 0.000 38.887 10:21:54.92
75 0 -23.4 -22.6 1.968 -1.968 0.0 0.0 0.0 36.7155550 -4.4901500 5.00 287.45 0.08 36.7156672 -4.4912771 0.00 269.36 1.04 0.000 38.887 10:21:55.03
75 0 -23.4 -22.6 3.567 -0.492 0.0 0.0 0.0 36.7155550 -4.4901500 5.00 287.45 0.08 36.7156672 -4.4912771 0.00 269.36 1.04 0.000 38.887 10:21:55.12
75 0 -23.4 -22.6 2.337 -3.936 0.0 0.0 0.0 36.7155550 -4.4901500 5.00 287.45 0.08 36.7156672 -4.4912783 0.00 269.28 1.04 0.000 38.887 10:21:55.21
75 0 -23.4 -22.6 2.460 -0.615 0.0 0.0 0.0 36.7155550 -4.4901500 5.00 287.45 0.08 36.7156672 -4.4912783 0.00 269.28 1.04 0.000 38.887 10:21:55.32
75 0 -23.4 -22.6 -0.246 -2.583 0.0 0.0 0.0 36.7155550 -4.4901500 5.00 287.45 0.08 36.7156672 -4.4912795 0.00 269.31 1.08 0.000 38.887 10:21:55.42
75 0 -23.4 -22.6 3.075 -3.321 0.0 0.0 0.0 36.7155550 -4.4901500 5.00 287.45 0.08 36.7156672 -4.4912795 0.00 269.31 1.08 0.000 38.887 10:21:55.53
75 0 -23.4 -22.6 2.952 -0.615 0.0 0.0 0.0 36.7155550 -4.4901500 5.00 287.45 0.08 36.7156672 -4.4912806 0.00 269.37 1.04 0.000 38.887 10:21:55.62
75 0 -23.4 -22.6 1.599 -2.952 0.0 0.0 0.0 36.7155550 -4.4901500 5.00 287.45 0.08 36.7156672 -4.4912806 0.00 269.37 1.04 0.000 38.887 10:21:55.71
75 0 -23.4 -22.6 3.690 -1.722 0.0 0.0 0.0 36.7155550 -4.4901500 5.00 287.45 0.08 36.7156671 -4.4912817 0.00 269.39 0.97 0.000 38.887 10:21:55.82
75 0 -23.4 -22.6 0.000 -1.599 0.0 0.0 0.0 36.7155550 -4.4901500 5.00 287.45 0.08 36.7156671 -4.4912817 0.00 269.39 0.97 0.000 38.887 10:21:55.92
75 0 -23.4 -22.6 2.706 -1.845 0.0 0.0 0.0 36.7155550 -4.4901500 5.00 287.45 0.08 36.7156671 -4.4912828 0.00 269.38 0.86 0.000 38.887 10:21:56.03
75 0 -23.4 -22.6 2.583 -1.599 0.0 0.0 0.0 36.7155550 -4.4901500 5.00 287.45 0.08 36.7156671 -4.4912828 0.00 269.38 0.86 0.000 38.887 10:21:56.12
75 0 -23.4 -22.6 2.706 -0.738 0.0 0.0 0.0 36.7155550 -4.4901500 5.00 287.45 0.08 36.7156671 -4.4912839 0.00 269.41 0.96 0.000 38.887 10:21:56.21
0 0 -23.4 -22.6 2.214 -1.599 0.0 0.0 0.0 36.7155550 -4.4901500 5.00 287.45 0.08 36.7156671 -4.4912839 0.00 269.41 0.96 0.000 38.887 10:21:56.32
0 0 -23.4 -22.6 -35.178 35.178 0.0 0.0 0.0 36.7155550 -4.4901500 5.00 287.45 0.08 36.7156671 -4.4912849 0.00 269.41 0.92 0.000 38.887 10:21:56.42
