75 2 -23.7 -22.2 4.797 -0.123 0.0 0.0 0.0 36.7156694 -4.4910887 0.00 265.88 0.98 36.7156698 -4.4910848 0.00 269.65 1.10 0.000 38.672 14:40:25.45
75 -1 -22.2 -23.4 7.011 0.246 0.0 0.0 0.0 36.7156694 -4.4910887 0.00 265.88 0.98 36.7156698 -4.4910848 0.00 269.65 1.10 0.000 38.027 14:40:25.54
75 -1 -22.2 -23.4 5.166 -1.230 0.0 0.0 0.0 36.7156694 -4.4910898 0.00 266.29 1.00 36.7156698 -4.4910848 0.00 269.65 1.10 0.000 38.027 14:40:25.65
75 -1 -22.2 -23.4 3.690 -0.861 0.0 0.0 0.0 36.7156694 -4.4910898 0.00 266.29 1.00 36.7156698 -4.4910848 0.00 269.65 1.10 0.000 38.027 14:40:25.75
75 -1 -22.2 -23.4 7.011 -0.369 0.0 0.0 0.0 36.7156693 -4.4910908 0.00 266.70 0.98 36.7156698 -4.4910848 0.00 269.65 1.10 0.000 38.027 14:40:25.85
75 -1 -22.2 -23.4 2.337 -1.845 0.0 0.0 0.0 36.7156693 -4.4910908 0.00 266.70 0.98 36.7156698 -4.4910848 0.00 269.65 1.10 0.000 38.027 14:40:25.95
75 -1 -22.2 -23.4 3.567 -1.476 0.0 0.0 0.0 36.7156693 -4.4910919 0.00 266.83 1.04 36.7156697 -4.4910881 0.00 268.41 0.94 0.000 38.027 14:40:26.04
75 0 -22.2 -23.4 3.567 -1.845 0.0 0.0 0.0 36.7156693 -4.4910919 0.00 266.83 1.04 36.7156697 -4.4910881 0.00 268.41 0.94 0.000 38.027 14:40:26.15
75 0 -22.2 -23.4 0.123 -1.599 0.0 0.0 0.0 36.7156692 -4.4910930 0.00 266.75 1.03 36.7156697 -4.4910881 0.00 268.41 0.94 0.000 38.027 14:40:26.25
75 0 -22.2 -23.4 0.123 -1.599 0.0 0.0 0.0 36.7156692 -4.4910930 0.00 266.75 1.03 36.7156697 -4.4910881 0.00 268.41 0.94 0.000 38.027 14:40:26.35
75 0 -22.2 -23.4 1.476 -1.599 0.0 0.0 0.0 36.7156692 -4.4910941 0.00 266.62 0.98 36.7156697 -4.4910881 0.00 268.41 0.94 0.000 38.027 14:40:26.45
75 0 -22.2 -23.4 1.476 -1.599 0.0 0.0 0.0 36.7156692 -4.4910941 0.00 266.62 0.98 36.7156697 -4.4910881 0.00 268.41 0.94 0.000 38.027 14:40:26.54
75 0 -22.2 -23.4 4.305 -2.829 0.0 0.0 0.0 36.7156691 -4.4910952 0.00 266.63 0.95 36.7156694 -4.4910916 0.00 268.47 1.12 0.000 38.027 14:40:26.65
75 0 -22.2 -23.4 4.305 -2.829 0.0 0.0 0.0 36.7156691 -4.4910952 0.00 266.63 0.95 36.7156694 -4.4910916 0.00 268.47 1.12 0.000 38.027 14:40:26.75
75 0 -22.2 -23.4 1.722 -4.059 0.0 0.0 0.0 36.7156691 -4.4910964 0.00 266.59 0.96 36.7156694 -4.4910916 0.00 268.47 1.12 0.000 38.027 14:40:26.85
75 0 -22.2 -23.4 5.781 -1.722 0.0 0.0 0.0 36.7156691 -4.4910964 0.00 266.59 0.96 36.7156694 -4.4910916 0.00 268.47 1.12 0.000 38.027 14:40:26.95
75 0 -22.2 -23.4 1.599 -4.305 0.0 0.0 0.0 36.7156691 -4.4910975 0.00 266.69 0.97 36.7156694 -4.4910916 0.00 268.47 1.12 0.000 38.027 14:40:27.04
75 0 -22.2 -23.4 4.182 -1.476 0.0 0.0 0.0 36.7156691 -4.4910975 0.00 266.69 0.97 36.7156694 -4.4910916 0.00 268.47 1.12 0.000 38.027 14:40:27.15
75 0 -22.2 -23.4 0.615 -1.599 0.0 0.0 0.0 36.7156691 -4.4910986 0.00 266.61 0.93 36.7156693 -4.4910949 0.00 265.88 1.09 0.000 38.027 14:40:27.25
75 0 -22.2 -23.4 1.722 0.000 0.0 0.0 0.0 36.7156691 -4.4910986 0.00 266.61 0.93 36.7156693 -4.4910949 0.00 265.88 1.09 0.000 38.027 14:40:27.35
75 0 -22.2 -23.4 5.535 -0.738 0.0 0.0 0.0 36.7156690 -4.4910996 0.00 266.59 1.03 36.7156693 -4.4910949 0.00 265.88 1.09 0.000 38.027 14:40:27.45
75 2 -22.2 -23.4 1.599 -2.952 0.0 0.0 0.0 36.7156690 -4.4910996 0.00 266.59 1.03 36.7156693 -4.4910949 0.00 265.88 1.09 0.000 38.027 14:40:27.54
75 2 -22.2 -23.4 6.642 -0.369 0.0 0.0 0.0 36.7156690 -4.4911007 0.00 266.65 1.01 36.7156693 -4.4910949 0.00 265.88 1.09 0.000 38.027 14:40:27.65
75 2 -22.2 -23.4 1.599 -3.198 0.0 0.0 0.0 36.7156690 -4.4911007 0.00 266.65 1.01 36.7156693 -4.4910949 0.00 265.88 1.09 0.000 38.027 14:40:27.75
75 2 -22.2 -23.4 4.551 0.615 0.0 0.0 0.0 36.7156689 -4.4911019 0.00 266.62 0.93 36.7156691 -4.4910981 0.00 265.88 0.92 0.000 38.027 14:40:27.85
75 3 -22.2 -23.4 6.273 0.123 0.0 0.0 0.0 36.7156689 -4.4911019 0.00 266.62 0.93 36.7156691 -4.4910981 0.00 265.88 0.92 0.000 38.027 14:40:27.95
75 3 -22.2 -23.4 2.829 -2.583 0.0 0.0 0.0 36.7156688 -4.4911031 0.00 266.94 1.04 36.7156691 -4.4910981 0.00 265.88 0.92 0.000 38.027 14:40:28.04
75 3 -22.2 -23.4 8.979 1.599 0.0 0.0 0.0 36.7156688 -4.4911031 0.00 266.94 1.04 36.7156691 -4.4910981 0.00 265.88 0.92 0.000 38.027 14:40:28.15
75 3 -22.2 -23.4 2.460 -1.845 0.0 0.0 0.0 36.7156688 -4.4911043 0.00 267.32 1.04 36.7156691 -4.4910981 0.00 265.88 0.92 0.000 38.027 14:40:28.25
75 3 -22.2 -23.4 6.027 1.230 0.0 0.0 0.0 36.7156688 -4.4911043 0.00 267.32 1.04 36.7156691 -4.4910981 0.00 265.88 0.92 0.000 38.027 14:40:28.35
75 3 -22.2 -23.4 4.305 -2.829 0.0 0.0 0.0 36.7156688 -4.4911055 0.00 267.94 0.98 36.7156690 -4.4911017 0.00 268.61 1.00 0.000 38.027 14:40:28.45
75 1 -22.2 -23.4 5.658 1.107 0.0 0.0 0.0 36.7156688 -4.4911055 0.00 267.94 0.98 36.7156690 -4.4911017 0.00 268.61 1.00 0.000 38.027 14:40:28.54
75 1 -22.2 -23.4 5.043 -0.861 0.0 0.0 0.0 36.7156688 -4.4911066 0.00 268.52 0.92 36.7156690 -4.4911017 0.00 268.61 1.00 0.000 38.027 14:40:28.65
75 1 -22.2 -23.4 1.845 0.000 0.0 0.0 0.0 36.7156688 -4.4911066 0.00 268.52 0.92 36.7156690 -4.4911017 0.00 268.61 1.00 0.000 38.027 14:40:28.75
75 1 -22.2 -23.4 7.134 0.000 0.0 0.0 0.0 36.7156688 -4.4911076 0.00 269.12 0.86 36.7156690 -4.4911017 0.00 268.61 1.00 0.000 38.027 14:40:28.85
75 1 -22.2 -23.4 3.075 -4.674 0.0 0.0 0.0 36.7156688 -4.4911076 0.00 269.12 0.86 36.7156690 -4.4911017 0.00 268.61 1.00 0.000 38.027 14:40:28.95
75 1 -22.2 -23.4 5.166 1.845 0.0 0.0 0.0 36.7156688 -4.4911087 0.00 269.48 0.97 36.7156689 -4.4911050 0.00 272.20 1.02 0.000 38.027 14:40:29.04
75 -1 -22.2 -23.4 4.551 -3.075 0.0 0.0 0.0 36.7156688 -4.4911087 0.00 269.48 0.97 36.7156689 -4.4911050 0.00 272.20 1.02 0.000 38.027 14:40:29.15
75 -1 -22.2 -23.4 2.214 0.738 0.0 0.0 0.0 36.7156688 -4.4911098 0.00 269.75 1.06 36.7156689 -4.4911050 0.00 272.20 1.02 0.000 38.027 14:40:29.25
75 -1 -22.2 -23.4 5.166 -1.107 0.0 0.0 0.0 36.7156688 -4.4911098 0.00 269.75 1.06 36.7156689 -4.4911050 0.00 272.20 1.02 0.000 38.027 14:40:29.35
75 -1 -22.2 -23.4 1.107 -4.059 0.0 0.0 0.0 36.7156688 -4.4911110 0.00 269.99 1.01 36.7156689 -4.4911050 0.00 272.20 1.02 0.000 38.027 14:40:29.45
75 -1 -22.2 -23.4 2.706 -0.123 0.0 0.0 0.0 36.7156688 -4.4911110 0.00 269.99 1.01 36.7156689 -4.4911050 0.00 272.20 1.02 0.000 38.027 14:40:29.56
75 -1 -22.2 -23.4 4.674 -2.091 0.0 0.0 0.0 36.7156688 -4.4911120 0.00 270.00 0.93 36.7156689 -4.4911082 0.00 270.94 1.03 0.000 38.027 14:40:29.65
75 0 -22.2 -23.4 1.968 -0.861 0.0 0.0 0.0 36.7156688 -4.4911120 0.00 270.00 0.93 36.7156689 -4.4911082 0.00 270.94 1.03 0.000 38.027 14:40:29.75
75 0 -22.2 -23.4 5.658 -2.706 0.0 0.0 0.0 36.7156688 -4.4911132 0.00 269.91 0.95 36.7156689 -4.4911082 0.00 270.94 1.03 0.000 38.027 14:40:29.85
75 0 -22.2 -23.4 0.492 -3.198 0.0 0.0 0.0 36.7156688 -4.4911132 0.00 269.91 0.95 36.7156689 -4.4911082 0.00 270.94 1.03 0.000 38.027 14:40:29.95
75 0 -22.2 -23.4 4.551 -2.214 0.0 0.0 0.0 36.7156688 -4.4911144 0.00 269.83 0.99 36.7156689 -4.4911082 0.00 270.94 1.03 0.000 38.027 14:40:30.06
75 0 -22.2 -23.4 3.690 -5.166 0.0 0.0 0.0 36.7156688 -4.4911144 0.00 269.83 0.99 36.7156689 -4.4911082 0.00 270.94 1.03 0.000 38.027 14:40:30.15
75 0 -22.2 -23.4 5.043 -0.123 0.0 0.0 0.0 36.7156688 -4.4911155 0.00 270.05 0.97 36.7156689 -4.4911117 0.00 276.61 0.94 0.000 38.027 14:40:30.25
75 -4 -22.2 -23.4 5.781 -0.123 0.0 0.0 0.0 36.7156688 -4.4911155 0.00 270.05 0.97 36.7156689 -4.4911117 0.00 276.61 0.94 0.000 38.027 14:40:30.35
75 -4 -22.2 -23.4 -0.246 -2.337 0.0 0.0 0.0 36.7156688 -4.4911166 0.00 270.06 1.01 36.7156689 -4.4911117 0.00 276.61 0.94 0.000 38.027 14:40:30.45
75 -4 -24.1 -21.8 2.091 -1.230 0.0 0.0 0.0 36.7156688 -4.4911166 0.00 270.06 1.01 36.7156689 -4.4911117 0.00 276.61 0.94 0.000 38.457 14:40:30.56
75 -4 -24.1 -21.8 2.583 -2.583 0.0 0.0 0.0 36.7156688 -4.4911177 0.00 270.00 0.93 36.7156689 -4.4911117 0.00 276.61 0.94 0.000 38.457 14:40:30.65
75 -4 -24.1 -21.8 1.230 -0.492 0.0 0.0 0.0 36.7156688 -4.4911177 0.00 270.00 0.93 36.7156689 -4.4911117 0.00 276.61 0.94 0.000 38.457 14:40:30.75
75 -4 -24.1 -21.8 1.845 -3.690 0.0 0.0 0.0 36.7156688 -4.4911187 0.00 269.82 0.89 36.7156689 -4.4911150 0.00 272.89 0.92 0.000 38.457 14:40:30.85
75 -2 -24.1 -21.8 0.246 -3.813 0.0 0.0 0.0 36.7156688 -4.4911187 0.00 269.82 0.89 36.7156689 -4.4911150 0.00 272.89 0.92 0.000 38.457 14:40:30.95
75 -2 -24.1 -21.8 2.091 -3.198 0.0 0.0 0.0 36.7156688 -4.4911198 0.00 269.54 0.90 36.7156689 -4.4911150 0.00 272.89 0.92 0.000 38.457 14:40:31.06
75 -2 -24.1 -21.8 1.599 -6.888 0.0 0.0 0.0 36.7156688 -4.4911198 0.00 269.54 0.90 36.7156689 -4.4911150 0.00 272.89 0.92 0.000 38.457 14:40:31.15
75 -2 -24.1 -21.8 0.246 -2.091 0.0 0.0 0.0 36.7156687 -4.4911209 0.00 269.12 0.98 36.7156689 -4.4911150 0.00 272.89 0.92 0.000 38.457 14:40:31.26
75 -2 -24.1 -21.8 -0.738 -7.995 0.0 0.0 0.0 36.7156687 -4.4911209 0.00 269.12 0.98 36.7156689 -4.4911150 0.00 272.89 0.92 0.000 38.457 14:40:31.35
75 -2 -24.1 -21.8 -0.123 -1.722 0.0 0.0 0.0 36.7156687 -4.4911220 0.00 268.89 0.99 36.7156689 -4.4911182 0.00 270.98 0.90 0.000 38.457 14:40:31.45
75 0 -24.1 -21.8 1.353 -4.551 0.0 0.0 0.0 36.7156687 -4.4911220 0.00 268.89 0.99 36.7156689 -4.4911182 0.00 270.98 0.90 0.000 38.457 14:40:31.56
75 0 -24.1 -21.8 0.246 -5.166 0.0 0.0 0.0 36.7156687 -4.4911231 0.00 268.68 0.98 36.7156689 -4.4911182 0.00 270.98 0.90 0.000 38.457 14:40:31.65
75 0 -24.1 -21.8 1.230 -0.738 0.0 0.0 0.0 36.7156687 -4.4911231 0.00 268.68 0.98 36.7156689 -4.4911182 0.00 270.98 0.90 0.000 38.457 14:40:31.76
75 0 -24.1 -21.8 0.492 -7.626 0.0 0.0 0.0 36.7156686 -4.4911243 0.00 268.54 0.97 36.7156689 -4.4911182 0.00 270.98 0.90 0.000 38.457 14:40:31.85
75 0 -24.1 -21.8 2.706 -0.738 0.0 0.0 0.0 36.7156686 -4.4911243 0.00 268.54 0.97 36.7156689 -4.4911182 0.00 270.98 0.90 0.000 38.457 14:40:31.95
75 0 -24.1 -21.8 1.845 -6.519 0.0 0.0 0.0 36.7156686 -4.4911255 0.00 268.50 0.96 36.7156688 -4.4911216 0.00 270.29 0.91 0.000 38.457 14:40:32.06
75 0 -24.1 -21.8 3.567 -1.107 0.0 0.0 0.0 36.7156686 -4.4911255 0.00 268.50 0.96 36.7156688 -4.4911216 0.00 270.29 0.91 0.000 38.457 14:40:32.15
75 0 -24.1 -21.8 3.444 -3.075 0.0 0.0 0.0 36.7156686 -4.4911266 0.00 268.48 1.00 36.7156688 -4.4911216 0.00 270.29 0.91 0.000 38.457 14:40:32.26
75 0 -24.1 -21.8 1.599 -4.920 0.0 0.0 0.0 36.7156686 -4.4911266 0.00 268.48 1.00 36.7156688 -4.4911216 0.00 270.29 0.91 0.000 38.457 14:40:32.35
75 0 -24.1 -21.8 2.829 -1.722 0.0 0.0 0.0 36.7156686 -4.4911277 0.00 268.51 0.97 36.7156688 -4.4911216 0.00 270.29 0.91 0.000 38.457 14:40:32.46
75 0 -24.1 -21.8 1.107 -6.765 0.0 0.0 0.0 36.7156686 -4.4911277 0.00 268.51 0.97 36.7156688 -4.4911216 0.00 270.29 0.91 0.000 38.457 14:40:32.56
75 0 -24.1 -21.8 2.214 -0.246 0.0 0.0 0.0 36.7156685 -4.4911288 0.00 268.56 0.98 36.7156687 -4.4911251 0.00 271.62 0.82 0.000 38.457 14:40:32.65
75 -1 -24.1 -21.8 3.075 -6.273 0.0 0.0 0.0 36.7156685 -4.4911288 0.00 268.56 0.98 36.7156687 -4.4911251 0.00 271.62 0.82 0.000 38.457 14:40:32.76
75 -1 -24.1 -21.8 0.984 -4.305 0.0 0.0 0.0 36.7156685 -4.4911299 0.00 268.66 0.96 36.7156687 -4.4911251 0.00 271.62 0.82 0.000 38.457 14:40:32.85
75 -1 -24.1 -21.8 0.000 -2.460 0.0 0.0 0.0 36.7156685 -4.4911299 0.00 268.66 0.96 36.7156687 -4.4911251 0.00 271.62 0.82 0.000 38.457 14:40:32.96
75 -1 -24.1 -21.8 1.107 -6.888 0.0 0.0 0.0 36.7156685 -4.4911310 0.00 268.75 1.00 36.7156687 -4.4911251 0.00 271.62 0.82 0.000 38.457 14:40:33.06
75 -1 -24.1 -21.8 2.337 -1.722 0.0 0.0 0.0 36.7156685 -4.4911310 0.00 268.75 1.00 36.7156687 -4.4911251 0.00 271.62 0.82 0.000 38.457 14:40:33.15
75 -1 -24.1 -21.8 1.230 -7.257 0.0 0.0 0.0 36.7156685 -4.4911322 0.00 268.66 1.02 36.7156687 -4.4911283 0.00 269.02 0.94 0.000 38.457 14:40:33.26
75 1 -24.1 -21.8 0.369 -4.059 0.0 0.0 0.0 36.7156685 -4.4911322 0.00 268.66 1.02 36.7156687 -4.4911283 0.00 269.02 0.94 0.000 38.457 14:40:33.35
75 1 -24.1 -21.8 6.519 -0.738 0.0 0.0 0.0 36.7156684 -4.4911333 0.00 268.43 1.02 36.7156687 -4.4911283 0.00 269.02 0.94 0.000 38.457 14:40:33.46
75 1 -24.1 -21.8 3.075 -3.813 0.0 0.0 0.0 36.7156684 -4.4911333 0.00 268.43 1.02 36.7156687 -4.4911283 0.00 269.02 0.94 0.000 38.457 14:40:33.56
75 1 -24.1 -21.8 3.075 -1.107 0.0 0.0 0.0 36.7156684 -4.4911345 0.00 268.27 1.02 36.7156687 -4.4911283 0.00 269.02 0.94 0.000 38.457 14:40:33.67
75 1 -24.1 -21.8 1.845 -3.444 0.0 0.0 0.0 36.7156684 -4.4911345 0.00 268.27 1.02 36.7156687 -4.4911283 0.00 269.02 0.94 0.000 38.457 14:40:33.76
75 1 -24.1 -21.8 3.567 0.738 0.0 0.0 0.0 36.7156684 -4.4911356 0.00 268.42 1.00 36.7156686 -4.4911317 0.00 274.22 0.98 0.000 38.457 14:40:33.85
75 -2 -24.1 -21.8 6.150 -2.091 0.0 0.0 0.0 36.7156684 -4.4911356 0.00 268.42 1.00 36.7156686 -4.4911317 0.00 274.22 0.98 0.000 38.457 14:40:33.96
75 -2 -24.1 -21.8 0.738 -0.984 0.0 0.0 0.0 36.7156684 -4.4911368 0.00 268.28 0.93 36.7156686 -4.4911317 0.00 274.22 0.98 0.000 38.457 14:40:34.06
75 -2 -24.1 -21.8 5.781 0.369 0.0 0.0 0.0 36.7156684 -4.4911368 0.00 268.28 0.93 36.7156686 -4.4911317 0.00 274.22 0.98 0.000 38.457 14:40:34.17
75 -2 -24.1 -21.8 2.706 -3.198 0.0 0.0 0.0 36.7156684 -4.4911379 0.00 268.55 0.97 36.7156686 -4.4911317 0.00 274.22 0.98 0.000 38.457 14:40:34.26
75 -2 -24.1 -21.8 5.289 -0.369 0.0 0.0 0.0 36.7156684 -4.4911379 0.00 268.55 0.97 36.7156685 -4.4911352 0.00 273.30 0.84 0.000 38.457 14:40:34.35
75 -2 -24.1 -21.8 1.230 -6.519 0.0 0.0 0.0 36.7156683 -4.4911390 0.00 268.52 0.99 36.7156685 -4.4911352 0.00 273.30 0.84 0.000 38.457 14:40:34.46
75 -1 -24.1 -21.8 0.246 0.000 0.0 0.0 0.0 36.7156683 -4.4911390 0.00 268.52 0.99 36.7156685 -4.4911352 0.00 273.30 0.84 0.000 38.457 14:40:34.56
75 -1 -24.1 -21.8 2.091 -4.674 0.0 0.0 0.0 36.7156683 -4.4911401 0.00 268.52 0.97 36.7156685 -4.4911352 0.00 273.30 0.84 0.000 38.457 14:40:34.67
75 -1 -24.1 -21.8 2.214 -3.075 0.0 0.0 0.0 36.7156683 -4.4911401 0.00 268.52 0.97 36.7156685 -4.4911352 0.00 273.30 0.84 0.000 38.457 14:40:34.76
75 -1 -24.1 -21.8 3.690 -4.674 0.0 0.0 0.0 36.7156683 -4.4911411 0.00 268.41 0.94 36.7156685 -4.4911352 0.00 273.30 0.84 0.000 38.457 14:40:34.87
75 -1 -24.1 -21.8 0.369 -6.150 0.0 0.0 0.0 36.7156683 -4.4911411 0.00 268.41 0.94 36.7156685 -4.4911352 0.00 273.30 0.84 0.000 38.457 14:40:34.96
75 -1 -24.1 -21.8 1.476 -0.861 0.0 0.0 0.0 36.7156682 -4.4911422 0.00 268.27 0.91 36.7156684 -4.4911385 0.00 267.47 0.76 0.000 38.457 14:40:35.06
75 3 -24.1 -21.8 4.182 -5.412 0.0 0.0 0.0 36.7156682 -4.4911422 0.00 268.27 0.91 36.7156684 -4.4911385 0.00 267.47 0.76 0.000 38.457 14:40:35.17
75 3 -24.1 -21.8 1.107 0.246 0.0 0.0 0.0 36.7156682 -4.4911433 0.00 268.14 0.95 36.7156684 -4.4911385 0.00 267.47 0.76 0.000 38.457 14:40:35.26
75 3 -24.1 -21.8 5.289 -1.722 0.0 0.0 0.0 36.7156682 -4.4911433 0.00 268.14 0.95 36.7156684 -4.4911385 0.00 267.47 0.76 0.000 38.457 14:40:35.37
75 3 -24.1 -21.8 0.369 -3.813 0.0 0.0 0.0 36.7156681 -4.4911445 0.00 267.97 0.98 36.7156684 -4.4911385 0.00 267.47 0.76 0.000 38.457 14:40:35.46
75 3 -23.0 -23.7 3.321 0.246 0.0 0.0 0.0 36.7156681 -4.4911445 0.00 267.97 0.98 36.7156684 -4.4911385 0.00 267.47 0.76 0.000 38.027 14:40:35.57
75 3 -23.0 -23.7 3.690 -4.059 0.0 0.0 0.0 36.7156681 -4.4911456 0.00 268.07 1.00 36.7156683 -4.4911419 0.00 270.37 0.85 0.000 38.027 14:40:35.67
75 1 -23.0 -23.7 5.781 1.599 0.0 0.0 0.0 36.7156681 -4.4911456 0.00 268.07 1.00 36.7156683 -4.4911419 0.00 270.37 0.85 0.000 38.027 14:40:35.76
75 1 -23.0 -23.7 2.583 -4.428 0.0 0.0 0.0 36.7156681 -4.4911467 0.00 268.41 1.01 36.7156683 -4.4911419 0.00 270.37 0.85 0.000 38.027 14:40:35.87
75 1 -23.0 -23.7 5.043 1.722 0.0 0.0 0.0 36.7156681 -4.4911467 0.00 268.41 1.01 36.7156683 -4.4911419 0.00 270.37 0.85 0.000 38.027 14:40:35.96
75 1 -23.0 -23.7 6.765 -0.984 0.0 0.0 0.0 36.7156681 -4.4911478 0.00 268.87 1.02 36.7156683 -4.4911419 0.00 270.37 0.85 0.000 38.027 14:40:36.07
75 1 -23.0 -23.7 2.460 -3.075 0.0 0.0 0.0 36.7156681 -4.4911478 0.00 268.87 1.02 36.7156683 -4.4911419 0.00 270.37 0.85 0.000 38.027 14:40:36.17
75 1 -23.0 -23.7 4.551 0.738 0.0 0.0 0.0 36.7156681 -4.4911489 0.00 269.20 0.93 36.7156682 -4.4911452 0.00 270.00 0.97 0.000 38.027 14:40:36.26
75 2 -23.0 -23.7 4.059 -2.706 0.0 0.0 0.0 36.7156681 -4.4911489 0.00 269.20 0.93 36.7156682 -4.4911452 0.00 270.00 0.97 0.000 38.027 14:40:36.37
75 2 -23.0 -23.7 6.519 1.107 0.0 0.0 0.0 36.7156681 -4.4911500 0.00 269.63 1.00 36.7156682 -4.4911452 0.00 270.00 0.97 0.000 38.027 14:40:36.46
75 2 -23.0 -23.7 7.749 0.738 0.0 0.0 0.0 36.7156681 -4.4911500 0.00 269.63 1.00 36.7156682 -4.4911452 0.00 270.00 0.97 0.000 38.027 14:40:36.57
75 2 -23.0 -23.7 5.904 -1.476 0.0 0.0 0.0 36.7156681 -4.4911511 0.00 269.95 1.00 36.7156682 -4.4911452 0.00 270.00 0.97 0.000 38.027 14:40:36.67
75 2 -23.0 -23.7 5.904 0.492 0.0 0.0 0.0 36.7156681 -4.4911511 0.00 269.95 1.00 36.7156682 -4.4911452 0.00 270.00 0.97 0.000 38.027 14:40:36.78
75 2 -23.0 -23.7 3.567 -1.599 0.0 0.0 0.0 36.7156681 -4.4911523 0.00 270.25 1.02 36.7156682 -4.4911484 0.00 270.00 0.92 0.000 38.027 14:40:36.87
75 2 -23.0 -23.7 5.658 0.861 0.0 0.0 0.0 36.7156681 -4.4911523 0.00 270.25 1.02 36.7156682 -4.4911484 0.00 270.00 0.92 0.000 38.027 14:40:36.96
75 2 -23.0 -23.7 2.829 -2.460 0.0 0.0 0.0 36.7156682 -4.4911535 0.00 270.45 0.97 36.7156682 -4.4911484 0.00 270.00 0.92 0.000 38.027 14:40:37.07
75 2 -23.0 -23.7 4.551 0.123 0.0 0.0 0.0 36.7156682 -4.4911535 0.00 270.45 0.97 36.7156682 -4.4911484 0.00 270.00 0.92 0.000 38.027 14:40:37.17
75 2 -23.0 -23.7 4.551 0.000 0.0 0.0 0.0 36.7156682 -4.4911546 0.00 270.87 0.95 36.7156682 -4.4911484 0.00 270.00 0.92 0.000 38.027 14:40:37.28
75 2 -23.0 -23.7 5.043 -0.984 0.0 0.0 0.0 36.7156682 -4.4911546 0.00 270.87 0.95 36.7156683 -4.4911519 0.00 273.17 1.10 0.000 38.027 14:40:37.37
75 2 -23.0 -23.7 3.936 0.369 0.0 0.0 0.0 36.7156682 -4.4911557 0.00 271.24 0.95 36.7156683 -4.4911519 0.00 273.17 1.10 0.000 38.027 14:40:37.46
75 2 -23.0 -23.7 2.583 -3.444 0.0 0.0 0.0 36.7156682 -4.4911557 0.00 271.24 0.95 36.7156683 -4.4911519 0.00 273.17 1.10 0.000 38.027 14:40:37.57
75 2 -23.0 -23.7 3.690 -0.615 0.0 0.0 0.0 36.7156682 -4.4911569 0.00 271.61 0.96 36.7156683 -4.4911519 0.00 273.17 1.10 0.000 38.027 14:40:37.67
75 -2 -23.0 -23.7 5.412 -1.599 0.0 0.0 0.0 36.7156682 -4.4911569 0.00 271.61 0.96 36.7156683 -4.4911519 0.00 273.17 1.10 0.000 38.027 14:40:37.78
75 -2 -23.0 -23.7 2.214 -1.968 0.0 0.0 0.0 36.7156683 -4.4911579 0.00 271.95 1.03 36.7156683 -4.4911519 0.00 273.17 1.10 0.000 38.027 14:40:37.87
75 -2 -23.0 -23.7 3.567 -4.059 0.0 0.0 0.0 36.7156683 -4.4911579 0.00 271.95 1.03 36.7156683 -4.4911519 0.00 273.17 1.10 0.000 38.027 14:40:37.98
75 -2 -23.0 -23.7 1.107 -1.476 0.0 0.0 0.0 36.7156683 -4.4911590 0.00 272.27 0.97 36.7156683 -4.4911553 0.00 273.96 1.02 0.000 38.027 14:40:38.07
75 -3 -23.0 -23.7 4.182 -2.706 0.0 0.0 0.0 36.7156683 -4.4911590 0.00 272.27 0.97 36.7156683 -4.4911553 0.00 273.96 1.02 0.000 38.027 14:40:38.17
75 -3 -23.0 -23.7 0.615 -5.289 0.0 0.0 0.0 36.7156684 -4.4911602 0.00 272.35 0.96 36.7156683 -4.4911553 0.00 273.96 1.02 0.000 38.027 14:40:38.28
75 -3 -23.0 -23.7 0.738 -2.952 0.0 0.0 0.0 36.7156684 -4.4911602 0.00 272.35 0.96 36.7156683 -4.4911553 0.00 273.96 1.02 0.000 38.027 14:40:38.37
75 -3 -23.0 -23.7 2.460 -3.690 0.0 0.0 0.0 36.7156684 -4.4911613 0.00 272.38 0.95 36.7156683 -4.4911553 0.00 273.96 1.02 0.000 38.027 14:40:38.48
75 -3 -23.0 -23.7 0.369 -5.043 0.0 0.0 0.0 36.7156684 -4.4911613 0.00 272.38 0.95 36.7156683 -4.4911553 0.00 273.96 1.02 0.000 38.027 14:40:38.57
75 -3 -23.0 -23.7 -0.492 -4.797 0.0 0.0 0.0 36.7156684 -4.4911625 0.00 272.14 1.01 36.7156684 -4.4911587 0.00 278.10 1.05 0.000 38.027 14:40:38.67
75 -6 -23.0 -23.7 0.369 -6.765 0.0 0.0 0.0 36.7156684 -4.4911625 0.00 272.14 1.01 36.7156684 -4.4911587 0.00 278.10 1.05 0.000 38.027 14:40:38.78
75 -6 -23.0 -23.7 -1.722 -4.920 0.0 0.0 0.0 36.7156684 -4.4911636 0.00 271.81 0.94 36.7156684 -4.4911587 0.00 278.10 1.05 0.000 38.027 14:40:38.87
75 -6 -23.0 -23.7 2.829 -5.166 0.0 0.0 0.0 36.7156684 -4.4911636 0.00 271.81 0.94 36.7156684 -4.4911587 0.00 278.10 1.05 0.000 38.027 14:40:38.98
75 -6 -23.0 -23.7 -2.706 -6.273 0.0 0.0 0.0 36.7156684 -4.4911647 0.00 271.37 0.96 36.7156684 -4.4911587 0.00 278.10 1.05 0.000 38.027 14:40:39.07
75 -6 -23.0 -23.7 -0.492 -5.289 0.0 0.0 0.0 36.7156684 -4.4911647 0.00 271.37 0.96 36.7156684 -4.4911587 0.00 278.10 1.05 0.000 38.027 14:40:39.18
75 -6 -23.0 -23.7 -2.706 -9.471 0.0 0.0 0.0 36.7156684 -4.4911647 0.00 271.37 0.96 36.7156684 -4.4911587 0.00 278.10 1.05 0.000 38.027 14:40:39.29
75 -5 -23.0 -23.7 -3.567 -5.289 0.0 0.0 0.0 36.7156684 -4.4911658 0.00 270.90 0.96 36.7156685 -4.4911621 0.00 276.51 1.18 0.000 38.027 14:40:39.39
75 -5 -23.0 -23.7 0.615 -8.487 0.0 0.0 0.0 36.7156684 -4.4911669 0.00 270.32 0.97 36.7156685 -4.4911621 0.00 276.51 1.18 0.000 38.027 14:40:39.48
75 -5 -23.0 -23.7 -3.936 -6.273 0.0 0.0 0.0 36.7156684 -4.4911669 0.00 270.32 0.97 36.7156685 -4.4911621 0.00 276.51 1.18 0.000 38.027 14:40:39.59
75 -5 -23.0 -23.7 1.845 -8.856 0.0 0.0 0.0 36.7156683 -4.4911681 0.00 269.74 1.10 36.7156685 -4.4911621 0.00 276.51 1.18 0.000 38.027 14:40:39.68
75 -5 -23.0 -23.7 -3.198 -9.840 0.0 0.0 0.0 36.7156683 -4.4911692 0.00 269.17 1.03 36.7156685 -4.4911654 0.00 270.31 1.14 0.000 38.027 14:40:39.79
75 -5 -23.0 -23.7 -1.599 -7.995 0.0 0.0 0.0 36.7156683 -4.4911692 0.00 269.17 1.03 36.7156685 -4.4911654 0.00 270.31 1.14 0.000 38.027 14:40:39.89
75 -1 -23.0 -23.7 -1.476 -9.594 0.0 0.0 0.0 36.7156682 -4.4911703 0.00 268.60 1.03 36.7156685 -4.4911654 0.00 270.31 1.14 0.000 38.027 14:40:40.00
75 -1 -23.0 -23.7 -0.861 -5.658 0.0 0.0 0.0 36.7156682 -4.4911703 0.00 268.60 1.03 36.7156685 -4.4911654 0.00 270.31 1.14 0.000 38.027 14:40:40.09
75 -1 -23.0 -23.7 -0.738 -7.626 0.0 0.0 0.0 36.7156681 -4.4911714 0.00 268.03 0.98 36.7156685 -4.4911654 0.00 270.31 1.14 0.000 38.027 14:40:40.18
75 -1 -23.0 -23.7 -2.829 -9.348 0.0 0.0 0.0 36.7156681 -4.4911714 0.00 268.03 0.98 36.7156685 -4.4911654 0.00 270.31 1.14 0.000 38.027 14:40:40.29
75 -1 -23.0 -23.7 4.551 -6.150 0.0 0.0 0.0 36.7156681 -4.4911725 0.00 267.75 1.03 36.7156683 -4.4911688 0.00 271.92 1.06 0.000 38.027 14:40:40.39
75 -1 -23.0 -23.7 -1.968 -7.257 0.0 0.0 0.0 36.7156681 -4.4911725 0.00 267.75 1.03 36.7156683 -4.4911688 0.00 271.92 1.06 0.000 38.027 14:40:40.50
75 -2 -23.7 -21.8 0.738 -1.968 0.0 0.0 0.0 36.7156680 -4.4911736 0.00 267.53 0.97 36.7156683 -4.4911688 0.00 271.92 1.06 0.000 38.027 14:40:40.59
75 -2 -23.7 -21.8 4.059 -8.241 0.0 0.0 0.0 36.7156680 -4.4911736 0.00 267.53 0.97 36.7156683 -4.4911688 0.00 271.92 1.06 0.000 38.027 14:40:40.70
75 -2 -23.7 -21.8 0.246 -3.690 0.0 0.0 0.0 36.7156679 -4.4911747 0.00 267.32 0.96 36.7156683 -4.4911688 0.00 271.92 1.06 0.000 38.027 14:40:40.79
75 -2 -23.7 -21.8 0.861 -4.674 0.0 0.0 0.0 36.7156679 -4.4911747 0.00 267.32 0.96 36.7156683 -4.4911688 0.00 271.92 1.06 0.000 38.027 14:40:40.89
75 -2 -23.7 -21.8 0.246 -7.380 0.0 0.0 0.0 36.7156679 -4.4911758 0.00 267.16 0.90 36.7156683 -4.4911688 0.00 271.92 1.06 0.000 38.027 14:40:41.00
75 -2 -23.7 -21.8 1.353 -2.706 0.0 0.0 0.0 36.7156679 -4.4911758 0.00 267.16 0.90 36.7156682 -4.4911721 0.00 267.31 1.08 0.000 38.027 14:40:41.09
75 1 -23.7 -21.8 2.583 -5.535 0.0 0.0 0.0 36.7156678 -4.4911770 0.00 266.90 1.01 36.7156682 -4.4911721 0.00 267.31 1.08 0.000 38.027 14:40:41.20
75 1 -23.7 -21.8 1.476 -3.075 0.0 0.0 0.0 36.7156678 -4.4911770 0.00 266.90 1.01 36.7156682 -4.4911721 0.00 267.31 1.08 0.000 38.027 14:40:41.29
75 1 -23.7 -21.8 1.230 -1.599 0.0 0.0 0.0 36.7156678 -4.4911781 0.00 266.69 1.00 36.7156682 -4.4911721 0.00 267.31 1.08 0.000 38.027 14:40:41.40
75 1 -23.7 -21.8 2.337 -5.781 0.0 0.0 0.0 36.7156678 -4.4911781 0.00 266.69 1.00 36.7156682 -4.4911721 0.00 267.31 1.08 0.000 38.027 14:40:41.50
75 1 -23.7 -21.8 2.952 -1.968 0.0 0.0 0.0 36.7156678 -4.4911792 0.00 266.80 1.02 36.7156681 -4.4911755 0.00 269.90 1.11 0.000 38.027 14:40:41.59
75 1 -23.7 -21.8 5.043 -0.492 0.0 0.0 0.0 36.7156678 -4.4911792 0.00 266.80 1.02 36.7156681 -4.4911755 0.00 269.90 1.11 0.000 38.027 14:40:41.70
75 0 -23.7 -21.8 3.321 -2.952 0.0 0.0 0.0 36.7156677 -4.4911803 0.00 266.93 1.01 36.7156681 -4.4911755 0.00 269.90 1.11 0.000 38.027 14:40:41.79
75 0 -23.7 -21.8 4.059 -2.583 0.0 0.0 0.0 36.7156677 -4.4911803 0.00 266.93 1.01 36.7156681 -4.4911755 0.00 269.90 1.11 0.000 38.027 14:40:41.90
75 0 -23.7 -21.8 4.797 -3.690 0.0 0.0 0.0 36.7156677 -4.4911815 0.00 267.05 0.97 36.7156681 -4.4911755 0.00 269.90 1.11 0.000 38.027 14:40:42.00
75 0 -23.7 -21.8 1.722 -1.968 0.0 0.0 0.0 36.7156677 -4.4911815 0.00 267.05 0.97 36.7156681 -4.4911755 0.00 269.90 1.11 0.000 38.027 14:40:42.09
75 0 -23.7 -21.8 4.059 -1.230 0.0 0.0 0.0 36.7156677 -4.4911827 0.00 267.08 1.00 36.7156678 -4.4911789 0.00 265.56 1.14 0.000 38.027 14:40:42.20
75 0 -23.7 -21.8 3.198 -3.567 0.0 0.0 0.0 36.7156677 -4.4911827 0.00 267.08 1.00 36.7156678 -4.4911789 0.00 265.56 1.14 0.000 38.027 14:40:42.29
75 3 -23.7 -21.8 2.214 -0.369 0.0 0.0 0.0 36.7156676 -4.4911839 0.00 267.09 0.96 36.7156678 -4.4911789 0.00 265.56 1.14 0.000 38.027 14:40:42.40
75 3 -23.7 -21.8 3.936 -1.230 0.0 0.0 0.0 36.7156676 -4.4911839 0.00 267.09 0.96 36.7156678 -4.4911789 0.00 265.56 1.14 0.000 38.027 14:40:42.50
75 3 -23.7 -21.8 2.091 1.230 0.0 0.0 0.0 36.7156676 -4.4911850 0.00 267.08 1.06 36.7156678 -4.4911789 0.00 265.56 1.14 0.000 38.027 14:40:42.60
75 3 -23.7 -21.8 9.471 2.460 0.0 0.0 0.0 36.7156676 -4.4911850 0.00 267.08 1.06 36.7156678 -4.4911789 0.00 265.56 1.14 0.000 38.027 14:40:42.70
75 3 -23.7 -21.8 4.920 1.107 0.0 0.0 0.0 36.7156676 -4.4911861 0.00 267.36 0.96 36.7156678 -4.4911823 0.00 271.25 1.04 0.000 38.027 14:40:42.81
75 3 -23.7 -21.8 7.011 0.615 0.0 0.0 0.0 36.7156676 -4.4911861 0.00 267.36 0.96 36.7156678 -4.4911823 0.00 271.25 1.04 0.000 38.027 14:40:42.90
75 -1 -23.7 -21.8 8.364 0.123 0.0 0.0 0.0 36.7156676 -4.4911873 0.00 267.70 1.01 36.7156678 -4.4911823 0.00 271.25 1.04 0.000 38.027 14:40:43.00
75 -1 -23.7 -21.8 2.583 -0.246 0.0 0.0 0.0 36.7156676 -4.4911873 0.00 267.70 1.01 36.7156678 -4.4911823 0.00 271.25 1.04 0.000 38.027 14:40:43.10
75 -1 -23.7 -21.8 5.412 0.492 0.0 0.0 0.0 36.7156675 -4.4911884 0.00 268.26 0.92 36.7156678 -4.4911823 0.00 271.25 1.04 0.000 38.027 14:40:43.20
75 -1 -23.7 -21.8 3.321 -2.829 0.0 0.0 0.0 36.7156675 -4.4911884 0.00 268.26 0.92 36.7156678 -4.4911823 0.00 271.25 1.04 0.000 38.027 14:40:43.31
75 -1 -23.7 -21.8 2.583 -1.353 0.0 0.0 0.0 36.7156675 -4.4911895 0.00 268.56 1.07 36.7156678 -4.4911823 0.00 271.25 1.04 0.000 38.027 14:40:43.40
75 -1 -23.7 -21.8 -0.246 -4.797 0.0 0.0 0.0 36.7156675 -4.4911895 0.00 268.56 1.07 36.7156676 -4.4911857 0.00 269.70 0.97 0.000 38.027 14:40:43.50
75 1 -23.7 -21.8 -0.492 -3.690 0.0 0.0 0.0 36.7156674 -4.4911907 0.00 268.70 0.99 36.7156676 -4.4911857 0.00 269.70 0.97 0.000 38.027 14:40:43.60
75 1 -23.7 -21.8 2.091 -5.043 0.0 0.0 0.0 36.7156674 -4.4911907 0.00 268.70 0.99 36.7156676 -4.4911857 0.00 269.70 0.97 0.000 38.027 14:40:43.70
75 1 -23.7 -21.8 0.984 -4.305 0.0 0.0 0.0 36.7156674 -4.4911918 0.00 268.73 0.96 36.7156676 -4.4911857 0.00 269.70 0.97 0.000 38.027 14:40:43.81
75 1 -23.7 -21.8 4.059 -1.599 0.0 0.0 0.0 36.7156674 -4.4911918 0.00 268.73 0.96 36.7156676 -4.4911857 0.00 269.70 0.97 0.000 38.027 14:40:43.90
75 1 -23.7 -21.8 -0.123 -7.380 0.0 0.0 0.0 36.7156674 -4.4911929 0.00 269.03 1.05 36.7156676 -4.4911857 0.00 269.70 0.97 0.000 38.027 14:40:44.00
75 1 -23.7 -21.8 1.845 -1.845 0.0 0.0 0.0 36.7156674 -4.4911929 0.00 269.03 1.05 36.7156675 -4.4911892 0.00 269.58 1.10 0.000 38.027 14:40:44.10
75 2 -23.7 -21.8 2.583 -4.797 0.0 0.0 0.0 36.7156674 -4.4911940 0.00 269.33 1.02 36.7156675 -4.4911892 0.00 269.58 1.10 0.000 38.027 14:40:44.20
75 2 -23.7 -21.8 0.615 -2.706 0.0 0.0 0.0 36.7156674 -4.4911940 0.00 269.33 1.02 36.7156675 -4.4911892 0.00 269.58 1.10 0.000 38.027 14:40:44.31
75 2 -23.7 -21.8 6.642 -0.123 0.0 0.0 0.0 36.7156674 -4.4911951 0.00 269.57 1.06 36.7156675 -4.4911892 0.00 269.58 1.10 0.000 38.027 14:40:44.40
75 2 -23.7 -21.8 1.845 -3.444 0.0 0.0 0.0 36.7156674 -4.4911951 0.00 269.57 1.06 36.7156675 -4.4911892 0.00 269.58 1.10 0.000 38.027 14:40:44.51
75 1 -23.7 -21.8 5.904 1.230 0.0 0.0 0.0 36.7156674 -4.4911962 0.00 269.67 0.94 36.7156675 -4.4911924 0.00 271.69 1.04 0.000 38.027 14:40:44.60
75 1 -23.7 -21.8 3.567 -3.198 0.0 0.0 0.0 36.7156674 -4.4911962 0.00 269.67 0.94 36.7156675 -4.4911924 0.00 271.69 1.04 0.000 38.027 14:40:44.70
75 1 -23.7 -21.8 3.936 1.968 0.0 0.0 0.0 36.7156675 -4.4911973 0.00 269.76 1.04 36.7156675 -4.4911924 0.00 271.69 1.04 0.000 38.027 14:40:44.81
75 1 -23.7 -21.8 8.118 1.599 0.0 0.0 0.0 36.7156675 -4.4911973 0.00 269.76 1.04 36.7156675 -4.4911924 0.00 271.69 1.04 0.000 38.027 14:40:44.90
75 1 -23.7 -21.8 4.797 0.615 0.0 0.0 0.0 36.7156674 -4.4911984 0.00 269.97 0.96 36.7156675 -4.4911924 0.00 271.69 1.04 0.000 38.027 14:40:45.01
75 1 -23.7 -21.8 9.717 1.968 0.0 0.0 0.0 36.7156674 -4.4911984 0.00 269.97 0.96 36.7156675 -4.4911924 0.00 271.69 1.04 0.000 38.027 14:40:45.10
75 1 -23.7 -21.8 4.428 -0.984 0.0 0.0 0.0 36.7156675 -4.4911995 0.00 270.19 0.97 36.7156675 -4.4911957 0.00 269.40 1.01 0.000 38.027 14:40:45.20
75 1 -23.7 -21.8 8.118 2.706 0.0 0.0 0.0 36.7156675 -4.4911995 0.00 270.19 0.97 36.7156675 -4.4911957 0.00 269.40 1.01 0.000 38.027 14:40:45.31
75 1 -23.7 -21.8 7.134 -2.460 0.0 0.0 0.0 36.7156675 -4.4912006 0.00 270.55 0.97 36.7156675 -4.4911957 0.00 269.40 1.01 0.000 38.027 14:40:45.40
75 1 -23.7 -21.8 4.920 2.214 0.0 0.0 0.0 36.7156675 -4.4912006 0.00 270.55 0.97 36.7156675 -4.4911957 0.00 269.40 1.01 0.000 38.027 14:40:45.51
75 0 -21.8 -23.4 10.332 2.214 0.0 0.0 0.0 36.7156676 -4.4912017 0.00 270.81 1.05 36.7156675 -4.4911957 0.00 269.40 1.01 0.000 38.242 14:40:45.60
75 0 -21.8 -23.4 2.337 -0.369 0.0 0.0 0.0 36.7156676 -4.4912017 0.00 270.81 1.05 36.7156675 -4.4911957 0.00 269.40 1.01 0.000 38.242 14:40:45.71
75 0 -21.8 -23.4 4.797 1.845 0.0 0.0 0.0 36.7156676 -4.4912028 0.00 271.21 1.05 36.7156676 -4.4911991 0.00 271.68 1.12 0.000 38.242 14:40:45.81
75 0 -21.8 -23.4 3.690 -2.337 0.0 0.0 0.0 36.7156676 -4.4912028 0.00 271.21 1.05 36.7156676 -4.4911991 0.00 271.68 1.12 0.000 38.242 14:40:45.90
75 -2 -21.8 -23.4 2.460 1.476 0.0 0.0 0.0 36.7156676 -4.4912040 0.00 271.47 1.07 36.7156676 -4.4911991 0.00 271.68 1.12 0.000 38.242 14:40:46.01
75 -2 -21.8 -23.4 3.813 -4.674 0.0 0.0 0.0 36.7156676 -4.4912040 0.00 271.47 1.07 36.7156676 -4.4911991 0.00 271.68 1.12 0.000 38.242 14:40:46.10
75 -2 -21.8 -23.4 1.845 -0.492 0.0 0.0 0.0 36.7156676 -4.4912052 0.00 271.64 0.96 36.7156676 -4.4911991 0.00 271.68 1.12 0.000 38.242 14:40:46.21
75 -2 -21.8 -23.4 5.043 -3.321 0.0 0.0 0.0 36.7156676 -4.4912052 0.00 271.64 0.96 36.7156676 -4.4911991 0.00 271.68 1.12 0.000 38.242 14:40:46.31
75 -2 -21.8 -23.4 0.738 -2.829 0.0 0.0 0.0 36.7156677 -4.4912063 0.00 271.57 0.92 36.7156677 -4.4912026 0.00 274.70 1.27 0.000 38.242 14:40:46.40
75 -2 -21.8 -23.4 3.444 -1.722 0.0 0.0 0.0 36.7156677 -4.4912063 0.00 271.57 0.92 36.7156677 -4.4912026 0.00 274.70 1.27 0.000 38.242 14:40:46.51
75 -4 -21.8 -23.4 0.000 -7.626 0.0 0.0 0.0 36.7156677 -4.4912074 0.00 271.66 0.94 36.7156677 -4.4912026 0.00 274.70 1.27 0.000 38.242 14:40:46.60
75 -4 -21.8 -23.4 -0.861 -1.230 0.0 0.0 0.0 36.7156677 -4.4912074 0.00 271.66 0.94 36.7156677 -4.4912026 0.00 274.70 1.27 0.000 38.242 14:40:46.71
75 -4 -21.8 -23.4 2.952 -4.920 0.0 0.0 0.0 36.7156677 -4.4912085 0.00 271.56 0.92 36.7156677 -4.4912026 0.00 274.70 1.27 0.000 38.242 14:40:46.81
75 -4 -21.8 -23.4 -0.984 -5.535 0.0 0.0 0.0 36.7156677 -4.4912085 0.00 271.56 0.92 36.7156677 -4.4912026 0.00 274.70 1.27 0.000 38.242 14:40:46.92
75 -4 -21.8 -23.4 2.460 -4.059 0.0 0.0 0.0 36.7156677 -4.4912096 0.00 271.28 1.00 36.7156678 -4.4912059 0.00 274.43 1.03 0.000 38.242 14:40:47.01
75 -4 -21.8 -23.4 -3.321 -7.749 0.0 0.0 0.0 36.7156677 -4.4912096 0.00 271.28 1.00 36.7156678 -4.4912059 0.00 274.43 1.03 0.000 38.242 14:40:47.10
75 -4 -21.8 -23.4 -0.615 -3.567 0.0 0.0 0.0 36.7156677 -4.4912107 0.00 270.97 0.95 36.7156678 -4.4912059 0.00 274.43 1.03 0.000 38.242 14:40:47.21
75 -4 -21.8 -23.4 -1.845 -10.086 0.0 0.0 0.0 36.7156677 -4.4912107 0.00 270.97 0.95 36.7156678 -4.4912059 0.00 274.43 1.03 0.000 38.242 14:40:47.31
75 -4 -21.8 -23.4 -3.567 -5.166 0.0 0.0 0.0 36.7156677 -4.4912119 0.00 270.67 0.99 36.7156678 -4.4912059 0.00 274.43 1.03 0.000 38.242 14:40:47.42
75 -4 -21.8 -23.4 2.214 -6.273 0.0 0.0 0.0 36.7156677 -4.4912119 0.00 270.67 0.99 36.7156678 -4.4912093 0.00 282.20 1.21 0.000 38.242 14:40:47.51
75 -9 -21.8 -23.4 -2.706 -9.102 0.0 0.0 0.0 36.7156676 -4.4912130 0.00 270.23 0.99 36.7156678 -4.4912093 0.00 282.20 1.21 0.000 38.242 14:40:47.62
75 -9 -21.8 -23.4 -3.075 -5.535 0.0 0.0 0.0 36.7156676 -4.4912130 0.00 270.23 0.99 36.7156678 -4.4912093 0.00 282.20 1.21 0.000 38.242 14:40:47.71
75 -9 -21.8 -23.4 -2.706 -10.209 0.0 0.0 0.0 36.7156676 -4.4912140 0.00 269.89 1.02 36.7156678 -4.4912093 0.00 282.20 1.21 0.000 38.242 14:40:47.81
75 -9 -21.8 -23.4 -4.059 -7.995 0.0 0.0 0.0 36.7156676 -4.4912140 0.00 269.89 1.02 36.7156678 -4.4912093 0.00 282.20 1.21 0.000 38.242 14:40:47.92
75 -9 -21.8 -23.4 -2.583 -10.578 0.0 0.0 0.0 36.7156675 -4.4912151 0.00 269.11 1.02 36.7156678 -4.4912093 0.00 282.20 1.21 0.000 38.242 14:40:48.01
75 -9 -21.8 -23.4 -3.936 -10.455 0.0 0.0 0.0 36.7156675 -4.4912151 0.00 269.11 1.02 36.7156678 -4.4912093 0.00 282.20 1.21 0.000 38.242 14:40:48.12
75 -9 -21.8 -23.4 -7.011 -8.610 0.0 0.0 0.0 36.7156674 -4.4912162 0.00 268.20 1.04 36.7156677 -4.4912125 0.00 270.14 1.13 0.000 38.242 14:40:48.21
75 -9 -21.8 -23.4 -5.412 -11.193 0.0 0.0 0.0 36.7156674 -4.4912162 0.00 268.20 1.04 36.7156677 -4.4912125 0.00 270.14 1.13 0.000 38.242 14:40:48.31
75 -1 -21.8 -23.4 -3.936 -8.487 0.0 0.0 0.0 36.7156673 -4.4912174 0.00 267.21 1.06 36.7156677 -4.4912125 0.00 270.14 1.13 0.000 38.242 14:40:48.42
75 -1 -21.8 -23.4 -1.722 -7.503 0.0 0.0 0.0 36.7156673 -4.4912174 0.00 267.21 1.06 36.7156677 -4.4912125 0.00 270.14 1.13 0.000 38.242 14:40:48.51
75 -1 -21.8 -23.4 -2.952 -8.979 0.0 0.0 0.0 36.7156673 -4.4912185 0.00 266.24 1.02 36.7156677 -4.4912125 0.00 270.14 1.13 0.000 38.242 14:40:48.62
75 -1 -21.8 -23.4 -0.492 -6.273 0.0 0.0 0.0 36.7156673 -4.4912185 0.00 266.24 1.02 36.7156677 -4.4912125 0.00 270.14 1.13 0.000 38.242 14:40:48.71
75 -1 -21.8 -23.4 -1.599 -7.257 0.0 0.0 0.0 36.7156672 -4.4912196 0.00 265.83 0.97 36.7156675 -4.4912159 0.00 270.66 0.93 0.000 38.242 14:40:48.82
75 -1 -21.8 -23.4 0.492 -5.412 0.0 0.0 0.0 36.7156672 -4.4912196 0.00 265.83 0.97 36.7156675 -4.4912159 0.00 270.66 0.93 0.000 38.242 14:40:48.92
75 -1 -21.8 -23.4 -1.230 -6.027 0.0 0.0 0.0 36.7156672 -4.4912207 0.00 265.62 0.93 36.7156675 -4.4912159 0.00 270.66 0.93 0.000 38.242 14:40:49.01
75 -1 -21.8 -23.4 0.123 -6.396 0.0 0.0 0.0 36.7156672 -4.4912207 0.00 265.62 0.93 36.7156675 -4.4912159 0.00 270.66 0.93 0.000 38.242 14:40:49.12
75 -1 -21.8 -23.4 0.492 -6.765 0.0 0.0 0.0 36.7156671 -4.4912218 0.00 265.46 0.97 36.7156675 -4.4912159 0.00 270.66 0.93 0.000 38.242 14:40:49.21
75 -1 -21.8 -23.4 -0.246 -4.551 0.0 0.0 0.0 36.7156671 -4.4912218 0.00 265.46 0.97 36.7156675 -4.4912159 0.00 270.66 0.93 0.000 38.242 14:40:49.32
75 -1 -21.8 -23.4 1.968 -5.658 0.0 0.0 0.0 36.7156670 -4.4912230 0.00 265.09 1.03 36.7156673 -4.4912192 0.00 267.79 0.87 0.000 38.242 14:40:49.42
75 -1 -21.8 -23.4 0.615 -4.551 0.0 0.0 0.0 36.7156670 -4.4912230 0.00 265.09 1.03 36.7156673 -4.4912192 0.00 267.79 0.87 0.000 38.242 14:40:49.53
75 1 -21.8 -23.4 1.476 -4.920 0.0 0.0 0.0 36.7156669 -4.4912242 0.00 264.99 1.05 36.7156673 -4.4912192 0.00 267.79 0.87 0.000 38.242 14:40:49.62
75 1 -21.8 -23.4 0.615 -3.567 0.0 0.0 0.0 36.7156669 -4.4912242 0.00 264.99 1.05 36.7156673 -4.4912192 0.00 267.79 0.87 0.000 38.242 14:40:49.71
75 1 -21.8 -23.4 -0.984 -1.722 0.0 0.0 0.0 36.7156668 -4.4912254 0.00 264.74 1.03 36.7156673 -4.4912192 0.00 267.79 0.87 0.000 38.242 14:40:49.82
75 1 -21.8 -23.4 5.043 -2.706 0.0 0.0 0.0 36.7156668 -4.4912254 0.00 264.74 1.03 36.7156673 -4.4912192 0.00 267.79 0.87 0.000 38.242 14:40:49.92
75 1 -21.8 -23.4 0.615 -1.722 0.0 0.0 0.0 36.7156667 -4.4912266 0.00 264.84 1.01 36.7156673 -4.4912192 0.00 267.79 0.87 0.000 38.242 14:40:50.03
75 1 -21.8 -23.4 3.813 -2.214 0.0 0.0 0.0 36.7156667 -4.4912266 0.00 264.84 1.01 36.7156672 -4.4912226 0.00 268.31 0.96 0.000 38.242 14:40:50.12
75 1 -21.8 -23.4 4.428 -1.107 0.0 0.0 0.0 36.7156667 -4.4912277 0.00 264.92 1.02 36.7156672 -4.4912226 0.00 268.31 0.96 0.000 38.242 14:40:50.23
75 1 -21.8 -23.4 5.289 -0.738 0.0 0.0 0.0 36.7156667 -4.4912277 0.00 264.92 1.02 36.7156672 -4.4912226 0.00 268.31 0.96 0.000 38.242 14:40:50.32
75 1 -21.8 -23.4 3.813 -1.968 0.0 0.0 0.0 36.7156666 -4.4912288 0.00 265.10 0.98 36.7156672 -4.4912226 0.00 268.31 0.96 0.000 38.242 14:40:50.42
75 1 -21.8 -23.4 4.305 1.230 0.0 0.0 0.0 36.7156666 -4.4912288 0.00 265.10 0.98 36.7156672 -4.4912226 0.00 268.31 0.96 0.000 38.242 14:40:50.53
75 1 -22.6 -22.6 2.952 -3.444 0.0 0.0 0.0 36.7156666 -4.4912299 0.00 265.28 1.05 36.7156669 -4.4912260 0.00 267.58 0.87 0.000 38.457 14:40:50.62
75 1 -22.6 -22.6 3.936 0.246 0.0 0.0 0.0 36.7156666 -4.4912299 0.00 265.28 1.05 36.7156669 -4.4912260 0.00 267.58 0.87 0.000 38.457 14:40:50.73
75 2 -22.6 -22.6 4.182 -2.706 0.0 0.0 0.0 36.7156665 -4.4912309 0.00 265.57 1.05 36.7156669 -4.4912260 0.00 267.58 0.87 0.000 38.457 14:40:50.82
75 2 -22.6 -22.6 2.091 -2.214 0.0 0.0 0.0 36.7156665 -4.4912309 0.00 265.57 1.05 36.7156669 -4.4912260 0.00 267.58 0.87 0.000 38.457 14:40:50.93
75 2 -22.6 -22.6 3.936 -0.123 0.0 0.0 0.0 36.7156665 -4.4912320 0.00 265.79 0.99 36.7156669 -4.4912260 0.00 267.58 0.87 0.000 38.457 14:40:51.03
75 2 -22.6 -22.6 2.583 -1.107 0.0 0.0 0.0 36.7156665 -4.4912320 0.00 265.79 0.99 36.7156669 -4.4912260 0.00 267.58 0.87 0.000 38.457 14:40:51.12
75 2 -22.6 -22.6 3.075 1.476 0.0 0.0 0.0 36.7156665 -4.4912331 0.00 266.12 0.87 36.7156668 -4.4912293 0.00 277.44 0.98 0.000 38.457 14:40:51.23
75 2 -22.6 -22.6 5.166 -0.984 0.0 0.0 0.0 36.7156665 -4.4912331 0.00 266.12 0.87 36.7156668 -4.4912293 0.00 277.44 0.98 0.000 38.457 14:40:51.32
75 -4 -22.6 -22.6 2.091 -1.722 0.0 0.0 0.0 36.7156664 -4.4912342 0.00 266.42 1.00 36.7156668 -4.4912293 0.00 277.44 0.98 0.000 38.457 14:40:51.43
75 -4 -22.6 -22.6 3.813 -1.968 0.0 0.0 0.0 36.7156664 -4.4912342 0.00 266.42 1.00 36.7156668 -4.4912293 0.00 277.44 0.98 0.000 38.457 14:40:51.53
75 -4 -22.6 -22.6 3.075 -3.567 0.0 0.0 0.0 36.7156663 -4.4912353 0.00 266.66 0.96 36.7156668 -4.4912293 0.00 277.44 0.98 0.000 38.457 14:40:51.64
75 -4 -22.6 -22.6 2.952 -4.797 0.0 0.0 0.0 36.7156663 -4.4912353 0.00 266.66 0.96 36.7156668 -4.4912293 0.00 277.44 0.98 0.000 38.457 14:40:51.73
75 -4 -22.6 -22.6 -0.492 -6.150 0.0 0.0 0.0 36.7156662 -4.4912365 0.00 266.70 1.04 36.7156665 -4.4912327 0.00 276.84 0.92 0.000 38.457 14:40:51.82
75 -4 -22.6 -22.6 0.615 -2.583 0.0 0.0 0.0 36.7156662 -4.4912365 0.00 266.70 1.04 36.7156665 -4.4912327 0.00 276.84 0.92 0.000 38.457 14:40:51.93
75 -4 -22.6 -22.6 0.246 -8.487 0.0 0.0 0.0 36.7156661 -4.4912376 0.00 266.69 1.01 36.7156665 -4.4912327 0.00 276.84 0.92 0.000 38.457 14:40:52.03
75 -4 -22.6 -22.6 0.369 -7.257 0.0 0.0 0.0 36.7156661 -4.4912376 0.00 266.69 1.01 36.7156665 -4.4912327 0.00 276.84 0.92 0.000 38.457 14:40:52.14
75 -4 -22.6 -22.6 0.123 -6.765 0.0 0.0 0.0 36.7156660 -4.4912387 0.00 266.34 0.98 36.7156665 -4.4912327 0.00 276.84 0.92 0.000 38.457 14:40:52.23
75 -4 -22.6 -22.6 -0.984 -7.749 0.0 0.0 0.0 36.7156660 -4.4912387 0.00 266.34 0.98 36.7156665 -4.4912327 0.00 276.84 0.92 0.000 38.457 14:40:52.32
75 -4 -22.6 -22.6 -1.599 -7.626 0.0 0.0 0.0 36.7156660 -4.4912398 0.00 266.06 0.96 36.7156662 -4.4912361 0.00 269.00 0.96 0.000 38.457 14:40:52.43
75 -4 -22.6 -22.6 -1.722 -9.102 0.0 0.0 0.0 36.7156660 -4.4912398 0.00 266.06 0.96 36.7156662 -4.4912361 0.00 269.00 0.96 0.000 38.457 14:40:52.53
75 2 -22.6 -22.6 -0.123 -1.476 0.0 0.0 0.0 36.7156659 -4.4912410 0.00 265.73 1.04 36.7156662 -4.4912361 0.00 269.00 0.96 0.000 38.457 14:40:52.64
75 2 -22.6 -22.6 2.706 -6.150 0.0 0.0 0.0 36.7156659 -4.4912410 0.00 265.73 1.04 36.7156662 -4.4912361 0.00 269.00 0.96 0.000 38.457 14:40:52.73
75 2 -22.6 -22.6 0.123 -4.059 0.0 0.0 0.0 36.7156658 -4.4912421 0.00 265.31 1.05 36.7156662 -4.4912361 0.00 269.00 0.96 0.000 38.457 14:40:52.84
75 2 -22.6 -22.6 1.599 -2.583 0.0 0.0 0.0 36.7156658 -4.4912421 0.00 265.31 1.05 36.7156662 -4.4912361 0.00 269.00 0.96 0.000 38.457 14:40:52.93
75 2 -22.6 -22.6 2.706 -3.567 0.0 0.0 0.0 36.7156657 -4.4912433 0.00 265.35 1.01 36.7156660 -4.4912395 0.00 266.28 1.07 0.000 38.457 14:40:53.03
75 2 -22.6 -22.6 1.845 -0.123 0.0 0.0 0.0 36.7156657 -4.4912433 0.00 265.35 1.01 36.7156660 -4.4912395 0.00 266.28 1.07 0.000 38.457 14:40:53.14
75 5 -22.6 -22.6 6.642 -0.492 0.0 0.0 0.0 36.7156656 -4.4912444 0.00 265.53 0.98 36.7156660 -4.4912395 0.00 266.28 1.07 0.000 38.457 14:40:53.23
75 5 -22.6 -22.6 4.551 -1.230 0.0 0.0 0.0 36.7156656 -4.4912444 0.00 265.53 0.98 36.7156660 -4.4912395 0.00 266.28 1.07 0.000 38.457 14:40:53.34
75 5 -22.6 -22.6 7.503 -0.246 0.0 0.0 0.0 36.7156656 -4.4912454 0.00 265.60 1.03 36.7156660 -4.4912395 0.00 266.28 1.07 0.000 38.457 14:40:53.43
75 5 -22.6 -22.6 5.781 -0.984 0.0 0.0 0.0 36.7156656 -4.4912454 0.00 265.60 1.03 36.7156658 -4.4912430 0.00 277.79 1.17 0.000 38.457 14:40:53.53
75 -1 -22.6 -22.6 4.674 -0.492 0.0 0.0 0.0 36.7156656 -4.4912466 0.00 265.99 1.00 36.7156658 -4.4912430 0.00 277.79 1.17 0.000 38.457 14:40:53.64
75 -1 -22.6 -22.6 4.059 -1.476 0.0 0.0 0.0 36.7156656 -4.4912466 0.00 265.99 1.00 36.7156658 -4.4912430 0.00 277.79 1.17 0.000 38.457 14:40:53.73
75 -1 -22.6 -22.6 0.984 -0.123 0.0 0.0 0.0 36.7156655 -4.4912477 0.00 266.64 0.86 36.7156658 -4.4912430 0.00 277.79 1.17 0.000 38.457 14:40:53.84
75 -1 -22.6 -22.6 5.781 -1.599 0.0 0.0 0.0 36.7156655 -4.4912477 0.00 266.64 0.86 36.7156658 -4.4912430 0.00 277.79 1.17 0.000 38.457 14:40:53.93
75 -1 -22.6 -22.6 4.551 -1.722 0.0 0.0 0.0 36.7156655 -4.4912488 0.00 266.93 0.99 36.7156658 -4.4912430 0.00 277.79 1.17 0.000 38.457 14:40:54.04
75 -1 -22.6 -22.6 3.321 -0.861 0.0 0.0 0.0 36.7156655 -4.4912488 0.00 266.93 0.99 36.7156658 -4.4912430 0.00 277.79 1.17 0.000 38.457 14:40:54.14
75 -1 -22.6 -22.6 4.305 -3.075 0.0 0.0 0.0 36.7156654 -4.4912499 0.00 266.93 1.08 36.7156656 -4.4912462 0.00 275.08 0.91 0.000 38.457 14:40:54.23
75 -1 -22.6 -22.6 2.460 -2.952 0.0 0.0 0.0 36.7156654 -4.4912499 0.00 266.93 1.08 36.7156656 -4.4912462 0.00 275.08 0.91 0.000 38.457 14:40:54.34
75 -1 -22.6 -22.6 3.198 -4.920 0.0 0.0 0.0 36.7156653 -4.4912511 0.00 266.97 1.04 36.7156656 -4.4912462 0.00 275.08 0.91 0.000 38.457 14:40:54.43
75 -1 -22.6 -22.6 1.107 -2.952 0.0 0.0 0.0 36.7156653 -4.4912511 0.00 266.97 1.04 36.7156656 -4.4912462 0.00 275.08 0.91 0.000 38.457 14:40:54.54
75 -2 -22.6 -22.6 -0.369 -4.428 0.0 0.0 0.0 36.7156653 -4.4912523 0.00 266.92 1.00 36.7156656 -4.4912462 0.00 275.08 0.91 0.000 38.457 14:40:54.64
75 -2 -22.6 -22.6 -0.861 -8.118 0.0 0.0 0.0 36.7156653 -4.4912523 0.00 266.92 1.00 36.7156656 -4.4912462 0.00 275.08 0.91 0.000 38.457 14:40:54.75
75 -2 -22.6 -22.6 0.369 -5.412 0.0 0.0 0.0 36.7156652 -4.4912534 0.00 266.80 1.01 36.7156655 -4.4912495 0.00 266.28 1.09 0.000 38.457 14:40:54.84
75 -2 -22.6 -22.6 3.198 -4.182 0.0 0.0 0.0 36.7156652 -4.4912534 0.00 266.80 1.01 36.7156655 -4.4912495 0.00 266.28 1.09 0.000 38.457 14:40:54.93
75 4 -22.6 -22.6 0.615 -1.476 0.0 0.0 0.0 36.7156651 -4.4912545 0.00 266.70 0.97 36.7156655 -4.4912495 0.00 266.28 1.09 0.000 38.457 14:40:55.04
75 4 -22.6 -22.6 5.412 -2.706 0.0 0.0 0.0 36.7156651 -4.4912545 0.00 266.70 0.97 36.7156655 -4.4912495 0.00 266.28 1.09 0.000 38.457 14:40:55.14
75 4 -22.6 -22.6 2.583 -2.337 0.0 0.0 0.0 36.7156651 -4.4912556 0.00 266.58 1.01 36.7156655 -4.4912495 0.00 266.28 1.09 0.000 38.457 14:40:55.25
75 4 -22.6 -22.6 2.337 -1.107 0.0 0.0 0.0 36.7156651 -4.4912556 0.00 266.58 1.01 36.7156652 -4.4912528 0.00 280.66 0.91 0.000 38.457 14:40:55.34
75 -5 -22.6 -22.6 2.583 -5.412 0.0 0.0 0.0 36.7156650 -4.4912567 0.00 266.87 0.97 36.7156652 -4.4912528 0.00 280.66 0.91 0.000 38.457 14:40:55.45
75 -5 -22.6 -22.6 0.000 -2.091 0.0 0.0 0.0 36.7156650 -4.4912567 0.00 266.87 0.97 36.7156652 -4.4912528 0.00 280.66 0.91 0.000 38.457 14:40:55.54
75 -5 -24.5 -21.4 6.027 -1.968 0.0 0.0 0.0 36.7156650 -4.4912578 0.00 267.09 1.05 36.7156652 -4.4912528 0.00 280.66 0.91 0.000 38.027 14:40:55.64
75 -5 -24.5 -21.4 -1.722 -5.535 0.0 0.0 0.0 36.7156650 -4.4912578 0.00 267.09 1.05 36.7156652 -4.4912528 0.00 280.66 0.91 0.000 38.027 14:40:55.75
75 -5 -24.5 -21.4 -0.123 -5.904 0.0 0.0 0.0 36.7156649 -4.4912589 0.00 267.00 0.99 36.7156652 -4.4912528 0.00 280.66 0.91 0.000 38.027 14:40:55.84
75 -5 -24.5 -21.4 -1.353 -7.380 0.0 0.0 0.0 36.7156649 -4.4912589 0.00 267.00 0.99 36.7156652 -4.4912528 0.00 280.66 0.91 0.000 38.027 14:40:55.95
75 -5 -24.5 -21.4 -2.091 -6.150 0.0 0.0 0.0 36.7156648 -4.4912600 0.00 266.48 0.99 36.7156651 -4.4912560 0.00 255.40 0.99 0.000 38.027 14:40:56.04
75 -5 -24.5 -21.4 -0.123 -8.364 0.0 0.0 0.0 36.7156648 -4.4912600 0.00 266.48 0.99 36.7156651 -4.4912560 0.00 255.40 0.99 0.000 38.027 14:40:56.15
75 12 -24.5 -21.4 4.797 2.460 0.0 0.0 0.0 36.7156647 -4.4912611 0.00 265.89 0.98 36.7156651 -4.4912560 0.00 255.40 0.99 0.000 38.027 14:40:56.25
75 12 -24.5 -21.4 7.872 -0.123 0.0 0.0 0.0 36.7156647 -4.4912611 0.00 265.89 0.98 36.7156651 -4.4912560 0.00 255.40 0.99 0.000 38.027 14:40:56.34
75 12 -24.5 -21.4 5.289 -1.599 0.0 0.0 0.0 36.7156647 -4.4912622 0.00 265.35 1.02 36.7156651 -4.4912560 0.00 255.40 0.99 0.000 38.027 14:40:56.45
75 12 -24.5 -21.4 9.840 2.337 0.0 0.0 0.0 36.7156647 -4.4912622 0.00 265.35 1.02 36.7156648 -4.4912595 0.00 268.02 0.75 0.000 38.027 14:40:56.54
75 4 -24.5 -21.4 8.733 -1.353 0.0 0.0 0.0 36.7156647 -4.4912634 0.00 266.09 1.12 36.7156648 -4.4912595 0.00 268.02 0.75 0.000 38.027 14:40:56.65
75 4 -24.5 -21.4 6.765 3.444 0.0 0.0 0.0 36.7156647 -4.4912634 0.00 266.09 1.12 36.7156648 -4.4912595 0.00 268.02 0.75 0.000 38.027 14:40:56.75
75 4 -24.5 -21.4 12.546 3.936 0.0 0.0 0.0 36.7156647 -4.4912645 0.00 267.19 0.99 36.7156648 -4.4912595 0.00 268.02 0.75 0.000 38.027 14:40:56.85
75 4 -24.5 -21.4 6.273 -1.845 0.0 0.0 0.0 36.7156647 -4.4912645 0.00 267.19 0.99 36.7156648 -4.4912595 0.00 268.02 0.75 0.000 38.027 14:40:56.95
75 4 -24.5 -21.4 7.011 2.583 0.0 0.0 0.0 36.7156647 -4.4912657 0.00 268.03 1.06 36.7156648 -4.4912595 0.00 268.02 0.75 0.000 38.027 14:40:57.04
75 4 -24.5 -21.4 7.872 1.107 0.0 0.0 0.0 36.7156647 -4.4912657 0.00 268.03 1.06 36.7156648 -4.4912595 0.00 268.02 0.75 0.000 38.027 14:40:57.15
75 4 -24.5 -21.4 4.059 1.107 0.0 0.0 0.0 36.7156647 -4.4912668 0.00 268.58 0.96 36.7156648 -4.4912630 0.00 266.52 0.86 0.000 38.027 14:40:57.25
75 5 -24.5 -21.4 9.840 1.599 0.0 0.0 0.0 36.7156647 -4.4912668 0.00 268.58 0.96 36.7156648 -4.4912630 0.00 266.52 0.86 0.000 38.027 14:40:57.35
75 5 -24.5 -21.4 5.904 1.599 0.0 0.0 0.0 36.7156647 -4.4912678 0.00 269.17 1.00 36.7156648 -4.4912630 0.00 266.52 0.86 0.000 38.027 14:40:57.45
75 5 -24.5 -21.4 7.011 2.091 0.0 0.0 0.0 36.7156647 -4.4912678 0.00 269.17 1.00 36.7156648 -4.4912630 0.00 266.52 0.86 0.000 38.027 14:40:57.54
75 5 -24.5 -21.4 7.626 0.492 0.0 0.0 0.0 36.7156647 -4.4912690 0.00 269.71 0.99 36.7156648 -4.4912630 0.00 266.52 0.86 0.000 38.027 14:40:57.65
75 5 -24.5 -21.4 6.150 2.460 0.0 0.0 0.0 36.7156647 -4.4912690 0.00 269.71 0.99 36.7156648 -4.4912630 0.00 266.52 0.86 0.000 38.027 14:40:57.75
75 5 -24.5 -21.4 11.562 4.059 0.0 0.0 0.0 36.7156647 -4.4912701 0.00 270.41 0.97 36.7156647 -4.4912663 0.00 277.75 0.95 0.000 38.027 14:40:57.85
75 -2 -24.5 -21.4 8.856 1.722 0.0 0.0 0.0 36.7156647 -4.4912701 0.00 270.41 0.97 36.7156647 -4.4912663 0.00 277.75 0.95 0.000 38.027 14:40:57.95
75 -2 -24.5 -21.4 4.428 0.492 0.0 0.0 0.0 36.7156647 -4.4912712 0.00 271.14 0.98 36.7156647 -4.4912663 0.00 277.75 0.95 0.000 38.027 14:40:58.04
75 -2 -24.5 -21.4 9.594 0.984 0.0 0.0 0.0 36.7156647 -4.4912712 0.00 271.14 0.98 36.7156647 -4.4912663 0.00 277.75 0.95 0.000 38.027 14:40:58.15
75 -2 -24.5 -21.4 3.444 -1.230 0.0 0.0 0.0 36.7156648 -4.4912723 0.00 271.89 0.93 36.7156647 -4.4912663 0.00 277.75 0.95 0.000 38.027 14:40:58.25
75 -2 -24.5 -21.4 6.888 0.861 0.0 0.0 0.0 36.7156648 -4.4912723 0.00 271.89 0.93 36.7156647 -4.4912663 0.00 277.75 0.95 0.000 38.027 14:40:58.35
75 -2 -24.5 -21.4 0.000 -2.583 0.0 0.0 0.0 36.7156648 -4.4912734 0.00 272.26 0.94 36.7156646 -4.4912697 0.00 262.26 0.92 0.000 38.027 14:40:58.45
75 9 -24.5 -21.4 4.428 -0.246 0.0 0.0 0.0 36.7156648 -4.4912734 0.00 272.26 0.94 36.7156646 -4.4912697 0.00 262.26 0.92 0.000 38.027 14:40:58.54
75 9 -24.5 -21.4 9.594 2.829 0.0 0.0 0.0 36.7156649 -4.4912745 0.00 272.48 1.07 36.7156646 -4.4912697 0.00 262.26 0.92 0.000 38.027 14:40:58.65
75 9 -24.5 -21.4 6.642 1.968 0.0 0.0 0.0 36.7156649 -4.4912745 0.00 272.48 1.07 36.7156646 -4.4912697 0.00 262.26 0.92 0.000 38.027 14:40:58.75
75 9 -24.5 -21.4 11.808 1.107 0.0 0.0 0.0 36.7156649 -4.4912757 0.00 272.47 1.10 36.7156646 -4.4912697 0.00 262.26 0.92 0.000 38.027 14:40:58.85
75 9 -24.5 -21.4 7.503 3.936 0.0 0.0 0.0 36.7156649 -4.4912757 0.00 272.47 1.10 36.7156646 -4.4912697 0.00 262.26 0.92 0.000 38.027 14:40:58.95
75 9 -24.5 -21.4 12.300 3.813 0.0 0.0 0.0 36.7156650 -4.4912769 0.00 273.12 1.10 36.7156649 -4.4912730 0.00 275.25 1.26 0.000 38.027 14:40:59.04
75 1 -24.5 -21.4 9.102 2.583 0.0 0.0 0.0 36.7156650 -4.4912769 0.00 273.12 1.10 36.7156649 -4.4912730 0.00 275.25 1.26 0.000 38.027 14:40:59.15
75 1 -24.5 -21.4 5.043 1.722 0.0 0.0 0.0 36.7156651 -4.4912781 0.00 274.14 1.06 36.7156649 -4.4912730 0.00 275.25 1.26 0.000 38.027 14:40:59.25
75 1 -24.5 -21.4 9.717 4.305 0.0 0.0 0.0 36.7156651 -4.4912781 0.00 274.14 1.06 36.7156649 -4.4912730 0.00 275.25 1.26 0.000 38.027 14:40:59.35
75 1 -24.5 -21.4 5.781 0.615 0.0 0.0 0.0 36.7156652 -4.4912792 0.00 275.21 1.01 36.7156649 -4.4912730 0.00 275.25 1.26 0.000 38.027 14:40:59.45
75 8 -24.5 -21.4 10.332 2.952 0.0 0.0 0.0 36.7156652 -4.4912792 0.00 275.21 1.01 36.7156650 -4.4912765 0.00 265.69 1.06 0.000 38.027 14:40:59.54
75 8 -24.5 -21.4 7.380 1.968 0.0 0.0 0.0 36.7156653 -4.4912804 0.00 275.82 1.05 36.7156650 -4.4912765 0.00 265.69 1.06 0.000 38.027 14:40:59.65
75 8 -24.5 -21.4 6.519 2.952 0.0 0.0 0.0 36.7156653 -4.4912804 0.00 275.82 1.05 36.7156650 -4.4912765 0.00 265.69 1.06 0.000 38.027 14:40:59.75
75 8 -24.5 -21.4 8.487 1.845 0.0 0.0 0.0 36.7156655 -4.4912815 0.00 276.18 0.97 36.7156650 -4.4912765 0.00 265.69 1.06 0.000 38.027 14:40:59.85
75 8 -24.5 -21.4 7.134 4.797 0.0 0.0 0.0 36.7156655 -4.4912815 0.00 276.18 0.97 36.7156650 -4.4912765 0.00 265.69 1.06 0.000 38.027 14:40:59.95
75 8 -24.5 -21.4 12.054 5.289 0.0 0.0 0.0 36.7156656 -4.4912825 0.00 276.85 0.91 36.7156650 -4.4912765 0.00 265.69 1.06 0.000 38.027 14:41:00.04
75 8 -24.5 -21.4 9.348 1.845 0.0 0.0 0.0 36.7156656 -4.4912825 0.00 276.85 0.91 36.7156650 -4.4912765 0.00 265.69 1.06 0.000 38.027 14:41:00.15
75 8 -24.5 -21.4 8.241 6.150 0.0 0.0 0.0 36.7156658 -4.4912836 0.00 277.80 0.86 36.7156650 -4.4912765 0.00 265.69 1.06 0.000 38.027 14:41:00.25
75 8 -24.5 -21.4 14.268 4.182 0.0 0.0 0.0 36.7156658 -4.4912836 0.00 277.80 0.86 36.7156654 -4.4912799 0.00 300.74 0.77 0.000 38.027 14:41:00.35
75 8 -24.5 -21.4 10.578 6.396 0.0 0.0 0.0 36.7156660 -4.4912846 0.00 278.84 0.96 36.7156654 -4.4912799 0.00 300.74 0.77 0.000 38.027 14:41:00.45
75 -15 -21.1 -24.9 14.145 4.551 0.0 0.0 0.0 36.7156660 -4.4912846 0.00 278.84 0.96 36.7156654 -4.4912799 0.00 300.74 0.77 0.000 37.812 14:41:00.54
75 -15 -21.1 -24.9 3.444 -1.353 0.0 0.0 0.0 36.7156662 -4.4912857 0.00 279.86 0.95 36.7156656 -4.4912819 0.00 272.22 1.00 0.000 37.812 14:41:00.65
75 3 -21.1 -24.9 5.535 -0.369 0.0 0.0 0.0 36.7156662 -4.4912857 0.00 279.86 0.95 36.7156656 -4.4912819 0.00 272.22 1.00 0.000 37.812 14:41:00.75
75 3 -21.1 -24.9 10.086 0.246 0.0 0.0 0.0 36.7156663 -4.4912868 0.00 280.94 0.92 36.7156658 -4.4912830 0.00 314.25 1.06 0.000 37.812 14:41:00.85
