75 -4 -23.0 -22.6 1.968 -1.599 0.0 0.0 0.0 36.7156697 -4.4910479 0.00 270.41 0.99 36.7156698 -4.4910453 0.00 276.94 0.95 0.000 38.457 14:43:38.17
75 -4 -23.0 -22.6 -0.738 -7.503 0.0 0.0 0.0 36.7156697 -4.4910490 0.00 270.26 0.95 36.7156698 -4.4910453 0.00 276.94 0.95 0.000 38.457 14:43:38.28
75 -4 -23.0 -22.6 -1.599 -2.952 0.0 0.0 0.0 36.7156697 -4.4910490 0.00 270.26 0.95 36.7156698 -4.4910453 0.00 276.94 0.95 0.000 38.457 14:43:38.37
75 -4 -23.0 -22.6 2.829 -6.150 0.0 0.0 0.0 36.7156697 -4.4910501 0.00 270.30 0.94 36.7156698 -4.4910465 0.00 270.97 0.98 0.000 38.457 14:43:38.48
75 0 -23.0 -22.6 -2.460 -5.166 0.0 0.0 0.0 36.7156697 -4.4910501 0.00 270.30 0.94 36.7156698 -4.4910465 0.00 270.97 0.98 0.000 38.457 14:43:38.57
75 0 -23.0 -22.6 3.198 -2.460 0.0 0.0 0.0 36.7156697 -4.4910512 0.00 269.97 0.94 36.7156698 -4.4910465 0.00 270.97 0.98 0.000 38.457 14:43:38.67
75 0 -23.0 -22.6 -1.107 -7.749 0.0 0.0 0.0 36.7156697 -4.4910512 0.00 269.97 0.94 36.7156698 -4.4910465 0.00 270.97 0.98 0.000 38.457 14:43:38.78
75 0 -23.0 -22.6 0.369 -2.337 0.0 0.0 0.0 36.7156697 -4.4910523 0.00 269.60 0.98 36.7156698 -4.4910487 0.00 269.96 1.07 0.000 38.457 14:43:38.87
75 0 -23.0 -22.6 0.861 -5.904 0.0 0.0 0.0 36.7156697 -4.4910523 0.00 269.60 0.98 36.7156698 -4.4910487 0.00 269.96 1.07 0.000 38.457 14:43:38.98
75 0 -23.0 -22.6 0.492 -1.968 0.0 0.0 0.0 36.7156697 -4.4910534 0.00 269.59 0.99 36.7156698 -4.4910498 0.00 269.96 0.95 0.000 38.457 14:43:39.07
75 0 -23.0 -22.6 5.412 -2.952 0.0 0.0 0.0 36.7156697 -4.4910534 0.00 269.59 0.99 36.7156698 -4.4910498 0.00 269.96 0.95 0.000 38.457 14:43:39.18
75 0 -23.0 -22.6 0.123 -5.658 0.0 0.0 0.0 36.7156697 -4.4910545 0.00 269.59 0.98 36.7156698 -4.4910498 0.00 269.96 0.95 0.000 38.457 14:43:39.28
75 0 -23.0 -22.6 2.952 0.861 0.0 0.0 0.0 36.7156697 -4.4910545 0.00 269.59 0.98 36.7156698 -4.4910498 0.00 269.96 0.95 0.000 38.457 14:43:39.37
75 0 -23.0 -22.6 -0.123 -6.519 0.0 0.0 0.0 36.7156697 -4.4910557 0.00 269.49 0.91 36.7156697 -4.4910520 0.00 265.66 1.11 0.000 38.457 14:43:39.48
75 3 -23.0 -22.6 2.337 -1.599 0.0 0.0 0.0 36.7156697 -4.4910557 0.00 269.49 0.91 36.7156697 -4.4910520 0.00 265.66 1.11 0.000 38.457 14:43:39.57
75 3 -23.0 -22.6 4.182 -1.353 0.0 0.0 0.0 36.7156697 -4.4910568 0.00 269.45 1.00 36.7156697 -4.4910531 0.00 265.66 0.94 0.000 38.457 14:43:39.68
75 3 -23.0 -22.6 1.599 -3.075 0.0 0.0 0.0 36.7156697 -4.4910568 0.00 269.45 1.00 36.7156697 -4.4910531 0.00 265.66 0.94 0.000 38.457 14:43:39.78
75 3 -23.0 -22.6 5.043 0.246 0.0 0.0 0.0 36.7156696 -4.4910579 0.00 269.41 0.88 36.7156697 -4.4910531 0.00 265.66 0.94 0.000 38.457 14:43:39.89
75 3 -23.0 -22.6 6.642 -0.984 0.0 0.0 0.0 36.7156696 -4.4910579 0.00 269.41 0.88 36.7156697 -4.4910531 0.00 265.66 0.94 0.000 38.457 14:43:39.98
75 3 -23.0 -22.6 4.674 0.492 0.0 0.0 0.0 36.7156697 -4.4910590 0.00 269.64 1.04 36.7156697 -4.4910553 0.00 265.66 0.90 0.000 38.457 14:43:40.07
75 -1 -23.0 -22.6 5.904 0.615 0.0 0.0 0.0 36.7156697 -4.4910590 0.00 269.64 1.04 36.7156697 -4.4910565 0.00 272.21 1.19 0.000 38.457 14:43:40.18
75 -1 -23.0 -22.6 0.123 -4.059 0.0 0.0 0.0 36.7156697 -4.4910602 0.00 270.14 1.14 36.7156697 -4.4910565 0.00 272.21 1.19 0.000 38.457 14:43:40.28
75 -1 -23.0 -22.6 2.460 -0.984 0.0 0.0 0.0 36.7156697 -4.4910602 0.00 270.14 1.14 36.7156697 -4.4910565 0.00 272.21 1.19 0.000 38.457 14:43:40.39
75 -1 -23.0 -22.6 3.690 -2.952 0.0 0.0 0.0 36.7156696 -4.4910613 0.00 270.67 0.96 36.7156697 -4.4910565 0.00 272.21 1.19 0.000 38.457 14:43:40.48
75 -1 -23.0 -22.6 1.107 -2.952 0.0 0.0 0.0 36.7156696 -4.4910613 0.00 270.67 0.96 36.7156697 -4.4910565 0.00 272.21 1.19 0.000 38.457 14:43:40.59
75 -1 -23.0 -22.6 2.583 -3.444 0.0 0.0 0.0 36.7156696 -4.4910624 0.00 270.91 0.94 36.7156696 -4.4910587 0.00 267.66 0.83 0.000 38.457 14:43:40.68
75 2 -23.0 -22.6 -1.107 -3.936 0.0 0.0 0.0 36.7156696 -4.4910624 0.00 270.91 0.94 36.7156696 -4.4910587 0.00 267.66 0.83 0.000 38.457 14:43:40.78
75 2 -23.0 -22.6 1.968 -4.920 0.0 0.0 0.0 36.7156697 -4.4910635 0.00 270.95 0.90 36.7156696 -4.4910598 0.00 269.47 1.00 0.000 38.457 14:43:40.89
75 1 -23.0 -22.6 2.952 -4.551 0.0 0.0 0.0 36.7156697 -4.4910635 0.00 270.95 0.90 36.7156696 -4.4910598 0.00 269.47 1.00 0.000 38.457 14:43:40.98
75 1 -23.0 -22.6 0.615 -1.230 0.0 0.0 0.0 36.7156697 -4.4910646 0.00 270.93 0.94 36.7156696 -4.4910598 0.00 269.47 1.00 0.000 38.457 14:43:41.09
75 -1 -23.0 -22.6 2.460 -3.075 0.0 0.0 0.0 36.7156697 -4.4910646 0.00 270.93 0.94 36.7156697 -4.4910621 0.00 272.28 0.88 0.000 38.457 14:43:41.18
75 -1 -23.0 -22.6 0.861 -6.765 0.0 0.0 0.0 36.7156697 -4.4910657 0.00 271.01 0.95 36.7156697 -4.4910621 0.00 272.28 0.88 0.000 38.457 14:43:41.29
75 -1 -23.0 -22.6 1.353 -1.845 0.0 0.0 0.0 36.7156697 -4.4910657 0.00 271.01 0.95 36.7156697 -4.4910621 0.00 272.28 0.88 0.000 38.457 14:43:41.39
75 -1 -23.0 -22.6 2.706 -1.230 0.0 0.0 0.0 36.7156697 -4.4910668 0.00 271.25 1.04 36.7156697 -4.4910632 0.00 272.28 0.86 0.000 38.457 14:43:41.48
75 0 -23.0 -22.6 2.706 -2.706 0.0 0.0 0.0 36.7156697 -4.4910668 0.00 271.25 1.04 36.7156697 -4.4910632 0.00 272.28 0.86 0.000 38.457 14:43:41.59
75 0 -23.0 -22.6 3.444 -1.353 0.0 0.0 0.0 36.7156697 -4.4910680 0.00 271.11 1.00 36.7156697 -4.4910632 0.00 272.28 0.86 0.000 38.457 14:43:41.68
75 0 -23.0 -22.6 1.107 -3.690 0.0 0.0 0.0 36.7156697 -4.4910680 0.00 271.11 1.00 36.7156697 -4.4910632 0.00 272.28 0.86 0.000 38.457 14:43:41.79
75 0 -23.0 -22.6 2.829 -1.722 0.0 0.0 0.0 36.7156697 -4.4910692 0.00 270.97 1.02 36.7156697 -4.4910655 0.00 270.73 1.09 0.000 38.457 14:43:41.89
75 0 -23.0 -22.6 2.952 -3.198 0.0 0.0 0.0 36.7156697 -4.4910692 0.00 270.97 1.02 36.7156697 -4.4910655 0.00 270.73 1.09 0.000 38.457 14:43:41.98
75 0 -23.0 -22.6 1.107 -2.952 0.0 0.0 0.0 36.7156697 -4.4910703 0.00 270.96 0.90 36.7156697 -4.4910666 0.00 270.73 0.77 0.000 38.457 14:43:42.09
75 -1 -23.0 -22.6 5.412 -1.353 0.0 0.0 0.0 36.7156697 -4.4910703 0.00 270.96 0.90 36.7156697 -4.4910666 0.00 270.73 0.77 0.000 38.457 14:43:42.18
75 -1 -23.0 -22.6 2.337 -6.519 0.0 0.0 0.0 36.7156698 -4.4910715 0.00 270.89 0.96 36.7156697 -4.4910666 0.00 270.73 0.77 0.000 38.457 14:43:42.29
75 -1 -23.0 -22.6 2.460 -2.337 0.0 0.0 0.0 36.7156698 -4.4910726 0.00 270.93 1.01 36.7156698 -4.4910689 0.00 276.60 1.02 0.000 38.457 14:43:42.39
75 -1 -23.0 -22.6 4.305 -2.829 0.0 0.0 0.0 36.7156698 -4.4910726 0.00 270.93 1.01 36.7156698 -4.4910689 0.00 276.60 1.02 0.000 38.457 14:43:42.50
75 -5 -23.0 -22.6 0.000 -6.150 0.0 0.0 0.0 36.7156698 -4.4910737 0.00 270.92 0.95 36.7156697 -4.4910700 0.00 271.13 1.02 0.000 38.457 14:43:42.59
75 -5 -23.0 -22.6 1.968 -3.690 0.0 0.0 0.0 36.7156698 -4.4910737 0.00 270.92 0.95 36.7156697 -4.4910700 0.00 271.13 1.02 0.000 38.457 14:43:42.70
75 -2 -23.0 -22.6 -1.722 -7.626 0.0 0.0 0.0 36.7156698 -4.4910748 0.00 270.83 0.93 36.7156697 -4.4910700 0.00 271.13 1.02 0.000 38.457 14:43:42.79
75 -2 -24.1 -21.1 0.984 -2.337 0.0 0.0 0.0 36.7156698 -4.4910748 0.00 270.83 0.93 36.7156697 -4.4910700 0.00 271.13 1.02 0.000 38.242 14:43:42.89
75 -2 -24.1 -21.1 0.984 -7.626 0.0 0.0 0.0 36.7156698 -4.4910759 0.00 270.44 0.96 36.7156698 -4.4910722 0.00 272.15 0.82 0.000 38.242 14:43:43.00
75 -2 -24.1 -21.1 -1.845 -5.289 0.0 0.0 0.0 36.7156698 -4.4910759 0.00 270.44 0.96 36.7156698 -4.4910722 0.00 272.15 0.82 0.000 38.242 14:43:43.09
75 -2 -24.1 -21.1 3.075 -4.428 0.0 0.0 0.0 36.7156698 -4.4910770 0.00 270.17 0.99 36.7156697 -4.4910732 0.00 272.15 0.81 0.000 38.242 14:43:43.20
75 -2 -24.1 -21.1 -2.214 -5.412 0.0 0.0 0.0 36.7156698 -4.4910770 0.00 270.17 0.99 36.7156697 -4.4910732 0.00 272.15 0.81 0.000 38.242 14:43:43.29
75 -2 -24.1 -21.1 5.166 -3.444 0.0 0.0 0.0 36.7156698 -4.4910781 0.00 269.89 0.93 36.7156697 -4.4910732 0.00 272.15 0.81 0.000 38.242 14:43:43.39
75 -2 -24.1 -21.1 -0.738 -6.519 0.0 0.0 0.0 36.7156698 -4.4910781 0.00 269.89 0.93 36.7156697 -4.4910732 0.00 272.15 0.81 0.000 38.242 14:43:43.50
75 -2 -24.1 -21.1 0.000 -3.936 0.0 0.0 0.0 36.7156698 -4.4910792 0.00 269.63 1.00 36.7156698 -4.4910756 0.00 273.74 0.93 0.000 38.242 14:43:43.59
75 -2 -24.1 -21.1 1.968 -3.321 0.0 0.0 0.0 36.7156698 -4.4910792 0.00 269.63 1.00 36.7156698 -4.4910756 0.00 273.74 0.93 0.000 38.242 14:43:43.70
75 -4 -24.1 -21.1 -0.246 -3.444 0.0 0.0 0.0 36.7156698 -4.4910803 0.00 269.43 0.97 36.7156698 -4.4910766 0.00 273.74 0.75 0.000 38.242 14:43:43.79
75 -4 -24.1 -21.1 1.599 -3.813 0.0 0.0 0.0 36.7156698 -4.4910803 0.00 269.43 0.97 36.7156698 -4.4910766 0.00 273.74 0.75 0.000 38.242 14:43:43.90
75 -4 -24.1 -21.1 -1.722 -6.888 0.0 0.0 0.0 36.7156697 -4.4910815 0.00 269.27 0.99 36.7156698 -4.4910766 0.00 273.74 0.75 0.000 38.242 14:43:44.00
75 -4 -24.1 -21.1 -0.369 -4.428 0.0 0.0 0.0 36.7156697 -4.4910815 0.00 269.27 0.99 36.7156698 -4.4910766 0.00 273.74 0.75 0.000 38.242 14:43:44.09
75 -1 -24.1 -21.1 0.000 -6.273 0.0 0.0 0.0 36.7156697 -4.4910826 0.00 269.01 0.99 36.7156698 -4.4910789 0.00 270.22 1.06 0.000 38.242 14:43:44.20
75 -1 -24.1 -21.1 0.738 -5.166 0.0 0.0 0.0 36.7156697 -4.4910826 0.00 269.01 0.99 36.7156698 -4.4910789 0.00 270.22 1.06 0.000 38.242 14:43:44.29
75 -1 -24.1 -21.1 2.706 -2.460 0.0 0.0 0.0 36.7156696 -4.4910838 0.00 268.68 1.04 36.7156697 -4.4910800 0.00 270.22 0.86 0.000 38.242 14:43:44.40
75 -1 -24.1 -21.1 -0.738 -6.888 0.0 0.0 0.0 36.7156696 -4.4910838 0.00 268.68 1.04 36.7156697 -4.4910800 0.00 270.22 0.86 0.000 38.242 14:43:44.50
75 -1 -24.1 -21.1 3.198 -4.305 0.0 0.0 0.0 36.7156696 -4.4910850 0.00 268.35 1.06 36.7156697 -4.4910800 0.00 270.22 0.86 0.000 38.242 14:43:44.59
75 -1 -24.1 -21.1 -2.583 -7.257 0.0 0.0 0.0 36.7156696 -4.4910850 0.00 268.35 1.06 36.7156697 -4.4910800 0.00 270.22 0.86 0.000 38.242 14:43:44.70
75 -1 -24.1 -21.1 0.615 -3.813 0.0 0.0 0.0 36.7156695 -4.4910861 0.00 268.16 1.00 36.7156697 -4.4910823 0.00 270.36 1.08 0.000 38.242 14:43:44.79
75 -1 -24.1 -21.1 2.091 -3.567 0.0 0.0 0.0 36.7156695 -4.4910861 0.00 268.16 1.00 36.7156697 -4.4910823 0.00 270.36 1.08 0.000 38.242 14:43:44.90
75 -2 -24.1 -21.1 -1.230 -6.519 0.0 0.0 0.0 36.7156695 -4.4910872 0.00 268.00 0.94 36.7156696 -4.4910835 0.00 269.96 1.03 0.000 38.242 14:43:45.00
75 -2 -24.1 -21.1 1.107 -0.984 0.0 0.0 0.0 36.7156695 -4.4910872 0.00 268.00 0.94 36.7156696 -4.4910835 0.00 269.96 1.03 0.000 38.242 14:43:45.09
75 -1 -24.1 -21.1 -1.230 -7.626 0.0 0.0 0.0 36.7156695 -4.4910883 0.00 267.82 0.95 36.7156696 -4.4910835 0.00 269.96 1.03 0.000 38.242 14:43:45.20
75 -1 -24.1 -21.1 0.369 -3.936 0.0 0.0 0.0 36.7156695 -4.4910883 0.00 267.82 0.95 36.7156696 -4.4910835 0.00 269.96 1.03 0.000 38.242 14:43:45.29
75 -1 -24.1 -21.1 2.091 -4.305 0.0 0.0 0.0 36.7156694 -4.4910894 0.00 267.59 1.00 36.7156696 -4.4910857 0.00 271.50 1.01 0.000 38.242 14:43:45.40
75 -1 -24.1 -21.1 0.000 -3.813 0.0 0.0 0.0 36.7156694 -4.4910894 0.00 267.59 1.00 36.7156696 -4.4910857 0.00 271.50 1.01 0.000 38.242 14:43:45.50
75 -2 -24.1 -21.1 2.214 -3.075 0.0 0.0 0.0 36.7156694 -4.4910905 0.00 267.33 0.94 36.7156696 -4.4910868 0.00 271.50 0.95 0.000 38.242 14:43:45.60
75 -2 -24.1 -21.1 0.000 -6.273 0.0 0.0 0.0 36.7156694 -4.4910905 0.00 267.33 0.94 36.7156696 -4.4910868 0.00 271.50 0.95 0.000 38.242 14:43:45.70
75 -2 -24.1 -21.1 -0.492 -3.690 0.0 0.0 0.0 36.7156693 -4.4910917 0.00 267.12 1.02 36.7156696 -4.4910868 0.00 271.50 0.95 0.000 38.242 14:43:45.79
75 -2 -24.1 -21.1 1.968 -3.936 0.0 0.0 0.0 36.7156693 -4.4910917 0.00 267.12 1.02 36.7156696 -4.4910868 0.00 271.50 0.95 0.000 38.242 14:43:45.90
75 -2 -24.1 -21.1 1.353 -2.706 0.0 0.0 0.0 36.7156693 -4.4910927 0.00 267.00 1.02 36.7156695 -4.4910891 0.00 271.45 1.07 0.000 38.242 14:43:46.00
75 -2 -24.1 -21.1 3.198 -1.599 0.0 0.0 0.0 36.7156693 -4.4910927 0.00 267.00 1.02 36.7156695 -4.4910891 0.00 271.45 1.07 0.000 38.242 14:43:46.10
75 -2 -24.1 -21.1 1.353 -5.166 0.0 0.0 0.0 36.7156692 -4.4910939 0.00 266.82 0.99 36.7156694 -4.4910903 0.00 271.45 0.97 0.000 38.242 14:43:46.20
75 -2 -24.1 -21.1 0.000 -3.813 0.0 0.0 0.0 36.7156692 -4.4910939 0.00 266.82 0.99 36.7156694 -4.4910903 0.00 271.45 0.97 0.000 38.242 14:43:46.29
75 -2 -24.1 -21.1 0.492 -5.289 0.0 0.0 0.0 36.7156692 -4.4910950 0.00 266.57 1.00 36.7156694 -4.4910903 0.00 271.45 0.97 0.000 38.242 14:43:46.40
75 -2 -24.1 -21.1 -0.123 -3.198 0.0 0.0 0.0 36.7156692 -4.4910950 0.00 266.57 1.00 36.7156694 -4.4910903 0.00 271.45 0.97 0.000 38.242 14:43:46.50
75 -2 -24.1 -21.1 2.829 -4.059 0.0 0.0 0.0 36.7156691 -4.4910961 0.00 266.30 0.95 36.7156694 -4.4910925 0.00 273.96 0.93 0.000 38.242 14:43:46.60
75 -2 -24.1 -21.1 -1.230 -5.658 0.0 0.0 0.0 36.7156691 -4.4910961 0.00 266.30 0.95 36.7156694 -4.4910925 0.00 273.96 0.93 0.000 38.242 14:43:46.70
75 -4 -24.1 -21.1 2.706 -3.075 0.0 0.0 0.0 36.7156691 -4.4910972 0.00 266.14 0.99 36.7156693 -4.4910936 0.00 273.96 0.96 0.000 38.242 14:43:46.79
75 -4 -24.1 -21.1 -1.353 -5.166 0.0 0.0 0.0 36.7156691 -4.4910972 0.00 266.14 0.99 36.7156693 -4.4910936 0.00 273.96 0.96 0.000 38.242 14:43:46.90
75 -3 -24.1 -21.1 -0.861 -3.198 0.0 0.0 0.0 36.7156690 -4.4910983 0.00 265.95 0.90 36.7156693 -4.4910936 0.00 273.96 0.96 0.000 38.242 14:43:47.00
75 -3 -24.1 -21.1 2.337 -3.813 0.0 0.0 0.0 36.7156690 -4.4910983 0.00 265.95 0.90 36.7156693 -4.4910936 0.00 273.96 0.96 0.000 38.242 14:43:47.10
75 -3 -24.1 -21.1 -2.952 -8.487 0.0 0.0 0.0 36.7156689 -4.4910994 0.00 265.60 0.97 36.7156692 -4.4910958 0.00 269.77 0.79 0.000 38.242 14:43:47.20
75 -3 -24.1 -21.1 1.722 -4.428 0.0 0.0 0.0 36.7156689 -4.4910994 0.00 265.60 0.97 36.7156692 -4.4910958 0.00 269.77 0.79 0.000 38.242 14:43:47.29
75 0 -24.1 -21.1 0.000 -5.904 0.0 0.0 0.0 36.7156688 -4.4911005 0.00 265.22 0.99 36.7156690 -4.4910968 0.00 269.77 0.92 0.000 38.242 14:43:47.40
75 0 -24.1 -21.1 0.492 -3.567 0.0 0.0 0.0 36.7156688 -4.4911005 0.00 265.22 0.99 36.7156690 -4.4910968 0.00 269.77 0.92 0.000 38.242 14:43:47.50
75 0 -24.1 -21.1 2.214 -4.305 0.0 0.0 0.0 36.7156687 -4.4911016 0.00 264.74 1.04 36.7156690 -4.4910968 0.00 269.77 0.92 0.000 38.242 14:43:47.60
75 0 -24.1 -21.1 -1.476 -5.904 0.0 0.0 0.0 36.7156687 -4.4911016 0.00 264.74 1.04 36.7156690 -4.4910968 0.00 269.77 0.92 0.000 38.242 14:43:47.70
75 0 -24.1 -21.1 3.567 -2.706 0.0 0.0 0.0 36.7156686 -4.4911028 0.00 264.63 1.01 36.7156689 -4.4910991 0.00 266.62 0.99 0.000 38.242 14:43:47.81
75 0 -23.4 -22.6 -2.337 -7.872 0.0 0.0 0.0 36.7156686 -4.4911028 0.00 264.63 1.01 36.7156689 -4.4910991 0.00 266.62 0.99 0.000 38.457 14:43:47.90
75 2 -23.4 -22.6 1.476 -1.722 0.0 0.0 0.0 36.7156685 -4.4911040 0.00 264.70 1.04 36.7156688 -4.4911002 0.00 266.62 0.92 0.000 38.457 14:43:48.00
75 2 -23.4 -22.6 2.952 -2.829 0.0 0.0 0.0 36.7156685 -4.4911040 0.00 264.70 1.04 36.7156688 -4.4911002 0.00 266.62 0.92 0.000 38.457 14:43:48.10
75 3 -23.4 -22.6 0.000 -4.059 0.0 0.0 0.0 36.7156684 -4.4911051 0.00 264.69 0.99 36.7156688 -4.4911002 0.00 266.62 0.92 0.000 38.457 14:43:48.20
75 3 -23.4 -22.6 5.166 0.246 0.0 0.0 0.0 36.7156684 -4.4911051 0.00 264.69 0.99 36.7156688 -4.4911002 0.00 266.62 0.92 0.000 38.457 14:43:48.31
75 3 -23.4 -22.6 0.615 -2.829 0.0 0.0 0.0 36.7156683 -4.4911063 0.00 264.87 0.91 36.7156686 -4.4911025 0.00 267.31 0.80 0.000 38.457 14:43:48.40
75 3 -23.4 -22.6 3.813 1.845 0.0 0.0 0.0 36.7156683 -4.4911063 0.00 264.87 0.91 36.7156686 -4.4911025 0.00 267.31 0.80 0.000 38.457 14:43:48.51
75 2 -23.4 -22.6 6.642 -1.230 0.0 0.0 0.0 36.7156682 -4.4911073 0.00 265.26 0.92 36.7156685 -4.4911037 0.00 264.82 1.01 0.000 38.457 14:43:48.60
75 2 -23.4 -22.6 3.321 0.123 0.0 0.0 0.0 36.7156682 -4.4911073 0.00 265.26 0.92 36.7156685 -4.4911037 0.00 264.82 1.01 0.000 38.457 14:43:48.70
75 4 -23.4 -22.6 8.856 0.369 0.0 0.0 0.0 36.7156682 -4.4911084 0.00 265.87 0.95 36.7156685 -4.4911037 0.00 264.82 1.01 0.000 38.457 14:43:48.81
75 4 -23.4 -22.6 4.305 -0.615 0.0 0.0 0.0 36.7156682 -4.4911084 0.00 265.87 0.95 36.7156685 -4.4911037 0.00 264.82 1.01 0.000 38.457 14:43:48.90
75 4 -23.4 -22.6 6.150 2.214 0.0 0.0 0.0 36.7156681 -4.4911095 0.00 266.21 1.02 36.7156684 -4.4911058 0.00 264.82 0.80 0.000 38.457 14:43:49.01
75 4 -23.4 -22.6 6.396 0.246 0.0 0.0 0.0 36.7156681 -4.4911095 0.00 266.21 1.02 36.7156684 -4.4911058 0.00 264.82 0.80 0.000 38.457 14:43:49.10
75 3 -23.4 -22.6 3.813 0.246 0.0 0.0 0.0 36.7156681 -4.4911106 0.00 266.60 1.00 36.7156683 -4.4911069 0.00 267.15 1.00 0.000 38.457 14:43:49.20
75 3 -23.4 -22.6 8.487 0.492 0.0 0.0 0.0 36.7156681 -4.4911106 0.00 266.60 1.00 36.7156683 -4.4911069 0.00 267.15 1.00 0.000 38.457 14:43:49.31
75 3 -23.4 -22.6 3.444 -0.492 0.0 0.0 0.0 36.7156681 -4.4911118 0.00 267.04 1.05 36.7156683 -4.4911069 0.00 267.15 1.00 0.000 38.457 14:43:49.40
75 3 -23.4 -22.6 6.642 0.984 0.0 0.0 0.0 36.7156681 -4.4911118 0.00 267.04 1.05 36.7156683 -4.4911069 0.00 267.15 1.00 0.000 38.457 14:43:49.51
75 3 -23.4 -22.6 5.904 -1.230 0.0 0.0 0.0 36.7156680 -4.4911129 0.00 267.60 1.07 36.7156682 -4.4911091 0.00 269.23 0.77 0.000 38.457 14:43:49.60
75 3 -23.4 -22.6 5.535 -1.599 0.0 0.0 0.0 36.7156680 -4.4911129 0.00 267.60 1.07 36.7156682 -4.4911091 0.00 269.23 0.77 0.000 38.457 14:43:49.71
75 2 -23.4 -22.6 7.257 -0.369 0.0 0.0 0.0 36.7156680 -4.4911142 0.00 268.11 1.11 36.7156682 -4.4911103 0.00 267.92 1.17 0.000 38.457 14:43:49.81
75 2 -23.4 -22.6 1.722 -2.214 0.0 0.0 0.0 36.7156680 -4.4911142 0.00 268.11 1.11 36.7156682 -4.4911103 0.00 267.92 1.17 0.000 38.457 14:43:49.90
75 3 -23.4 -22.6 7.995 0.123 0.0 0.0 0.0 36.7156681 -4.4911153 0.00 268.65 0.94 36.7156682 -4.4911103 0.00 267.92 1.17 0.000 38.457 14:43:50.01
75 3 -23.4 -22.6 4.305 -2.091 0.0 0.0 0.0 36.7156681 -4.4911153 0.00 268.65 0.94 36.7156682 -4.4911103 0.00 267.92 1.17 0.000 38.457 14:43:50.10
75 2 -23.4 -22.6 5.289 -0.123 0.0 0.0 0.0 36.7156681 -4.4911164 0.00 269.13 0.99 36.7156682 -4.4911126 0.00 270.09 0.70 0.000 38.457 14:43:50.21
75 2 -23.4 -22.6 8.733 3.198 0.0 0.0 0.0 36.7156681 -4.4911164 0.00 269.13 0.99 36.7156682 -4.4911126 0.00 270.09 0.70 0.000 38.457 14:43:50.31
75 2 -23.4 -22.6 3.690 -1.230 0.0 0.0 0.0 36.7156681 -4.4911175 0.00 269.58 0.97 36.7156682 -4.4911137 0.00 270.83 1.03 0.000 38.457 14:43:50.40
75 2 -23.4 -22.6 6.642 2.583 0.0 0.0 0.0 36.7156681 -4.4911175 0.00 269.58 0.97 36.7156682 -4.4911137 0.00 270.83 1.03 0.000 38.457 14:43:50.51
75 1 -23.4 -22.6 5.166 -0.123 0.0 0.0 0.0 36.7156681 -4.4911186 0.00 270.01 0.98 36.7156682 -4.4911137 0.00 270.83 1.03 0.000 38.457 14:43:50.60
75 1 -23.4 -22.6 5.166 -0.738 0.0 0.0 0.0 36.7156681 -4.4911186 0.00 270.01 0.98 36.7156682 -4.4911137 0.00 270.83 1.03 0.000 38.457 14:43:50.71
75 1 -23.4 -22.6 6.888 1.107 0.0 0.0 0.0 36.7156682 -4.4911197 0.00 270.36 0.99 36.7156682 -4.4911159 0.00 272.67 0.86 0.000 38.457 14:43:50.81
75 1 -23.4 -22.6 5.166 -3.567 0.0 0.0 0.0 36.7156682 -4.4911197 0.00 270.36 0.99 36.7156682 -4.4911159 0.00 272.67 0.86 0.000 38.457 14:43:50.92
75 0 -23.4 -22.6 6.519 0.861 0.0 0.0 0.0 36.7156682 -4.4911207 0.00 270.73 1.03 36.7156682 -4.4911169 0.00 272.67 0.86 0.000 38.457 14:43:51.01
75 0 -23.4 -22.6 1.722 -2.583 0.0 0.0 0.0 36.7156682 -4.4911207 0.00 270.73 1.03 36.7156682 -4.4911169 0.00 272.67 0.86 0.000 38.457 14:43:51.10
75 0 -23.4 -22.6 3.813 0.615 0.0 0.0 0.0 36.7156682 -4.4911219 0.00 271.03 0.99 36.7156682 -4.4911169 0.00 272.67 0.86 0.000 38.457 14:43:51.21
75 0 -23.4 -22.6 3.813 -1.230 0.0 0.0 0.0 36.7156682 -4.4911219 0.00 271.03 0.99 36.7156682 -4.4911169 0.00 272.67 0.86 0.000 38.457 14:43:51.31
75 0 -23.4 -22.6 1.353 -4.920 0.0 0.0 0.0 36.7156683 -4.4911230 0.00 271.22 0.99 36.7156682 -4.4911192 0.00 273.35 1.08 0.000 38.457 14:43:51.42
75 0 -23.4 -22.6 2.706 -0.246 0.0 0.0 0.0 36.7156683 -4.4911230 0.00 271.22 0.99 36.7156682 -4.4911192 0.00 273.35 1.08 0.000 38.457 14:43:51.51
75 0 -23.4 -22.6 -0.123 -6.027 0.0 0.0 0.0 36.7156683 -4.4911242 0.00 271.38 1.03 36.7156683 -4.4911204 0.00 273.35 0.93 0.000 38.457 14:43:51.62
75 0 -23.4 -22.6 1.968 -1.107 0.0 0.0 0.0 36.7156683 -4.4911242 0.00 271.38 1.03 36.7156683 -4.4911204 0.00 273.35 0.93 0.000 38.457 14:43:51.71
75 0 -23.4 -22.6 2.091 -1.722 0.0 0.0 0.0 36.7156683 -4.4911253 0.00 271.64 1.01 36.7156683 -4.4911204 0.00 273.35 0.93 0.000 38.457 14:43:51.81
75 0 -23.4 -22.6 0.861 -4.674 0.0 0.0 0.0 36.7156683 -4.4911253 0.00 271.64 1.01 36.7156683 -4.4911204 0.00 273.35 0.93 0.000 38.457 14:43:51.92
75 0 -23.4 -22.6 1.353 -1.599 0.0 0.0 0.0 36.7156683 -4.4911265 0.00 271.89 0.99 36.7156683 -4.4911226 0.00 269.00 0.92 0.000 38.457 14:43:52.01
75 0 -23.4 -22.6 1.230 -7.011 0.0 0.0 0.0 36.7156683 -4.4911265 0.00 271.89 0.99 36.7156683 -4.4911237 0.00 273.65 1.07 0.000 38.457 14:43:52.12
75 0 -23.4 -22.6 1.968 -1.845 0.0 0.0 0.0 36.7156683 -4.4911276 0.00 272.02 0.98 36.7156683 -4.4911237 0.00 273.65 1.07 0.000 38.457 14:43:52.21
75 0 -23.4 -22.6 2.460 -6.396 0.0 0.0 0.0 36.7156683 -4.4911276 0.00 272.02 0.98 36.7156683 -4.4911237 0.00 273.65 1.07 0.000 38.457 14:43:52.31
75 -2 -23.4 -22.6 0.861 -5.166 0.0 0.0 0.0 36.7156684 -4.4911287 0.00 272.12 0.98 36.7156683 -4.4911237 0.00 273.65 1.07 0.000 38.457 14:43:52.42
75 -2 -23.4 -22.6 1.230 -4.428 0.0 0.0 0.0 36.7156684 -4.4911287 0.00 272.12 0.98 36.7156683 -4.4911237 0.00 273.65 1.07 0.000 38.457 14:43:52.51
75 -2 -23.4 -22.6 1.230 -4.428 0.0 0.0 0.0 36.7156684 -4.4911297 0.00 272.21 1.00 36.7156683 -4.4911260 0.00 272.23 0.97 0.000 38.457 14:43:52.62
75 -2 -23.4 -22.6 0.246 -2.091 0.0 0.0 0.0 36.7156684 -4.4911297 0.00 272.21 1.00 36.7156683 -4.4911260 0.00 272.23 0.97 0.000 38.457 14:43:52.71
75 -1 -23.4 -22.6 0.246 -5.904 0.0 0.0 0.0 36.7156685 -4.4911308 0.00 272.09 0.96 36.7156684 -4.4911271 0.00 272.23 0.91 0.000 38.457 14:43:52.82
75 -1 -23.0 -22.2 0.615 -1.353 0.0 0.0 0.0 36.7156685 -4.4911308 0.00 272.09 0.96 36.7156684 -4.4911271 0.00 272.23 0.91 0.000 38.027 14:43:52.92
75 -1 -23.0 -22.2 2.091 -2.583 0.0 0.0 0.0 36.7156685 -4.4911319 0.00 271.93 1.01 36.7156684 -4.4911271 0.00 272.23 0.91 0.000 38.027 14:43:53.01
75 -1 -23.0 -22.2 0.123 -6.765 0.0 0.0 0.0 36.7156685 -4.4911319 0.00 271.93 1.01 36.7156684 -4.4911271 0.00 272.23 0.91 0.000 38.027 14:43:53.12
75 -1 -23.0 -22.2 0.123 -6.765 0.0 0.0 0.0 36.7156685 -4.4911330 0.00 271.78 1.01 36.7156684 -4.4911293 0.00 269.61 1.06 0.000 38.027 14:43:53.21
75 -1 -23.0 -22.2 1.230 -7.380 0.0 0.0 0.0 36.7156685 -4.4911330 0.00 271.78 1.01 36.7156684 -4.4911293 0.00 269.61 1.06 0.000 38.027 14:43:53.32
75 1 -23.0 -22.2 2.706 -0.492 0.0 0.0 0.0 36.7156685 -4.4911342 0.00 271.63 1.01 36.7156685 -4.4911304 0.00 276.26 1.05 0.000 38.027 14:43:53.42
75 1 -23.0 -22.2 6.396 -3.813 0.0 0.0 0.0 36.7156685 -4.4911342 0.00 271.63 1.01 36.7156685 -4.4911304 0.00 276.26 1.05 0.000 38.027 14:43:53.53
75 -3 -23.0 -22.2 0.615 -5.535 0.0 0.0 0.0 36.7156685 -4.4911353 0.00 271.50 0.96 36.7156685 -4.4911304 0.00 276.26 1.05 0.000 38.027 14:43:53.62
75 -3 -23.0 -22.2 0.615 -5.535 0.0 0.0 0.0 36.7156685 -4.4911353 0.00 271.50 0.96 36.7156685 -4.4911304 0.00 276.26 1.05 0.000 38.027 14:43:53.71
75 -3 -23.0 -22.2 0.861 -6.273 0.0 0.0 0.0 36.7156685 -4.4911364 0.00 271.51 1.05 36.7156685 -4.4911327 0.00 271.15 1.01 0.000 38.027 14:43:53.82
75 -3 -23.0 -22.2 0.861 -6.273 0.0 0.0 0.0 36.7156685 -4.4911364 0.00 271.51 1.05 36.7156685 -4.4911327 0.00 271.15 1.01 0.000 38.027 14:43:53.92
75 0 -23.0 -22.2 4.797 -4.920 0.0 0.0 0.0 36.7156685 -4.4911376 0.00 271.39 0.95 36.7156685 -4.4911339 0.00 273.17 1.17 0.000 38.027 14:43:54.03
75 0 -23.0 -22.2 4.797 -4.920 0.0 0.0 0.0 36.7156685 -4.4911376 0.00 271.39 0.95 36.7156685 -4.4911339 0.00 273.17 1.17 0.000 38.027 14:43:54.12
75 -1 -23.0 -22.2 1.230 -3.813 0.0 0.0 0.0 36.7156685 -4.4911388 0.00 271.02 0.98 36.7156685 -4.4911339 0.00 273.17 1.17 0.000 38.027 14:43:54.21
75 -1 -23.0 -22.2 1.230 -3.813 0.0 0.0 0.0 36.7156685 -4.4911388 0.00 271.02 0.98 36.7156685 -4.4911339 0.00 273.17 1.17 0.000 38.027 14:43:54.32
75 -1 -23.0 -22.2 -0.246 -3.690 0.0 0.0 0.0 36.7156686 -4.4911399 0.00 270.94 0.98 36.7156685 -4.4911361 0.00 273.17 0.88 0.000 38.027 14:43:54.42
75 -1 -23.0 -22.2 0.000 -6.396 0.0 0.0 0.0 36.7156686 -4.4911399 0.00 270.94 0.98 36.7156685 -4.4911361 0.00 273.17 0.88 0.000 38.027 14:43:54.53
75 -1 -23.0 -22.2 0.123 -1.476 0.0 0.0 0.0 36.7156686 -4.4911410 0.00 270.78 0.93 36.7156686 -4.4911373 0.00 279.65 1.11 0.000 38.027 14:43:54.62
75 -1 -23.0 -22.2 0.123 -1.476 0.0 0.0 0.0 36.7156686 -4.4911410 0.00 270.78 0.93 36.7156686 -4.4911373 0.00 279.65 1.11 0.000 38.027 14:43:54.73
75 -6 -23.0 -22.2 4.305 -5.658 0.0 0.0 0.0 36.7156686 -4.4911421 0.00 270.68 0.96 36.7156686 -4.4911373 0.00 279.65 1.11 0.000 38.027 14:43:54.82
75 -6 -23.0 -22.2 -2.091 -5.904 0.0 0.0 0.0 36.7156686 -4.4911421 0.00 270.68 0.96 36.7156686 -4.4911373 0.00 279.65 1.11 0.000 38.027 14:43:54.92
75 -6 -23.0 -22.2 3.198 -4.428 0.0 0.0 0.0 36.7156685 -4.4911432 0.00 270.45 0.97 36.7156686 -4.4911394 0.00 279.65 0.89 0.000 38.027 14:43:55.03
75 -6 -23.0 -22.2 -1.599 -7.257 0.0 0.0 0.0 36.7156685 -4.4911432 0.00 270.45 0.97 36.7156686 -4.4911394 0.00 279.65 0.89 0.000 38.027 14:43:55.12
75 -6 -23.0 -22.2 -2.214 -4.797 0.0 0.0 0.0 36.7156685 -4.4911443 0.00 269.89 1.02 36.7156686 -4.4911406 0.00 278.91 1.16 0.000 38.027 14:43:55.23
75 -6 -23.0 -22.2 0.861 -7.257 0.0 0.0 0.0 36.7156685 -4.4911443 0.00 269.89 1.02 36.7156686 -4.4911406 0.00 278.91 1.16 0.000 38.027 14:43:55.32
75 -5 -23.0 -22.2 -3.321 -9.840 0.0 0.0 0.0 36.7156684 -4.4911454 0.00 269.31 1.01 36.7156686 -4.4911406 0.00 278.91 1.16 0.000 38.027 14:43:55.43
75 -5 -23.0 -22.2 -0.738 -6.642 0.0 0.0 0.0 36.7156684 -4.4911454 0.00 269.31 1.01 36.7156686 -4.4911406 0.00 278.91 1.16 0.000 38.027 14:43:55.53
75 -5 -23.0 -22.2 -3.936 -11.808 0.0 0.0 0.0 36.7156684 -4.4911466 0.00 268.79 0.97 36.7156686 -4.4911428 0.00 268.45 1.16 0.000 38.027 14:43:55.62
75 -5 -23.0 -22.2 -1.230 -10.209 0.0 0.0 0.0 36.7156684 -4.4911466 0.00 268.79 0.97 36.7156686 -4.4911428 0.00 268.45 1.16 0.000 38.027 14:43:55.73
75 2 -23.0 -22.2 -1.230 -10.209 0.0 0.0 0.0 36.7156683 -4.4911477 0.00 268.20 0.90 36.7156685 -4.4911439 0.00 270.58 0.97 0.000 38.027 14:43:55.82
75 2 -23.0 -22.2 1.230 -3.690 0.0 0.0 0.0 36.7156683 -4.4911477 0.00 268.20 0.90 36.7156685 -4.4911439 0.00 270.58 0.97 0.000 38.027 14:43:55.93
75 1 -23.0 -22.2 1.845 -5.166 0.0 0.0 0.0 36.7156683 -4.4911487 0.00 267.61 0.95 36.7156685 -4.4911439 0.00 270.58 0.97 0.000 38.027 14:43:56.03
75 1 -23.0 -22.2 0.492 -5.904 0.0 0.0 0.0 36.7156683 -4.4911487 0.00 267.61 0.95 36.7156685 -4.4911439 0.00 270.58 0.97 0.000 38.027 14:43:56.12
75 1 -23.0 -22.2 4.428 -2.091 0.0 0.0 0.0 36.7156683 -4.4911498 0.00 267.58 0.98 36.7156685 -4.4911462 0.00 271.75 1.14 0.000 38.027 14:43:56.23
75 1 -23.0 -22.2 0.615 -5.289 0.0 0.0 0.0 36.7156683 -4.4911498 0.00 267.58 0.98 36.7156685 -4.4911462 0.00 271.75 1.14 0.000 38.027 14:43:56.32
75 0 -23.0 -22.2 2.214 -1.968 0.0 0.0 0.0 36.7156682 -4.4911509 0.00 267.76 1.02 36.7156684 -4.4911472 0.00 271.75 0.79 0.000 38.027 14:43:56.43
75 0 -23.0 -22.2 3.690 -4.059 0.0 0.0 0.0 36.7156682 -4.4911509 0.00 267.76 1.02 36.7156684 -4.4911472 0.00 271.75 0.79 0.000 38.027 14:43:56.53
75 0 -23.0 -22.2 0.246 -4.059 0.0 0.0 0.0 36.7156682 -4.4911520 0.00 267.76 1.02 36.7156684 -4.4911472 0.00 271.75 0.79 0.000 38.027 14:43:56.64
75 0 -23.0 -22.2 5.781 -1.353 0.0 0.0 0.0 36.7156682 -4.4911520 0.00 267.76 1.02 36.7156684 -4.4911472 0.00 271.75 0.79 0.000 38.027 14:43:56.73
75 0 -23.0 -22.2 1.107 -5.412 0.0 0.0 0.0 36.7156682 -4.4911532 0.00 267.75 0.94 36.7156684 -4.4911494 0.00 270.69 1.00 0.000 38.027 14:43:56.82
75 0 -23.0 -22.2 2.091 -0.246 0.0 0.0 0.0 36.7156682 -4.4911532 0.00 267.75 0.94 36.7156684 -4.4911494 0.00 270.69 1.00 0.000 38.027 14:43:56.93
75 2 -23.0 -22.2 3.567 -5.535 0.0 0.0 0.0 36.7156681 -4.4911544 0.00 267.79 0.94 36.7156684 -4.4911506 0.00 272.77 1.10 0.000 38.027 14:43:57.03
75 2 -23.0 -22.2 3.321 -0.246 0.0 0.0 0.0 36.7156681 -4.4911544 0.00 267.79 0.94 36.7156684 -4.4911506 0.00 272.77 1.10 0.000 38.027 14:43:57.14
75 2 -23.0 -22.2 3.813 -2.952 0.0 0.0 0.0 36.7156681 -4.4911555 0.00 267.90 0.92 36.7156684 -4.4911506 0.00 272.77 1.10 0.000 38.027 14:43:57.23
75 2 -23.0 -22.2 2.460 -1.599 0.0 0.0 0.0 36.7156681 -4.4911555 0.00 267.90 0.92 36.7156684 -4.4911506 0.00 272.77 1.10 0.000 38.027 14:43:57.32
75 -2 -23.0 -22.2 6.765 0.492 0.0 0.0 0.0 36.7156681 -4.4911566 0.00 268.13 0.94 36.7156682 -4.4911529 0.00 268.39 1.00 0.000 38.027 14:43:57.43
75 -2 -23.0 -22.2 0.738 -6.519 0.0 0.0 0.0 36.7156681 -4.4911566 0.00 268.13 0.94 36.7156682 -4.4911529 0.00 268.39 1.00 0.000 38.027 14:43:57.53
75 1 -23.0 -22.2 1.845 -0.615 0.0 0.0 0.0 36.7156680 -4.4911576 0.00 268.39 1.04 36.7156682 -4.4911541 0.00 271.38 0.98 0.000 38.027 14:43:57.64
75 1 -23.0 -22.2 4.551 -0.984 0.0 0.0 0.0 36.7156680 -4.4911576 0.00 268.39 1.04 36.7156682 -4.4911541 0.00 271.38 0.98 0.000 38.027 14:43:57.73
75 -1 -23.0 -22.2 1.722 -1.230 0.0 0.0 0.0 36.7156680 -4.4911587 0.00 268.52 0.93 36.7156682 -4.4911541 0.00 271.38 0.98 0.000 38.027 14:43:57.84
75 -1 -23.4 -23.0 4.059 -1.722 0.0 0.0 0.0 36.7156680 -4.4911587 0.00 268.52 0.93 36.7156682 -4.4911541 0.00 271.38 0.98 0.000 38.242 14:43:57.93
75 -1 -23.4 -23.0 -0.246 -7.257 0.0 0.0 0.0 36.7156680 -4.4911598 0.00 268.68 0.90 36.7156681 -4.4911562 0.00 271.38 0.95 0.000 38.242 14:43:58.03
75 -1 -23.4 -23.0 1.599 -3.198 0.0 0.0 0.0 36.7156680 -4.4911598 0.00 268.68 0.90 36.7156681 -4.4911562 0.00 271.38 0.95 0.000 38.242 14:43:58.14
75 -1 -23.4 -23.0 -0.861 -9.225 0.0 0.0 0.0 36.7156680 -4.4911610 0.00 268.75 0.91 36.7156682 -4.4911573 0.00 271.38 0.97 0.000 38.242 14:43:58.23
75 -1 -23.4 -23.0 0.369 -2.337 0.0 0.0 0.0 36.7156680 -4.4911610 0.00 268.75 0.91 36.7156682 -4.4911573 0.00 271.38 0.97 0.000 38.242 14:43:58.34
75 -1 -23.4 -23.0 1.476 -6.888 0.0 0.0 0.0 36.7156680 -4.4911622 0.00 268.79 0.93 36.7156682 -4.4911573 0.00 271.38 0.97 0.000 38.242 14:43:58.43
75 -1 -23.4 -23.0 0.000 -6.027 0.0 0.0 0.0 36.7156680 -4.4911622 0.00 268.79 0.93 36.7156682 -4.4911573 0.00 271.38 0.97 0.000 38.242 14:43:58.53
75 -1 -23.4 -23.0 0.123 -2.952 0.0 0.0 0.0 36.7156680 -4.4911633 0.00 268.68 0.99 36.7156681 -4.4911597 0.00 277.57 1.04 0.000 38.242 14:43:58.64
75 -1 -23.4 -23.0 0.738 -7.257 0.0 0.0 0.0 36.7156680 -4.4911633 0.00 268.68 0.99 36.7156681 -4.4911597 0.00 277.57 1.04 0.000 38.242 14:43:58.73
75 -5 -23.4 -23.0 0.000 -2.091 0.0 0.0 0.0 36.7156679 -4.4911644 0.00 268.45 0.99 36.7156681 -4.4911608 0.00 277.57 0.89 0.000 38.242 14:43:58.84
75 -5 -23.4 -23.0 0.246 -7.503 0.0 0.0 0.0 36.7156679 -4.4911644 0.00 268.45 0.99 36.7156681 -4.4911608 0.00 277.57 0.89 0.000 38.242 14:43:58.93
75 -5 -23.4 -23.0 -0.369 -3.813 0.0 0.0 0.0 36.7156679 -4.4911655 0.00 268.26 1.01 36.7156681 -4.4911608 0.00 277.57 0.89 0.000 38.242 14:43:59.04
75 -5 -23.4 -23.0 0.861 -5.043 0.0 0.0 0.0 36.7156679 -4.4911655 0.00 268.26 1.01 36.7156681 -4.4911608 0.00 277.57 0.89 0.000 38.242 14:43:59.14
75 -5 -23.4 -23.0 -0.246 -8.610 0.0 0.0 0.0 36.7156678 -4.4911667 0.00 267.81 0.98 36.7156681 -4.4911630 0.00 269.89 0.98 0.000 38.242 14:43:59.23
75 -5 -23.4 -23.0 -3.321 -4.797 0.0 0.0 0.0 36.7156678 -4.4911667 0.00 267.81 0.98 36.7156681 -4.4911630 0.00 269.89 0.98 0.000 38.242 14:43:59.34
75 0 -23.4 -23.0 0.492 -9.963 0.0 0.0 0.0 36.7156677 -4.4911678 0.00 267.29 1.04 36.7156680 -4.4911641 0.00 269.89 0.93 0.000 38.242 14:43:59.43
75 0 -23.4 -23.0 -2.706 -4.551 0.0 0.0 0.0 36.7156677 -4.4911678 0.00 267.29 1.04 36.7156680 -4.4911641 0.00 269.89 0.93 0.000 38.242 14:43:59.54
75 0 -23.4 -23.0 -0.369 -5.289 0.0 0.0 0.0 36.7156676 -4.4911690 0.00 266.69 1.00 36.7156680 -4.4911641 0.00 269.89 0.93 0.000 38.242 14:43:59.64
75 0 -23.4 -23.0 -0.492 -7.380 0.0 0.0 0.0 36.7156676 -4.4911690 0.00 266.69 1.00 36.7156680 -4.4911641 0.00 269.89 0.93 0.000 38.242 14:43:59.75
75 0 -23.4 -23.0 -1.353 -2.706 0.0 0.0 0.0 36.7156676 -4.4911701 0.00 266.59 0.96 36.7156679 -4.4911663 0.00 271.21 0.95 0.000 38.242 14:43:59.84
75 0 -23.4 -23.0 0.000 -8.979 0.0 0.0 0.0 36.7156676 -4.4911701 0.00 266.59 0.96 36.7156679 -4.4911663 0.00 271.21 0.95 0.000 38.242 14:43:59.93
75 -1 -23.4 -23.0 -0.615 -3.813 0.0 0.0 0.0 36.7156675 -4.4911711 0.00 266.67 0.96 36.7156678 -4.4911675 0.00 267.60 0.98 0.000 38.242 14:44:00.04
75 -1 -23.4 -23.0 1.353 -7.380 0.0 0.0 0.0 36.7156675 -4.4911711 0.00 266.67 0.96 36.7156678 -4.4911675 0.00 267.60 0.98 0.000 38.242 14:44:00.14
75 2 -23.4 -23.0 -0.984 -8.241 0.0 0.0 0.0 36.7156675 -4.4911723 0.00 266.76 0.99 36.7156678 -4.4911675 0.00 267.60 0.98 0.000 38.242 14:44:00.25
75 2 -23.4 -23.0 -0.615 -4.428 0.0 0.0 0.0 36.7156675 -4.4911723 0.00 266.76 0.99 36.7156678 -4.4911675 0.00 267.60 0.98 0.000 38.242 14:44:00.34
75 2 -23.4 -23.0 1.107 -5.781 0.0 0.0 0.0 36.7156674 -4.4911734 0.00 266.68 0.99 36.7156676 -4.4911697 0.00 265.11 0.92 0.000 38.242 14:44:00.43
75 2 -23.4 -23.0 0.984 -1.599 0.0 0.0 0.0 36.7156674 -4.4911734 0.00 266.68 0.99 36.7156676 -4.4911697 0.00 265.11 0.92 0.000 38.242 14:44:00.54
75 4 -23.4 -23.0 5.781 -3.075 0.0 0.0 0.0 36.7156673 -4.4911745 0.00 266.72 1.03 36.7156675 -4.4911708 0.00 265.11 0.96 0.000 38.242 14:44:00.64
75 4 -23.4 -23.0 0.738 -3.813 0.0 0.0 0.0 36.7156673 -4.4911745 0.00 266.72 1.03 36.7156675 -4.4911708 0.00 265.11 0.96 0.000 38.242 14:44:00.75
75 4 -23.4 -23.0 1.476 -0.615 0.0 0.0 0.0 36.7156673 -4.4911757 0.00 266.95 0.99 36.7156675 -4.4911708 0.00 265.11 0.96 0.000 38.242 14:44:00.84
75 4 -23.4 -23.0 4.797 -2.091 0.0 0.0 0.0 36.7156673 -4.4911757 0.00 266.95 0.99 36.7156675 -4.4911708 0.00 265.11 0.96 0.000 38.242 14:44:00.95
75 4 -23.4 -23.0 3.813 -0.492 0.0 0.0 0.0 36.7156673 -4.4911768 0.00 267.09 0.98 36.7156675 -4.4911730 0.00 269.35 1.07 0.000 38.242 14:44:01.04
75 4 -23.4 -23.0 8.733 -0.246 0.0 0.0 0.0 36.7156673 -4.4911768 0.00 267.09 0.98 36.7156675 -4.4911730 0.00 269.35 1.07 0.000 38.242 14:44:01.14
75 1 -23.4 -23.0 5.535 2.829 0.0 0.0 0.0 36.7156673 -4.4911779 0.00 267.50 0.99 36.7156674 -4.4911742 0.00 271.53 1.00 0.000 38.242 14:44:01.25
75 1 -23.4 -23.0 5.904 -0.246 0.0 0.0 0.0 36.7156673 -4.4911779 0.00 267.50 0.99 36.7156674 -4.4911742 0.00 271.53 1.00 0.000 38.242 14:44:01.34
75 0 -23.4 -23.0 4.920 -0.984 0.0 0.0 0.0 36.7156673 -4.4911790 0.00 268.00 1.01 36.7156674 -4.4911742 0.00 271.53 1.00 0.000 38.242 14:44:01.45
75 0 -23.4 -23.0 6.642 1.230 0.0 0.0 0.0 36.7156673 -4.4911790 0.00 268.00 1.01 36.7156674 -4.4911742 0.00 271.53 1.00 0.000 38.242 14:44:01.54
75 0 -23.4 -23.0 5.781 -0.984 0.0 0.0 0.0 36.7156673 -4.4911802 0.00 268.35 1.02 36.7156674 -4.4911764 0.00 269.72 1.07 0.000 38.242 14:44:01.65
75 0 -23.4 -23.0 4.305 0.492 0.0 0.0 0.0 36.7156673 -4.4911802 0.00 268.35 1.02 36.7156674 -4.4911764 0.00 269.72 1.07 0.000 38.242 14:44:01.75
75 1 -23.4 -23.0 8.487 -1.230 0.0 0.0 0.0 36.7156672 -4.4911813 0.00 268.56 1.00 36.7156674 -4.4911775 0.00 268.94 1.03 0.000 38.242 14:44:01.84
75 1 -23.4 -23.0 2.706 -2.952 0.0 0.0 0.0 36.7156672 -4.4911813 0.00 268.56 1.00 36.7156674 -4.4911775 0.00 268.94 1.03 0.000 38.242 14:44:01.95
75 2 -23.4 -23.0 5.658 0.246 0.0 0.0 0.0 36.7156672 -4.4911825 0.00 268.66 1.01 36.7156674 -4.4911775 0.00 268.94 1.03 0.000 38.242 14:44:02.04
75 2 -23.4 -23.0 5.289 -2.952 0.0 0.0 0.0 36.7156672 -4.4911825 0.00 268.66 1.01 36.7156674 -4.4911775 0.00 268.94 1.03 0.000 38.242 14:44:02.15
75 2 -23.4 -23.0 3.936 0.000 0.0 0.0 0.0 36.7156672 -4.4911837 0.00 268.94 1.01 36.7156674 -4.4911798 0.00 275.52 1.07 0.000 38.242 14:44:02.25
75 2 -23.4 -23.0 4.674 -1.353 0.0 0.0 0.0 36.7156672 -4.4911837 0.00 268.94 1.01 36.7156674 -4.4911798 0.00 275.52 1.07 0.000 38.242 14:44:02.34
75 -3 -23.4 -23.0 2.091 -0.369 0.0 0.0 0.0 36.7156672 -4.4911848 0.00 269.20 1.07 36.7156673 -4.4911810 0.00 266.34 1.06 0.000 38.242 14:44:02.45
75 4 -23.4 -23.0 4.551 -3.321 0.0 0.0 0.0 36.7156672 -4.4911848 0.00 269.20 1.07 36.7156673 -4.4911810 0.00 266.34 1.06 0.000 38.242 14:44:02.54
75 4 -23.4 -23.0 2.583 -2.952 0.0 0.0 0.0 36.7156672 -4.4911859 0.00 269.48 1.02 36.7156673 -4.4911810 0.00 266.34 1.06 0.000 38.242 14:44:02.65
75 4 -23.4 -23.0 4.797 -0.984 0.0 0.0 0.0 36.7156672 -4.4911859 0.00 269.48 1.02 36.7156674 -4.4911832 0.00 273.55 0.98 0.000 38.242 14:44:02.75
75 4 -21.4 -23.7 1.230 -2.952 0.0 0.0 0.0 36.7156672 -4.4911870 0.00 269.47 0.98 36.7156674 -4.4911832 0.00 273.55 0.98 0.000 38.027 14:44:02.85
75 -1 -21.4 -23.7 3.813 1.230 0.0 0.0 0.0 36.7156672 -4.4911870 0.00 269.47 0.98 36.7156673 -4.4911843 0.00 273.55 0.92 0.000 38.027 14:44:02.95
75 -1 -21.4 -23.7 5.289 -1.353 0.0 0.0 0.0 36.7156672 -4.4911882 0.00 269.59 0.92 36.7156673 -4.4911843 0.00 273.55 0.92 0.000 38.027 14:44:03.04
75 -1 -21.4 -23.7 0.984 -3.813 0.0 0.0 0.0 36.7156672 -4.4911882 0.00 269.59 0.92 36.7156673 -4.4911843 0.00 273.55 0.92 0.000 38.027 14:44:03.15
75 -1 -21.4 -23.7 1.722 -3.567 0.0 0.0 0.0 36.7156672 -4.4911892 0.00 270.15 0.93 36.7156673 -4.4911843 0.00 273.55 0.92 0.000 38.027 14:44:03.25
75 -1 -21.4 -23.7 0.492 -4.182 0.0 0.0 0.0 36.7156672 -4.4911892 0.00 270.15 0.93 36.7156673 -4.4911867 0.00 264.44 0.80 0.000 38.027 14:44:03.35
75 -1 -21.4 -23.7 -1.845 -3.813 0.0 0.0 0.0 36.7156671 -4.4911904 0.00 270.46 0.98 36.7156673 -4.4911867 0.00 264.44 0.80 0.000 38.027 14:44:03.45
75 5 -21.4 -23.7 2.460 -2.706 0.0 0.0 0.0 36.7156671 -4.4911904 0.00 270.46 0.98 36.7156672 -4.4911878 0.00 267.84 0.99 0.000 38.027 14:44:03.54
75 5 -21.4 -23.7 -1.230 -6.888 0.0 0.0 0.0 36.7156671 -4.4911916 0.00 270.54 0.92 36.7156672 -4.4911878 0.00 267.84 0.99 0.000 38.027 14:44:03.65
75 3 -21.4 -23.7 4.305 -3.690 0.0 0.0 0.0 36.7156671 -4.4911916 0.00 270.54 0.92 36.7156672 -4.4911878 0.00 267.84 0.99 0.000 38.027 14:44:03.75
75 3 -21.4 -23.7 0.615 -5.658 0.0 0.0 0.0 36.7156672 -4.4911927 0.00 270.62 1.07 36.7156672 -4.4911878 0.00 267.84 0.99 0.000 38.027 14:44:03.85
75 3 -21.4 -23.7 1.968 -0.615 0.0 0.0 0.0 36.7156672 -4.4911927 0.00 270.62 1.07 36.7156672 -4.4911900 0.00 268.23 0.91 0.000 38.027 14:44:03.95
75 3 -21.4 -23.7 5.289 -0.246 0.0 0.0 0.0 36.7156672 -4.4911938 0.00 271.07 1.04 36.7156672 -4.4911900 0.00 268.23 0.91 0.000 38.027 14:44:04.04
75 3 -21.4 -23.7 2.460 -2.214 0.0 0.0 0.0 36.7156672 -4.4911938 0.00 271.07 1.04 36.7156672 -4.4911910 0.00 268.23 0.84 0.000 38.027 14:44:04.15
75 3 -21.4 -23.7 6.519 1.968 0.0 0.0 0.0 36.7156673 -4.4911949 0.00 271.52 0.95 36.7156672 -4.4911910 0.00 268.23 0.84 0.000 38.027 14:44:04.25
75 4 -21.4 -23.7 3.198 -1.476 0.0 0.0 0.0 36.7156673 -4.4911949 0.00 271.52 0.95 36.7156672 -4.4911910 0.00 268.23 0.84 0.000 38.027 14:44:04.35
75 4 -21.4 -23.7 4.797 0.492 0.0 0.0 0.0 36.7156673 -4.4911960 0.00 272.00 0.94 36.7156672 -4.4911910 0.00 268.23 0.84 0.000 38.027 14:44:04.45
75 4 -21.4 -23.7 7.257 0.492 0.0 0.0 0.0 36.7156673 -4.4911960 0.00 272.00 0.94 36.7156673 -4.4911933 0.00 275.44 1.02 0.000 38.027 14:44:04.54
75 4 -21.4 -23.7 4.920 -1.107 0.0 0.0 0.0 36.7156675 -4.4911971 0.00 272.36 1.08 36.7156673 -4.4911933 0.00 275.44 1.02 0.000 38.027 14:44:04.65
75 4 -21.4 -23.7 9.102 2.337 0.0 0.0 0.0 36.7156675 -4.4911971 0.00 272.36 1.08 36.7156673 -4.4911944 0.00 275.44 0.95 0.000 38.027 14:44:04.75
75 4 -21.4 -23.7 3.813 -1.230 0.0 0.0 0.0 36.7156675 -4.4911982 0.00 272.71 0.97 36.7156673 -4.4911944 0.00 275.44 0.95 0.000 38.027 14:44:04.85
75 -4 -21.4 -23.7 7.134 1.845 0.0 0.0 0.0 36.7156675 -4.4911982 0.00 272.71 0.97 36.7156673 -4.4911944 0.00 275.44 0.95 0.000 38.027 14:44:04.95
75 -4 -21.4 -23.7 6.765 -2.706 0.0 0.0 0.0 36.7156676 -4.4911993 0.00 273.16 1.01 36.7156673 -4.4911944 0.00 275.44 0.95 0.000 38.027 14:44:05.04
75 -4 -21.4 -23.7 1.722 -0.246 0.0 0.0 0.0 36.7156676 -4.4911993 0.00 273.16 1.01 36.7156674 -4.4911967 0.00 279.60 1.11 0.000 38.027 14:44:05.15
75 -4 -21.4 -23.7 6.150 -1.230 0.0 0.0 0.0 36.7156676 -4.4912003 0.00 273.61 0.94 36.7156674 -4.4911967 0.00 279.60 1.11 0.000 38.027 14:44:05.25
75 -7 -21.4 -23.7 0.615 -4.797 0.0 0.0 0.0 36.7156676 -4.4912003 0.00 273.61 0.94 36.7156675 -4.4911976 0.00 279.60 0.63 0.000 38.027 14:44:05.35
75 -7 -21.4 -23.7 -0.123 -1.353 0.0 0.0 0.0 36.7156677 -4.4912015 0.00 273.67 1.00 36.7156675 -4.4911976 0.00 279.60 0.63 0.000 38.027 14:44:05.45
75 -7 -21.4 -23.7 -0.123 -6.396 0.0 0.0 0.0 36.7156677 -4.4912015 0.00 273.67 1.00 36.7156675 -4.4911976 0.00 279.60 0.63 0.000 38.027 14:44:05.54
75 -7 -21.4 -23.7 -1.476 -3.321 0.0 0.0 0.0 36.7156677 -4.4912026 0.00 273.47 1.05 36.7156675 -4.4911976 0.00 279.60 0.63 0.000 38.027 14:44:05.65
75 -7 -21.4 -23.7 -0.246 -4.059 0.0 0.0 0.0 36.7156677 -4.4912026 0.00 273.47 1.05 36.7156677 -4.4912000 0.00 273.12 1.06 0.000 38.027 14:44:05.75
75 -7 -21.4 -23.7 -5.166 -10.824 0.0 0.0 0.0 36.7156677 -4.4912038 0.00 273.00 1.01 36.7156677 -4.4912000 0.00 273.12 1.06 0.000 38.027 14:44:05.85
75 -3 -21.4 -23.7 -2.460 -6.027 0.0 0.0 0.0 36.7156677 -4.4912038 0.00 273.00 1.01 36.7156677 -4.4912011 0.00 273.12 0.95 0.000 38.027 14:44:05.95
75 -3 -21.4 -23.7 -2.337 -8.979 0.0 0.0 0.0 36.7156677 -4.4912050 0.00 272.32 1.00 36.7156677 -4.4912011 0.00 273.12 0.95 0.000 38.027 14:44:06.04
75 -3 -21.4 -23.7 -0.984 -5.781 0.0 0.0 0.0 36.7156677 -4.4912050 0.00 272.32 1.00 36.7156677 -4.4912011 0.00 273.12 0.95 0.000 38.027 14:44:06.15
75 -3 -21.4 -23.7 0.861 -6.273 0.0 0.0 0.0 36.7156677 -4.4912062 0.00 271.66 1.01 36.7156677 -4.4912011 0.00 273.12 0.95 0.000 38.027 14:44:06.25
75 -3 -21.4 -23.7 -3.813 -11.316 0.0 0.0 0.0 36.7156677 -4.4912062 0.00 271.66 1.01 36.7156678 -4.4912036 0.00 278.22 1.04 0.000 38.027 14:44:06.35
75 -3 -21.4 -23.7 -2.706 -5.043 0.0 0.0 0.0 36.7156677 -4.4912073 0.00 271.23 0.98 36.7156678 -4.4912036 0.00 278.22 1.04 0.000 38.027 14:44:06.45
75 -6 -21.4 -23.7 -2.460 -10.701 0.0 0.0 0.0 36.7156677 -4.4912073 0.00 271.23 0.98 36.7156677 -4.4912046 0.00 278.22 0.76 0.000 38.027 14:44:06.56
75 -6 -21.4 -23.7 -4.059 -5.535 0.0 0.0 0.0 36.7156677 -4.4912083 0.00 270.86 0.97 36.7156677 -4.4912046 0.00 278.22 0.76 0.000 38.027 14:44:06.65
75 -6 -21.4 -23.7 -2.214 -8.610 0.0 0.0 0.0 36.7156677 -4.4912083 0.00 270.86 0.97 36.7156677 -4.4912046 0.00 278.22 0.76 0.000 38.027 14:44:06.75
75 -6 -21.4 -23.7 -3.936 -11.439 0.0 0.0 0.0 36.7156677 -4.4912094 0.00 270.34 1.05 36.7156677 -4.4912046 0.00 278.22 0.76 0.000 38.027 14:44:06.85
75 -6 -21.4 -23.7 -5.043 -5.166 0.0 0.0 0.0 36.7156677 -4.4912094 0.00 270.34 1.05 36.7156677 -4.4912068 0.00 273.18 0.80 0.000 38.027 14:44:06.95
75 -6 -21.4 -23.7 -2.337 -11.193 0.0 0.0 0.0 36.7156676 -4.4912106 0.00 269.78 1.04 36.7156677 -4.4912068 0.00 273.18 0.80 0.000 38.027 14:44:07.06
75 -3 -21.4 -23.7 -2.706 -7.134 0.0 0.0 0.0 36.7156676 -4.4912106 0.00 269.78 1.04 36.7156676 -4.4912079 0.00 267.61 1.00 0.000 38.027 14:44:07.15
75 -3 -21.4 -23.7 1.353 -8.733 0.0 0.0 0.0 36.7156676 -4.4912117 0.00 269.29 1.03 36.7156676 -4.4912079 0.00 267.61 1.00 0.000 38.027 14:44:07.25
75 1 -21.4 -23.7 -4.059 -10.455 0.0 0.0 0.0 36.7156676 -4.4912117 0.00 269.29 1.03 36.7156676 -4.4912079 0.00 267.61 1.00 0.000 38.027 14:44:07.35
75 1 -21.4 -23.7 -0.615 -3.321 0.0 0.0 0.0 36.7156675 -4.4912129 0.00 268.68 0.96 36.7156676 -4.4912079 0.00 267.61 1.00 0.000 38.027 14:44:07.45
75 1 -21.4 -23.7 -0.984 -7.380 0.0 0.0 0.0 36.7156675 -4.4912129 0.00 268.68 0.96 36.7156676 -4.4912101 0.00 270.19 0.71 0.000 38.027 14:44:07.56
75 1 -21.4 -23.7 -1.968 -2.583 0.0 0.0 0.0 36.7156675 -4.4912140 0.00 268.23 0.92 36.7156676 -4.4912101 0.00 270.19 0.71 0.000 38.027 14:44:07.65
75 -1 -21.4 -23.7 2.460 -3.936 0.0 0.0 0.0 36.7156675 -4.4912140 0.00 268.23 0.92 36.7156676 -4.4912113 0.00 272.72 1.19 0.000 38.027 14:44:07.76
75 -1 -22.6 -23.4 -1.722 -5.535 0.0 0.0 0.0 36.7156675 -4.4912150 0.00 268.20 0.94 36.7156676 -4.4912113 0.00 272.72 1.19 0.000 38.457 14:44:07.85
75 -2 -22.6 -23.4 1.230 -1.230 0.0 0.0 0.0 36.7156675 -4.4912150 0.00 268.20 0.94 36.7156676 -4.4912113 0.00 272.72 1.19 0.000 38.457 14:44:07.95
75 -2 -22.6 -23.4 -0.369 -6.027 0.0 0.0 0.0 36.7156675 -4.4912161 0.00 268.29 0.99 36.7156676 -4.4912113 0.00 272.72 1.19 0.000 38.457 14:44:08.06
75 -2 -22.6 -23.4 1.476 -0.861 0.0 0.0 0.0 36.7156675 -4.4912161 0.00 268.29 0.99 36.7156675 -4.4912136 0.00 272.66 0.84 0.000 38.457 14:44:08.15
75 -2 -22.6 -23.4 3.075 -4.920 0.0 0.0 0.0 36.7156674 -4.4912172 0.00 268.30 0.98 36.7156675 -4.4912136 0.00 272.66 0.84 0.000 38.457 14:44:08.26
75 -2 -22.6 -23.4 0.615 -2.091 0.0 0.0 0.0 36.7156674 -4.4912172 0.00 268.30 0.98 36.7156674 -4.4912147 0.00 268.04 1.03 0.000 38.457 14:44:08.35
75 -2 -22.6 -23.4 4.551 -4.059 0.0 0.0 0.0 36.7156674 -4.4912183 0.00 268.04 0.98 36.7156674 -4.4912147 0.00 268.04 1.03 0.000 38.457 14:44:08.45
75 1 -22.6 -23.4 -1.722 -5.781 0.0 0.0 0.0 36.7156674 -4.4912183 0.00 268.04 0.98 36.7156674 -4.4912147 0.00 268.04 1.03 0.000 38.457 14:44:08.56
75 1 -22.6 -23.4 4.059 -0.369 0.0 0.0 0.0 36.7156674 -4.4912194 0.00 267.82 0.97 36.7156674 -4.4912147 0.00 268.04 1.03 0.000 38.457 14:44:08.65
75 1 -22.6 -23.4 1.722 -4.305 0.0 0.0 0.0 36.7156674 -4.4912194 0.00 267.82 0.97 36.7156675 -4.4912169 0.00 268.04 0.93 0.000 38.457 14:44:08.76
75 1 -22.6 -23.4 1.599 -0.738 0.0 0.0 0.0 36.7156673 -4.4912205 0.00 267.57 0.95 36.7156675 -4.4912169 0.00 268.04 0.93 0.000 38.457 14:44:08.85
75 1 -22.6 -23.4 4.797 -2.583 0.0 0.0 0.0 36.7156673 -4.4912205 0.00 267.57 0.95 36.7156675 -4.4912169 0.00 268.04 0.93 0.000 38.457 14:44:08.96
75 1 -22.6 -23.4 0.000 -4.182 0.0 0.0 0.0 36.7156673 -4.4912216 0.00 267.67 1.01 36.7156675 -4.4912179 0.00 268.04 0.76 0.000 38.457 14:44:09.06
75 1 -22.6 -23.4 3.198 2.091 0.0 0.0 0.0 36.7156673 -4.4912216 0.00 267.67 1.01 36.7156675 -4.4912179 0.00 268.04 0.76 0.000 38.457 14:44:09.15
75 1 -22.6 -23.4 2.214 -3.690 0.0 0.0 0.0 36.7156673 -4.4912228 0.00 267.70 1.03 36.7156675 -4.4912179 0.00 268.04 0.76 0.000 38.457 14:44:09.26
75 1 -22.6 -23.4 4.182 -0.369 0.0 0.0 0.0 36.7156673 -4.4912228 0.00 267.70 1.03 36.7156674 -4.4912202 0.00 268.76 1.09 0.000 38.457 14:44:09.35
75 1 -22.6 -23.4 5.166 -3.936 0.0 0.0 0.0 36.7156673 -4.4912240 0.00 267.88 1.07 36.7156674 -4.4912202 0.00 268.76 1.09 0.000 38.457 14:44:09.46
75 0 -22.6 -23.4 2.460 -3.444 0.0 0.0 0.0 36.7156673 -4.4912240 0.00 267.88 1.07 36.7156674 -4.4912214 0.00 269.94 1.06 0.000 38.457 14:44:09.56
75 0 -22.6 -23.4 3.936 -2.091 0.0 0.0 0.0 36.7156672 -4.4912251 0.00 268.17 1.04 36.7156674 -4.4912214 0.00 269.94 1.06 0.000 38.457 14:44:09.65
75 0 -22.6 -23.4 1.353 -4.797 0.0 0.0 0.0 36.7156672 -4.4912251 0.00 268.17 1.04 36.7156674 -4.4912214 0.00 269.94 1.06 0.000 38.457 14:44:09.76
75 0 -22.6 -23.4 4.674 -0.246 0.0 0.0 0.0 36.7156672 -4.4912263 0.00 268.52 1.02 36.7156674 -4.4912214 0.00 269.94 1.06 0.000 38.457 14:44:09.85
75 0 -22.6 -23.4 3.198 -2.952 0.0 0.0 0.0 36.7156672 -4.4912263 0.00 268.52 1.02 36.7156674 -4.4912237 0.00 270.94 0.83 0.000 38.457 14:44:09.96
75 0 -22.6 -23.4 2.460 -0.246 0.0 0.0 0.0 36.7156672 -4.4912275 0.00 268.65 0.96 36.7156674 -4.4912237 0.00 270.94 0.83 0.000 38.457 14:44:10.06
75 -1 -22.6 -23.4 4.428 0.492 0.0 0.0 0.0 36.7156672 -4.4912275 0.00 268.65 0.96 36.7156673 -4.4912249 0.00 266.93 1.06 0.000 38.457 14:44:10.17
75 -1 -22.6 -23.4 1.107 -4.305 0.0 0.0 0.0 36.7156672 -4.4912286 0.00 268.73 1.00 36.7156673 -4.4912249 0.00 266.93 1.06 0.000 38.457 14:44:10.26
75 2 -22.6 -23.4 3.198 -1.353 0.0 0.0 0.0 36.7156672 -4.4912286 0.00 268.73 1.00 36.7156673 -4.4912249 0.00 266.93 1.06 0.000 38.457 14:44:10.35
75 2 -22.6 -23.4 5.535 -1.476 0.0 0.0 0.0 36.7156672 -4.4912297 0.00 268.79 0.99 36.7156673 -4.4912249 0.00 266.93 1.06 0.000 38.457 14:44:10.46
75 2 -22.6 -23.4 4.674 -0.492 0.0 0.0 0.0 36.7156672 -4.4912297 0.00 268.79 0.99 36.7156673 -4.4912270 0.00 266.93 0.87 0.000 38.457 14:44:10.56
75 2 -22.6 -23.4 4.674 -0.861 0.0 0.0 0.0 36.7156672 -4.4912308 0.00 268.75 1.09 36.7156673 -4.4912270 0.00 266.93 0.87 0.000 38.457 14:44:10.67
75 2 -22.6 -23.4 2.091 -3.936 0.0 0.0 0.0 36.7156672 -4.4912308 0.00 268.75 1.09 36.7156673 -4.4912281 0.00 268.28 1.04 0.000 38.457 14:44:10.76
75 2 -22.6 -23.4 5.412 -1.107 0.0 0.0 0.0 36.7156672 -4.4912319 0.00 268.99 1.05 36.7156673 -4.4912281 0.00 268.28 1.04 0.000 38.457 14:44:10.85
75 1 -22.6 -23.4 1.845 -4.182 0.0 0.0 0.0 36.7156672 -4.4912319 0.00 268.99 1.05 36.7156673 -4.4912281 0.00 268.28 1.04 0.000 38.457 14:44:10.96
75 1 -22.6 -23.4 2.829 -0.123 0.0 0.0 0.0 36.7156672 -4.4912330 0.00 269.25 0.88 36.7156673 -4.4912281 0.00 268.28 1.04 0.000 38.457 14:44:11.06
75 1 -22.6 -23.4 4.551 -2.214 0.0 0.0 0.0 36.7156672 -4.4912330 0.00 269.25 0.88 36.7156672 -4.4912303 0.00 271.54 0.89 0.000 38.457 14:44:11.17
75 1 -22.6 -23.4 1.722 -3.567 0.0 0.0 0.0 36.7156672 -4.4912341 0.00 269.48 0.94 36.7156672 -4.4912303 0.00 271.54 0.89 0.000 38.457 14:44:11.26
75 -1 -22.6 -23.4 2.460 -0.615 0.0 0.0 0.0 36.7156672 -4.4912341 0.00 269.48 0.94 36.7156672 -4.4912315 0.00 275.71 1.15 0.000 38.457 14:44:11.37
75 -1 -22.6 -23.4 -0.246 -4.674 0.0 0.0 0.0 36.7156672 -4.4912352 0.00 269.71 0.94 36.7156672 -4.4912315 0.00 275.71 1.15 0.000 38.457 14:44:11.46
75 -4 -22.6 -23.4 4.182 -0.861 0.0 0.0 0.0 36.7156672 -4.4912352 0.00 269.71 0.94 36.7156672 -4.4912315 0.00 275.71 1.15 0.000 38.457 14:44:11.56
75 -4 -22.6 -23.4 1.845 -4.428 0.0 0.0 0.0 36.7156672 -4.4912363 0.00 270.03 1.10 36.7156672 -4.4912315 0.00 275.71 1.15 0.000 38.457 14:44:11.67
75 -4 -22.6 -23.4 -0.123 -3.321 0.0 0.0 0.0 36.7156672 -4.4912363 0.00 270.03 1.10 36.7156672 -4.4912336 0.00 275.71 0.88 0.000 38.457 14:44:11.76
75 -4 -22.6 -23.4 1.845 -4.797 0.0 0.0 0.0 36.7156671 -4.4912375 0.00 270.22 0.96 36.7156672 -4.4912336 0.00 275.71 0.88 0.000 38.457 14:44:11.87
75 -4 -22.6 -23.4 -0.861 -6.519 0.0 0.0 0.0 36.7156671 -4.4912375 0.00 270.22 0.96 36.7156672 -4.4912349 0.00 272.94 1.12 0.000 38.457 14:44:11.96
75 -4 -22.6 -23.4 1.230 -6.765 0.0 0.0 0.0 36.7156671 -4.4912386 0.00 270.05 1.02 36.7156672 -4.4912349 0.00 272.94 1.12 0.000 38.457 14:44:12.07
75 -2 -22.6 -23.4 -2.337 -6.273 0.0 0.0 0.0 36.7156671 -4.4912386 0.00 270.05 1.02 36.7156672 -4.4912349 0.00 272.94 1.12 0.000 38.457 14:44:12.17
75 -2 -22.6 -23.4 1.107 -5.535 0.0 0.0 0.0 36.7156671 -4.4912397 0.00 269.80 0.91 36.7156672 -4.4912349 0.00 272.94 1.12 0.000 38.457 14:44:12.26
75 -2 -22.6 -23.4 -0.369 -7.011 0.0 0.0 0.0 36.7156671 -4.4912397 0.00 269.80 0.91 36.7156672 -4.4912370 0.00 272.94 0.85 0.000 38.457 14:44:12.37
75 -2 -22.6 -23.4 -1.845 -7.257 0.0 0.0 0.0 36.7156671 -4.4912408 0.00 269.49 0.97 36.7156672 -4.4912370 0.00 272.94 0.85 0.000 38.457 14:44:12.46
75 -2 -22.6 -23.4 -1.476 -4.920 0.0 0.0 0.0 36.7156671 -4.4912408 0.00 269.49 0.97 36.7156671 -4.4912382 0.00 266.82 1.21 0.000 38.457 14:44:12.57
75 -2 -22.6 -23.4 0.000 -5.166 0.0 0.0 0.0 36.7156670 -4.4912420 0.00 269.25 1.01 36.7156671 -4.4912382 0.00 266.82 1.21 0.000 38.457 14:44:12.67
75 2 -22.6 -23.4 -0.369 -3.813 0.0 0.0 0.0 36.7156670 -4.4912420 0.00 269.25 1.01 36.7156671 -4.4912382 0.00 266.82 1.21 0.000 38.457 14:44:12.76
75 2 -23.0 -23.4 4.059 -2.460 0.0 0.0 0.0 36.7156670 -4.4912432 0.00 268.96 1.03 36.7156671 -4.4912382 0.00 266.82 1.21 0.000 38.027 14:44:12.87
75 2 -23.0 -23.4 -0.492 -4.674 0.0 0.0 0.0 36.7156670 -4.4912432 0.00 268.96 1.03 36.7156671 -4.4912382 0.00 266.82 1.21 0.000 38.027 14:44:12.96
75 2 -23.0 -23.4 5.412 -1.476 0.0 0.0 0.0 36.7156669 -4.4912443 0.00 268.77 1.01 36.7156671 -4.4912405 0.00 270.50 0.94 0.000 38.027 14:44:13.07
75 0 -23.0 -23.4 0.861 -4.674 0.0 0.0 0.0 36.7156669 -4.4912443 0.00 268.77 1.01 36.7156671 -4.4912416 0.00 270.50 0.91 0.000 38.027 14:44:13.17
75 0 -23.0 -23.4 1.845 -3.075 0.0 0.0 0.0 36.7156670 -4.4912454 0.00 268.82 0.96 36.7156671 -4.4912416 0.00 270.50 0.91 0.000 38.027 14:44:13.28
75 -1 -23.0 -23.4 2.829 -3.567 0.0 0.0 0.0 36.7156670 -4.4912454 0.00 268.82 0.96 36.7156671 -4.4912416 0.00 270.50 0.91 0.000 38.027 14:44:13.37
75 -1 -23.0 -23.4 1.230 -3.075 0.0 0.0 0.0 36.7156669 -4.4912466 0.00 268.79 0.97 36.7156671 -4.4912416 0.00 270.50 0.91 0.000 38.027 14:44:13.46
75 -1 -23.0 -23.4 2.214 -2.460 0.0 0.0 0.0 36.7156669 -4.4912466 0.00 268.79 0.97 36.7156671 -4.4912416 0.00 270.50 0.91 0.000 38.027 14:44:13.57
75 -1 -23.0 -23.4 0.246 -3.321 0.0 0.0 0.0 36.7156669 -4.4912476 0.00 268.94 0.96 36.7156671 -4.4912438 0.00 272.70 0.72 0.000 38.027 14:44:13.67
75 -2 -23.0 -23.4 0.123 -2.337 0.0 0.0 0.0 36.7156669 -4.4912476 0.00 268.94 0.96 36.7156671 -4.4912438 0.00 272.70 0.72 0.000 38.027 14:44:13.78
75 -2 -23.0 -23.4 0.369 -4.920 0.0 0.0 0.0 36.7156669 -4.4912487 0.00 269.03 1.03 36.7156671 -4.4912449 0.00 270.89 1.00 0.000 38.027 14:44:13.87
75 -2 -23.0 -23.4 -1.353 -6.642 0.0 0.0 0.0 36.7156669 -4.4912487 0.00 269.03 1.03 36.7156671 -4.4912449 0.00 270.89 1.00 0.000 38.027 14:44:13.96
75 -2 -23.0 -23.4 2.829 -4.920 0.0 0.0 0.0 36.7156669 -4.4912498 0.00 268.94 0.99 36.7156671 -4.4912449 0.00 270.89 1.00 0.000 38.027 14:44:14.07
75 -1 -23.0 -23.4 -0.615 -5.658 0.0 0.0 0.0 36.7156669 -4.4912498 0.00 268.94 0.99 36.7156670 -4.4912471 0.00 272.73 0.93 0.000 38.027 14:44:14.17
75 -1 -23.0 -23.4 0.861 -4.797 0.0 0.0 0.0 36.7156668 -4.4912509 0.00 268.79 1.02 36.7156670 -4.4912471 0.00 272.73 0.93 0.000 38.027 14:44:14.28
75 -2 -23.0 -23.4 -0.492 -4.920 0.0 0.0 0.0 36.7156668 -4.4912509 0.00 268.79 1.02 36.7156669 -4.4912483 0.00 269.47 1.10 0.000 38.027 14:44:14.37
75 -2 -23.0 -23.4 -0.738 -5.043 0.0 0.0 0.0 36.7156668 -4.4912521 0.00 268.52 0.99 36.7156669 -4.4912483 0.00 269.47 1.10 0.000 38.027 14:44:14.46
75 0 -23.0 -23.4 2.829 -3.690 0.0 0.0 0.0 36.7156668 -4.4912521 0.00 268.52 0.99 36.7156669 -4.4912483 0.00 269.47 1.10 0.000 38.027 14:44:14.57
75 0 -23.0 -23.4 -0.861 -5.043 0.0 0.0 0.0 36.7156668 -4.4912532 0.00 268.34 1.01 36.7156669 -4.4912483 0.00 269.47 1.10 0.000 38.027 14:44:14.67
75 0 -23.0 -23.4 3.444 -3.321 0.0 0.0 0.0 36.7156668 -4.4912532 0.00 268.34 1.01 36.7156669 -4.4912483 0.00 269.47 1.10 0.000 38.027 14:44:14.78
75 0 -23.0 -23.4 -0.615 -4.182 0.0 0.0 0.0 36.7156667 -4.4912543 0.00 268.19 0.97 36.7156669 -4.4912505 0.00 263.60 0.99 0.000 38.027 14:44:14.87
75 4 -23.0 -23.4 1.722 -3.321 0.0 0.0 0.0 36.7156667 -4.4912543 0.00 268.19 0.97 36.7156669 -4.4912505 0.00 263.60 0.99 0.000 38.027 14:44:14.98
75 4 -23.0 -23.4 4.305 -2.952 0.0 0.0 0.0 36.7156667 -4.4912554 0.00 268.19 0.98 36.7156669 -4.4912516 0.00 285.77 1.00 0.000 38.027 14:44:15.07
75 -10 -23.0 -23.4 0.984 -1.476 0.0 0.0 0.0 36.7156667 -4.4912554 0.00 268.19 0.98 36.7156669 -4.4912516 0.00 285.77 1.00 0.000 38.027 14:44:15.17
75 -10 -23.0 -23.4 -0.246 -8.241 0.0 0.0 0.0 36.7156667 -4.4912565 0.00 268.30 0.99 36.7156669 -4.4912516 0.00 285.77 1.00 0.000 38.027 14:44:15.28
75 -10 -23.0 -23.4 0.246 -4.674 0.0 0.0 0.0 36.7156667 -4.4912565 0.00 268.30 0.99 36.7156669 -4.4912516 0.00 285.77 1.00 0.000 38.027 14:44:15.37
75 -10 -23.0 -23.4 2.214 -6.765 0.0 0.0 0.0 36.7156666 -4.4912576 0.00 268.53 1.07 36.7156668 -4.4912538 0.00 269.53 1.19 0.000 38.027 14:44:15.48
75 1 -23.0 -23.4 -4.551 -10.455 0.0 0.0 0.0 36.7156666 -4.4912576 0.00 268.53 1.07 36.7156668 -4.4912538 0.00 269.53 1.19 0.000 38.027 14:44:15.57
75 1 -23.0 -23.4 1.107 -4.428 0.0 0.0 0.0 36.7156666 -4.4912588 0.00 268.12 1.03 36.7156668 -4.4912550 0.00 269.53 0.96 0.000 38.027 14:44:15.67
75 0 -23.0 -23.4 0.984 -4.674 0.0 0.0 0.0 36.7156666 -4.4912588 0.00 268.12 1.03 36.7156668 -4.4912550 0.00 269.53 0.96 0.000 38.027 14:44:15.78
75 0 -23.0 -23.4 -3.321 -8.364 0.0 0.0 0.0 36.7156665 -4.4912599 0.00 267.18 1.02 36.7156668 -4.4912550 0.00 269.53 0.96 0.000 38.027 14:44:15.87
75 0 -23.0 -23.4 1.599 -3.567 0.0 0.0 0.0 36.7156665 -4.4912599 0.00 267.18 1.02 36.7156668 -4.4912550 0.00 269.53 0.96 0.000 38.027 14:44:15.98
75 0 -23.0 -23.4 1.476 -3.321 0.0 0.0 0.0 36.7156665 -4.4912610 0.00 267.02 1.00 36.7156667 -4.4912572 0.00 273.71 1.12 0.000 38.027 14:44:16.07
75 -8 -23.0 -23.4 0.000 -4.059 0.0 0.0 0.0 36.7156665 -4.4912610 0.00 267.02 1.00 36.7156667 -4.4912583 0.00 282.65 1.06 0.000 38.027 14:44:16.18
75 -8 -23.0 -23.4 0.369 -3.567 0.0 0.0 0.0 36.7156665 -4.4912621 0.00 266.97 0.93 36.7156667 -4.4912583 0.00 282.65 1.06 0.000 38.027 14:44:16.28
75 -8 -23.0 -23.4 -2.583 -7.626 0.0 0.0 0.0 36.7156665 -4.4912621 0.00 266.97 0.93 36.7156667 -4.4912583 0.00 282.65 1.06 0.000 38.027 14:44:16.37
75 -8 -23.0 -23.4 -0.861 -5.043 0.0 0.0 0.0 36.7156664 -4.4912632 0.00 267.05 1.00 36.7156667 -4.4912583 0.00 282.65 1.06 0.000 38.027 14:44:16.48
75 -8 -23.0 -23.4 -4.674 -7.257 0.0 0.0 0.0 36.7156664 -4.4912632 0.00 267.05 1.00 36.7156667 -4.4912583 0.00 282.65 1.06 0.000 38.027 14:44:16.57
75 -8 -23.0 -23.4 -2.829 -7.626 0.0 0.0 0.0 36.7156663 -4.4912643 0.00 266.47 0.97 36.7156666 -4.4912606 0.00 263.73 0.85 0.000 38.027 14:44:16.68
75 5 -23.0 -23.4 -2.214 -8.487 0.0 0.0 0.0 36.7156663 -4.4912643 0.00 266.47 0.97 36.7156666 -4.4912606 0.00 263.73 0.85 0.000 38.027 14:44:16.78
75 5 -23.0 -23.4 0.738 -4.674 0.0 0.0 0.0 36.7156662 -4.4912654 0.00 265.66 1.02 36.7156666 -4.4912617 0.00 283.29 1.03 0.000 38.027 14:44:16.89
75 -8 -23.0 -23.4 0.738 -4.674 0.0 0.0 0.0 36.7156662 -4.4912654 0.00 265.66 1.02 36.7156666 -4.4912617 0.00 283.29 1.03 0.000 38.027 14:44:16.98
75 -8 -23.0 -23.4 -6.150 -10.701 0.0 0.0 0.0 36.7156662 -4.4912665 0.00 265.02 1.00 36.7156666 -4.4912617 0.00 283.29 1.03 0.000 38.027 14:44:17.07
75 -8 -23.0 -23.4 -2.337 -6.642 0.0 0.0 0.0 36.7156662 -4.4912665 0.00 265.02 1.00 36.7156663 -4.4912638 0.00 283.29 0.95 0.000 38.027 14:44:17.18
75 -8 -23.0 -23.4 1.107 -5.904 0.0 0.0 0.0 36.7156661 -4.4912676 0.00 265.26 0.96 36.7156663 -4.4912638 0.00 283.29 0.95 0.000 38.027 14:44:17.28
75 4 -23.0 -23.4 -2.337 -11.070 0.0 0.0 0.0 36.7156661 -4.4912676 0.00 265.26 0.96 36.7156663 -4.4912651 0.00 265.69 1.22 0.000 38.027 14:44:17.39
75 4 -23.0 -23.4 -0.123 -4.059 0.0 0.0 0.0 36.7156660 -4.4912687 0.00 264.93 0.94 36.7156663 -4.4912651 0.00 265.69 1.22 0.000 38.027 14:44:17.48
75 4 -23.0 -23.4 0.000 -7.011 0.0 0.0 0.0 36.7156660 -4.4912687 0.00 264.93 0.94 36.7156663 -4.4912651 0.00 265.69 1.22 0.000 38.027 14:44:17.59
75 4 -23.0 -23.4 -0.123 -1.968 0.0 0.0 0.0 36.7156658 -4.4912698 0.00 264.23 0.95 36.7156663 -4.4912651 0.00 265.69 1.22 0.000 38.027 14:44:17.68
75 4 -23.0 -23.4 5.658 -0.861 0.0 0.0 0.0 36.7156658 -4.4912698 0.00 264.23 0.95 36.7156663 -4.4912651 0.00 265.69 1.22 0.000 38.027 14:44:17.78
75 4 -21.8 -24.1 0.738 -3.567 0.0 0.0 0.0 36.7156658 -4.4912709 0.00 264.19 1.02 36.7156663 -4.4912651 0.00 265.69 1.22 0.000 38.242 14:44:17.89
75 4 -21.8 -24.1 6.027 -0.492 0.0 0.0 0.0 36.7156658 -4.4912709 0.00 264.19 1.02 36.7156663 -4.4912651 0.00 265.69 1.22 0.000 38.242 14:44:17.98
75 4 -21.8 -24.1 3.198 -4.674 0.0 0.0 0.0 36.7156657 -4.4912721 0.00 264.57 1.03 36.7156660 -4.4912684 0.00 266.13 1.12 0.000 38.242 14:44:18.09
75 4 -21.8 -24.1 4.797 -0.246 0.0 0.0 0.0 36.7156657 -4.4912721 0.00 264.57 1.03 36.7156660 -4.4912684 0.00 266.13 1.12 0.000 38.242 14:44:18.18
75 4 -21.8 -24.1 6.027 -0.492 0.0 0.0 0.0 36.7156656 -4.4912732 0.00 264.71 1.04 36.7156660 -4.4912684 0.00 266.13 1.12 0.000 38.242 14:44:18.29
75 4 -21.8 -24.1 4.428 -0.738 0.0 0.0 0.0 36.7156656 -4.4912732 0.00 264.71 1.04 36.7156660 -4.4912684 0.00 266.13 1.12 0.000 38.242 14:44:18.39
75 4 -21.8 -24.1 7.011 1.599 0.0 0.0 0.0 36.7156656 -4.4912743 0.00 265.14 0.97 36.7156660 -4.4912684 0.00 266.13 1.12 0.000 38.242 14:44:18.48
75 4 -21.8 -24.1 4.551 -2.214 0.0 0.0 0.0 36.7156656 -4.4912743 0.00 265.14 0.97 36.7156660 -4.4912684 0.00 266.13 1.12 0.000 38.242 14:44:18.59
75 4 -21.8 -24.1 6.396 2.337 0.0 0.0 0.0 36.7156655 -4.4912755 0.00 265.60 1.03 36.7156660 -4.4912684 0.00 266.13 1.12 0.000 38.242 14:44:18.68
75 4 -21.8 -24.1 6.396 0.984 0.0 0.0 0.0 36.7156655 -4.4912767 0.00 266.07 1.02 36.7156657 -4.4912718 0.00 260.29 1.18 0.000 38.242 14:44:18.79
75 4 -21.8 -24.1 3.075 1.599 0.0 0.0 0.0 36.7156655 -4.4912767 0.00 266.07 1.02 36.7156657 -4.4912718 0.00 260.29 1.18 0.000 38.242 14:44:18.89
75 4 -21.8 -24.1 9.102 2.091 0.0 0.0 0.0 36.7156655 -4.4912779 0.00 266.66 1.04 36.7156657 -4.4912739 0.00 268.30 1.02 0.000 38.242 14:44:19.00
75 4 -21.8 -24.1 6.519 1.107 0.0 0.0 0.0 36.7156655 -4.4912779 0.00 266.66 1.04 36.7156657 -4.4912739 0.00 268.30 1.02 0.000 38.242 14:44:19.09
75 2 -21.8 -24.1 7.011 2.091 0.0 0.0 0.0 36.7156654 -4.4912791 0.00 267.21 1.01 36.7156656 -4.4912752 0.00 271.10 1.20 0.000 38.242 14:44:19.18
75 2 -21.8 -24.1 6.027 -2.460 0.0 0.0 0.0 36.7156654 -4.4912791 0.00 267.21 1.01 36.7156656 -4.4912752 0.00 271.10 1.20 0.000 38.242 14:44:19.29
75 2 -21.8 -24.1 5.781 3.198 0.0 0.0 0.0 36.7156654 -4.4912802 0.00 267.76 0.92 36.7156656 -4.4912752 0.00 271.10 1.20 0.000 38.242 14:44:19.39
75 2 -21.8 -24.1 8.733 0.492 0.0 0.0 0.0 36.7156654 -4.4912802 0.00 267.76 0.92 36.7156656 -4.4912752 0.00 271.10 1.20 0.000 38.242 14:44:19.50
75 2 -21.8 -24.1 2.460 -2.214 0.0 0.0 0.0 36.7156654 -4.4912814 0.00 268.22 0.99 36.7156656 -4.4912752 0.00 271.10 1.20 0.000 38.242 14:44:19.59
75 2 -21.8 -24.1 3.690 0.123 0.0 0.0 0.0 36.7156654 -4.4912814 0.00 268.22 0.99 36.7156656 -4.4912752 0.00 271.10 1.20 0.000 38.242 14:44:19.70
75 2 -21.8 -24.1 4.428 -2.214 0.0 0.0 0.0 36.7156654 -4.4912824 0.00 268.64 0.99 36.7156655 -4.4912785 0.00 270.81 0.76 0.000 38.242 14:44:19.79
75 2 -21.8 -24.1 3.444 1.599 0.0 0.0 0.0 36.7156654 -4.4912824 0.00 268.64 0.99 36.7156655 -4.4912785 0.00 270.81 0.76 0.000 38.242 14:44:19.89
75 3 -21.8 -24.1 4.551 -0.246 0.0 0.0 0.0 36.7156654 -4.4912835 0.00 269.00 0.97 36.7156655 -4.4912785 0.00 270.81 0.76 0.000 38.242 14:44:20.00
75 3 -21.8 -24.1 3.075 0.246 0.0 0.0 0.0 36.7156654 -4.4912835 0.00 269.00 0.97 36.7156655 -4.4912785 0.00 270.81 0.76 0.000 38.242 14:44:20.09
75 3 -21.8 -24.1 6.519 0.615 0.0 0.0 0.0 36.7156654 -4.4912845 0.00 269.39 0.89 36.7156655 -4.4912785 0.00 270.81 0.76 0.000 38.242 14:44:20.20
75 3 -21.8 -24.1 5.904 -1.107 0.0 0.0 0.0 36.7156654 -4.4912845 0.00 269.39 0.89 36.7156655 -4.4912785 0.00 270.81 0.76 0.000 38.242 14:44:20.29
75 3 -21.8 -24.1 8.241 1.230 0.0 0.0 0.0 36.7156654 -4.4912856 0.00 269.82 0.99 36.7156654 -4.4912818 0.00 282.90 0.58 0.000 38.242 14:44:20.40
75 3 -21.8 -24.1 5.166 -1.845 0.0 0.0 0.0 36.7156654 -4.4912856 0.00 269.82 0.99 36.7156654 -4.4912818 0.00 282.90 0.58 0.000 38.242 14:44:20.50
75 -3 -21.8 -24.1 4.920 1.722 0.0 0.0 0.0 36.7156655 -4.4912867 0.00 270.32 0.93 36.7156654 -4.4912818 0.00 282.90 0.58 0.000 38.242 14:44:20.59
75 -3 -21.8 -24.1 8.364 -1.476 0.0 0.0 0.0 36.7156655 -4.4912867 0.00 270.32 0.93 36.7156654 -4.4912818 0.00 282.90 0.58 0.000 38.242 14:44:20.70
75 -3 -21.8 -24.1 4.428 -1.722 0.0 0.0 0.0 36.7156655 -4.4912878 0.00 270.78 1.02 36.7156654 -4.4912818 0.00 282.90 0.58 0.000 38.242 14:44:20.79
75 -3 -21.8 -24.1 5.412 -0.984 0.0 0.0 0.0 36.7156655 -4.4912878 0.00 270.78 1.02 36.7156654 -4.4912818 0.00 282.90 0.58 0.000 38.242 14:44:20.90
75 -3 -21.8 -24.1 1.476 -4.428 0.0 0.0 0.0 36.7156655 -4.4912890 0.00 270.83 1.10 36.7156654 -4.4912818 0.00 282.90 0.58 0.000 38.242 14:44:21.00
75 -3 -21.8 -24.1 0.861 -3.936 0.0 0.0 0.0 36.7156655 -4.4912890 0.00 270.83 1.10 36.7156656 -4.4912850 0.00 324.39 0.60 0.000 38.242 14:44:21.09
75 -3 -21.8 -24.1 2.829 -3.690 0.0 0.0 0.0 36.7156655 -4.4912902 0.00 270.72 1.10 36.7156656 -4.4912850 0.00 324.39 0.60 0.000 38.242 14:44:21.20
75 -3 -21.8 -24.1 -0.369 -5.166 0.0 0.0 0.0 36.7156655 -4.4912902 0.00 270.72 1.10 36.7156656 -4.4912850 0.00 324.39 0.60 0.000 38.242 14:44:21.29
0 0 -21.8 -24.1 2.952 -3.936 0.0 0.0 0.0 36.7156655 -4.4912913 0.00 270.49 0.97 36.7156656 -4.4912875 0.00 274.73 1.09 0.000 38.242 14:44:21.40
0 0 -21.8 -24.1 -50.922 36.162 0.0 0.0 0.0 36.7156655 -4.4912913 0.00 270.49 0.97 36.7156656 -4.4912875 0.00 274.73 1.09 0.000 38.242 14:44:21.50
0 0 -21.8 -24.1 -2.829 2.214 0.0 0.0 0.0 36.7156655 -4.4912922 0.00 270.21 0.33 36.7156656 -4.4912885 0.00 274.73 0.54 0.000 38.242 14:44:21.60
0 0 -21.8 -24.1 3.321 -1.476 0.0 0.0 0.0 36.7156655 -4.4912922 0.00 270.21 0.33 36.7156656 -4.4912885 0.00 274.73 0.54 0.000 38.242 14:44:21.70
0 0 -21.8 -24.1 1.476 -1.722 0.0 0.0 0.0 36.7156654 -4.4912918 0.00 269.21 0.72 36.7156656 -4.4912885 0.00 274.73 0.54 0.000 38.242 14:44:21.79
