75 -2 -24.5 -21.8 0.369 -4.920 0.0 0.0 0.0 36.7156700 -4.4910317 0.00 268.96 0.93 36.7156702 -4.4910269 0.00 271.52 0.94 0.000 38.672 14:56:07.76
75 -2 -24.5 -21.8 -1.353 -8.241 0.0 0.0 0.0 36.7156700 -4.4910317 0.00 268.96 0.93 36.7156702 -4.4910269 0.00 271.52 0.94 0.000 38.672 14:56:07.85
75 -2 -24.5 -21.8 -0.738 -3.321 0.0 0.0 0.0 36.7156700 -4.4910328 0.00 268.52 0.94 36.7156702 -4.4910269 0.00 271.52 0.94 0.000 38.672 14:56:07.96
75 -2 -24.5 -21.8 -1.599 -8.364 0.0 0.0 0.0 36.7156700 -4.4910328 0.00 268.52 0.94 36.7156702 -4.4910269 0.00 271.52 0.94 0.000 38.672 14:56:08.06
75 -2 -24.5 -21.8 -1.599 -6.150 0.0 0.0 0.0 36.7156700 -4.4910339 0.00 268.23 0.95 36.7156702 -4.4910269 0.00 271.52 0.94 0.000 38.672 14:56:08.15
75 -2 -24.5 -21.8 0.738 -5.535 0.0 0.0 0.0 36.7156700 -4.4910339 0.00 268.23 0.95 36.7156702 -4.4910302 0.00 267.70 0.98 0.000 38.672 14:56:08.26
75 2 -24.5 -21.8 -1.599 -6.519 0.0 0.0 0.0 36.7156700 -4.4910339 0.00 268.23 0.95 36.7156702 -4.4910302 0.00 267.70 0.98 0.000 38.672 14:56:08.35
75 2 -24.5 -21.8 1.599 -0.984 0.0 0.0 0.0 36.7156699 -4.4910351 0.00 267.95 0.95 36.7156702 -4.4910302 0.00 267.70 0.98 0.000 38.672 14:56:08.46
75 2 -24.5 -21.8 1.353 -7.257 0.0 0.0 0.0 36.7156699 -4.4910351 0.00 267.95 0.95 36.7156702 -4.4910302 0.00 267.70 0.98 0.000 38.672 14:56:08.56
75 2 -24.5 -21.8 0.246 -2.583 0.0 0.0 0.0 36.7156699 -4.4910361 0.00 267.72 0.96 36.7156702 -4.4910302 0.00 267.70 0.98 0.000 38.672 14:56:08.65
75 2 -24.5 -21.8 2.829 -2.829 0.0 0.0 0.0 36.7156698 -4.4910373 0.00 267.73 0.94 36.7156702 -4.4910302 0.00 267.70 0.98 0.000 38.672 14:56:08.76
75 2 -24.5 -21.8 2.583 -2.214 0.0 0.0 0.0 36.7156698 -4.4910373 0.00 267.73 0.94 36.7156701 -4.4910336 0.00 270.22 1.05 0.000 38.672 14:56:08.85
75 0 -24.5 -21.8 3.567 -0.861 0.0 0.0 0.0 36.7156698 -4.4910384 0.00 267.92 0.93 36.7156701 -4.4910336 0.00 270.22 1.05 0.000 38.672 14:56:08.96
75 0 -24.5 -21.8 0.738 -5.904 0.0 0.0 0.0 36.7156698 -4.4910384 0.00 267.92 0.93 36.7156701 -4.4910336 0.00 270.22 1.05 0.000 38.672 14:56:09.06
75 0 -24.5 -21.8 2.829 -0.738 0.0 0.0 0.0 36.7156698 -4.4910395 0.00 267.93 0.94 36.7156701 -4.4910336 0.00 270.22 1.05 0.000 38.672 14:56:09.17
75 0 -24.5 -21.8 1.476 -4.428 0.0 0.0 0.0 36.7156698 -4.4910395 0.00 267.93 0.94 36.7156701 -4.4910336 0.00 270.22 1.05 0.000 38.672 14:56:09.26
75 0 -24.5 -21.8 1.968 -0.984 0.0 0.0 0.0 36.7156698 -4.4910395 0.00 267.93 0.94 36.7156701 -4.4910336 0.00 270.22 1.05 0.000 38.672 14:56:09.35
75 0 -24.5 -21.8 3.567 -2.583 0.0 0.0 0.0 36.7156697 -4.4910406 0.00 268.01 0.97 36.7156699 -4.4910369 0.00 265.58 1.15 0.000 38.672 14:56:09.46
75 4 -24.5 -21.8 2.214 -3.444 0.0 0.0 0.0 36.7156697 -4.4910406 0.00 268.01 0.97 36.7156699 -4.4910369 0.00 265.58 1.15 0.000 38.672 14:56:09.56
75 4 -24.5 -21.8 6.519 2.583 0.0 0.0 0.0 36.7156697 -4.4910417 0.00 268.08 1.07 36.7156699 -4.4910369 0.00 265.58 1.15 0.000 38.672 14:56:09.67
75 4 -24.5 -21.8 1.230 -3.198 0.0 0.0 0.0 36.7156697 -4.4910417 0.00 268.08 1.07 36.7156699 -4.4910369 0.00 265.58 1.15 0.000 38.672 14:56:09.76
75 4 -24.5 -21.8 7.134 2.091 0.0 0.0 0.0 36.7156696 -4.4910428 0.00 268.10 0.96 36.7156699 -4.4910369 0.00 265.58 1.15 0.000 38.672 14:56:09.87
75 4 -24.5 -21.8 4.797 -1.599 0.0 0.0 0.0 36.7156696 -4.4910440 0.00 268.30 1.02 36.7156699 -4.4910369 0.00 265.58 1.15 0.000 38.672 14:56:09.96
75 4 -24.5 -21.8 7.626 1.353 0.0 0.0 0.0 36.7156696 -4.4910440 0.00 268.30 1.02 36.7156699 -4.4910402 0.00 268.94 0.99 0.000 38.672 14:56:10.06
75 4 -24.5 -21.8 7.380 2.337 0.0 0.0 0.0 36.7156696 -4.4910451 0.00 268.78 0.98 36.7156699 -4.4910402 0.00 268.94 0.99 0.000 38.672 14:56:10.17
75 4 -24.5 -21.8 4.551 0.492 0.0 0.0 0.0 36.7156696 -4.4910451 0.00 268.78 0.98 36.7156699 -4.4910402 0.00 268.94 0.99 0.000 38.672 14:56:10.26
75 1 -24.5 -21.8 8.979 2.337 0.0 0.0 0.0 36.7156696 -4.4910451 0.00 268.78 0.98 36.7156699 -4.4910402 0.00 268.94 0.99 0.000 38.672 14:56:10.37
75 1 -24.5 -21.8 3.444 -2.583 0.0 0.0 0.0 36.7156696 -4.4910463 0.00 269.34 1.00 36.7156699 -4.4910402 0.00 268.94 0.99 0.000 38.672 14:56:10.46
75 1 -24.5 -21.8 6.027 2.583 0.0 0.0 0.0 36.7156696 -4.4910463 0.00 269.34 1.00 36.7156699 -4.4910402 0.00 268.94 0.99 0.000 38.672 14:56:10.56
75 1 -24.5 -21.8 7.134 0.000 0.0 0.0 0.0 36.7156697 -4.4910474 0.00 269.84 0.96 36.7156698 -4.4910437 0.00 269.97 1.10 0.000 38.672 14:56:10.67
75 0 -24.5 -21.8 2.214 -1.230 0.0 0.0 0.0 36.7156697 -4.4910474 0.00 269.84 0.96 36.7156698 -4.4910437 0.00 269.97 1.10 0.000 38.672 14:56:10.76
75 0 -24.5 -21.8 4.059 -1.476 0.0 0.0 0.0 36.7156697 -4.4910486 0.00 270.27 0.94 36.7156698 -4.4910437 0.00 269.97 1.10 0.000 38.672 14:56:10.87
75 0 -24.5 -21.8 2.091 -3.690 0.0 0.0 0.0 36.7156697 -4.4910497 0.00 270.63 0.92 36.7156698 -4.4910437 0.00 269.97 1.10 0.000 38.672 14:56:10.96
75 0 -24.5 -21.8 3.567 -0.615 0.0 0.0 0.0 36.7156697 -4.4910497 0.00 270.63 0.92 36.7156698 -4.4910437 0.00 269.97 1.10 0.000 38.672 14:56:11.07
75 0 -24.5 -21.8 3.813 -2.706 0.0 0.0 0.0 36.7156697 -4.4910497 0.00 270.63 0.92 36.7156698 -4.4910437 0.00 269.97 1.10 0.000 38.672 14:56:11.17
75 0 -24.5 -21.8 2.583 -0.492 0.0 0.0 0.0 36.7156697 -4.4910508 0.00 270.88 0.97 36.7156698 -4.4910472 0.00 270.20 1.19 0.000 38.672 14:56:11.26
75 0 -24.5 -21.8 4.182 -1.353 0.0 0.0 0.0 36.7156697 -4.4910508 0.00 270.88 0.97 36.7156698 -4.4910472 0.00 270.20 1.19 0.000 38.672 14:56:11.37
75 0 -24.5 -21.8 1.968 0.246 0.0 0.0 0.0 36.7156698 -4.4910519 0.00 270.94 1.04 36.7156698 -4.4910472 0.00 270.20 1.19 0.000 38.672 14:56:11.46
75 0 -24.5 -21.8 4.920 -1.230 0.0 0.0 0.0 36.7156698 -4.4910519 0.00 270.94 1.04 36.7156698 -4.4910472 0.00 270.20 1.19 0.000 38.672 14:56:11.57
75 0 -24.5 -21.8 1.845 -3.936 0.0 0.0 0.0 36.7156698 -4.4910530 0.00 271.06 1.00 36.7156698 -4.4910472 0.00 270.20 1.19 0.000 38.672 14:56:11.67
75 0 -23.7 -22.6 3.567 0.246 0.0 0.0 0.0 36.7156698 -4.4910530 0.00 271.06 1.00 36.7156698 -4.4910472 0.00 270.20 1.19 0.000 38.027 14:56:11.76
75 0 -23.7 -22.6 3.444 -0.861 0.0 0.0 0.0 36.7156698 -4.4910541 0.00 271.06 0.98 36.7156698 -4.4910504 0.00 270.20 0.92 0.000 38.027 14:56:11.87
75 0 -23.7 -22.6 2.091 0.369 0.0 0.0 0.0 36.7156698 -4.4910541 0.00 271.06 0.98 36.7156698 -4.4910504 0.00 270.20 0.92 0.000 38.027 14:56:11.96
75 0 -23.7 -22.6 7.749 -2.460 0.0 0.0 0.0 36.7156698 -4.4910552 0.00 271.04 0.87 36.7156698 -4.4910504 0.00 270.20 0.92 0.000 38.027 14:56:12.07
75 0 -23.7 -22.6 1.353 -2.460 0.0 0.0 0.0 36.7156699 -4.4910563 0.00 271.10 0.96 36.7156698 -4.4910504 0.00 270.20 0.92 0.000 38.027 14:56:12.17
75 0 -23.7 -22.6 4.428 -0.984 0.0 0.0 0.0 36.7156699 -4.4910563 0.00 271.10 0.96 36.7156698 -4.4910504 0.00 270.20 0.92 0.000 38.027 14:56:12.26
75 0 -23.7 -22.6 -0.492 -5.166 0.0 0.0 0.0 36.7156699 -4.4910563 0.00 271.10 0.96 36.7156698 -4.4910504 0.00 270.20 0.92 0.000 38.027 14:56:12.37
75 0 -23.7 -22.6 3.936 -1.230 0.0 0.0 0.0 36.7156699 -4.4910574 0.00 271.19 0.93 36.7156699 -4.4910538 0.00 272.88 1.06 0.000 38.027 14:56:12.46
75 -2 -23.7 -22.6 2.091 -6.273 0.0 0.0 0.0 36.7156699 -4.4910574 0.00 271.19 0.93 36.7156699 -4.4910538 0.00 272.88 1.06 0.000 38.027 14:56:12.57
75 -2 -23.7 -22.6 1.599 0.000 0.0 0.0 0.0 36.7156699 -4.4910585 0.00 271.51 1.00 36.7156699 -4.4910538 0.00 272.88 1.06 0.000 38.027 14:56:12.67
75 -2 -23.7 -22.6 3.813 -3.075 0.0 0.0 0.0 36.7156699 -4.4910585 0.00 271.51 1.00 36.7156699 -4.4910538 0.00 272.88 1.06 0.000 38.027 14:56:12.78
75 -2 -23.7 -22.6 -0.492 -6.519 0.0 0.0 0.0 36.7156699 -4.4910596 0.00 271.71 1.00 36.7156699 -4.4910538 0.00 272.88 1.06 0.000 38.027 14:56:12.87
75 -2 -23.7 -22.6 1.230 -1.845 0.0 0.0 0.0 36.7156699 -4.4910596 0.00 271.71 1.00 36.7156699 -4.4910538 0.00 272.88 1.06 0.000 38.027 14:56:12.96
75 -2 -23.7 -22.6 1.968 -6.888 0.0 0.0 0.0 36.7156699 -4.4910608 0.00 271.73 0.96 36.7156699 -4.4910571 0.00 270.59 0.93 0.000 38.027 14:56:13.07
75 0 -23.7 -22.6 0.246 -1.230 0.0 0.0 0.0 36.7156699 -4.4910619 0.00 271.59 0.94 36.7156699 -4.4910571 0.00 270.59 0.93 0.000 38.027 14:56:13.17
75 0 -23.7 -22.6 0.738 -2.583 0.0 0.0 0.0 36.7156699 -4.4910619 0.00 271.59 0.94 36.7156699 -4.4910571 0.00 270.59 0.93 0.000 38.027 14:56:13.28
75 0 -23.7 -22.6 1.845 -5.658 0.0 0.0 0.0 36.7156699 -4.4910631 0.00 271.46 0.96 36.7156699 -4.4910571 0.00 270.59 0.93 0.000 38.027 14:56:13.37
75 0 -23.7 -22.6 0.615 -1.722 0.0 0.0 0.0 36.7156699 -4.4910631 0.00 271.46 0.96 36.7156699 -4.4910571 0.00 270.59 0.93 0.000 38.027 14:56:13.46
75 0 -23.7 -22.6 3.936 -2.583 0.0 0.0 0.0 36.7156699 -4.4910631 0.00 271.46 0.96 36.7156699 -4.4910571 0.00 270.59 0.93 0.000 38.027 14:56:13.57
75 0 -23.7 -22.6 1.599 -3.444 0.0 0.0 0.0 36.7156700 -4.4910642 0.00 271.41 0.93 36.7156700 -4.4910606 0.00 275.42 1.10 0.000 38.027 14:56:13.67
75 -5 -23.7 -22.6 0.615 -3.198 0.0 0.0 0.0 36.7156700 -4.4910653 0.00 271.47 0.94 36.7156700 -4.4910606 0.00 275.42 1.10 0.000 38.027 14:56:13.78
75 -5 -23.7 -22.6 1.722 -4.182 0.0 0.0 0.0 36.7156700 -4.4910653 0.00 271.47 0.94 36.7156700 -4.4910606 0.00 275.42 1.10 0.000 38.027 14:56:13.87
75 -5 -23.7 -22.6 0.000 -5.904 0.0 0.0 0.0 36.7156700 -4.4910664 0.00 271.49 0.96 36.7156700 -4.4910606 0.00 275.42 1.10 0.000 38.027 14:56:13.98
75 -5 -23.7 -22.6 0.615 -5.043 0.0 0.0 0.0 36.7156700 -4.4910664 0.00 271.49 0.96 36.7156700 -4.4910606 0.00 275.42 1.10 0.000 38.027 14:56:14.07
75 -5 -23.7 -22.6 -1.476 -8.364 0.0 0.0 0.0 36.7156700 -4.4910675 0.00 271.24 0.96 36.7156700 -4.4910606 0.00 275.42 1.10 0.000 38.027 14:56:14.17
75 -5 -23.7 -22.6 -0.738 -6.150 0.0 0.0 0.0 36.7156700 -4.4910675 0.00 271.24 0.96 36.7156701 -4.4910639 0.00 269.79 1.05 0.000 38.027 14:56:14.28
75 -5 -23.7 -22.6 -1.107 -6.396 0.0 0.0 0.0 36.7156700 -4.4910675 0.00 271.24 0.96 36.7156701 -4.4910639 0.00 269.79 1.05 0.000 38.027 14:56:14.37
75 -5 -23.7 -22.6 -2.460 -6.765 0.0 0.0 0.0 36.7156699 -4.4910686 0.00 270.67 0.98 36.7156701 -4.4910639 0.00 269.79 1.05 0.000 38.027 14:56:14.48
75 -1 -23.7 -22.6 0.246 -8.487 0.0 0.0 0.0 36.7156699 -4.4910698 0.00 269.94 1.03 36.7156701 -4.4910639 0.00 269.79 1.05 0.000 38.027 14:56:14.57
75 -1 -23.7 -22.6 -2.337 -6.396 0.0 0.0 0.0 36.7156699 -4.4910698 0.00 269.94 1.03 36.7156701 -4.4910639 0.00 269.79 1.05 0.000 38.027 14:56:14.67
75 -1 -23.7 -22.6 -0.369 -6.027 0.0 0.0 0.0 36.7156699 -4.4910709 0.00 269.41 1.03 36.7156701 -4.4910639 0.00 269.79 1.05 0.000 38.027 14:56:14.78
75 -1 -23.7 -22.6 -2.091 -6.642 0.0 0.0 0.0 36.7156699 -4.4910709 0.00 269.41 1.03 36.7156701 -4.4910672 0.00 273.84 1.08 0.000 38.027 14:56:14.87
75 -5 -23.7 -22.6 -2.460 -5.412 0.0 0.0 0.0 36.7156699 -4.4910720 0.00 269.06 0.98 36.7156701 -4.4910672 0.00 273.84 1.08 0.000 38.027 14:56:14.98
75 -5 -23.7 -22.6 0.123 -5.412 0.0 0.0 0.0 36.7156699 -4.4910720 0.00 269.06 0.98 36.7156701 -4.4910672 0.00 273.84 1.08 0.000 38.027 14:56:15.07
75 -5 -23.7 -22.6 -2.214 -7.011 0.0 0.0 0.0 36.7156699 -4.4910732 0.00 268.85 0.96 36.7156701 -4.4910672 0.00 273.84 1.08 0.000 38.027 14:56:15.17
75 -5 -23.7 -22.6 -3.567 -6.027 0.0 0.0 0.0 36.7156699 -4.4910732 0.00 268.85 0.96 36.7156701 -4.4910672 0.00 273.84 1.08 0.000 38.027 14:56:15.28
75 -5 -23.7 -22.6 -1.845 -5.166 0.0 0.0 0.0 36.7156698 -4.4910743 0.00 268.43 0.91 36.7156701 -4.4910672 0.00 273.84 1.08 0.000 38.027 14:56:15.37
75 -5 -23.7 -22.6 -1.968 -8.364 0.0 0.0 0.0 36.7156698 -4.4910743 0.00 268.43 0.91 36.7156700 -4.4910706 0.00 266.17 1.03 0.000 38.027 14:56:15.48
75 2 -23.7 -22.6 -1.968 -6.150 0.0 0.0 0.0 36.7156697 -4.4910754 0.00 267.77 0.90 36.7156700 -4.4910706 0.00 266.17 1.03 0.000 38.027 14:56:15.57
75 2 -23.7 -22.6 0.984 -6.396 0.0 0.0 0.0 36.7156697 -4.4910754 0.00 267.77 0.90 36.7156700 -4.4910706 0.00 266.17 1.03 0.000 38.027 14:56:15.67
75 2 -23.7 -22.6 -2.214 -5.289 0.0 0.0 0.0 36.7156697 -4.4910754 0.00 267.77 0.90 36.7156700 -4.4910706 0.00 266.17 1.03 0.000 38.027 14:56:15.78
75 2 -23.7 -22.6 3.198 -2.952 0.0 0.0 0.0 36.7156697 -4.4910765 0.00 267.21 0.92 36.7156700 -4.4910706 0.00 266.17 1.03 0.000 38.027 14:56:15.87
75 2 -23.7 -22.6 0.861 -3.198 0.0 0.0 0.0 36.7156697 -4.4910765 0.00 267.21 0.92 36.7156700 -4.4910706 0.00 266.17 1.03 0.000 38.027 14:56:15.98
75 2 -23.7 -22.6 1.845 -1.845 0.0 0.0 0.0 36.7156696 -4.4910776 0.00 267.21 0.87 36.7156698 -4.4910740 0.00 265.26 1.01 0.000 38.027 14:56:16.07
75 3 -23.7 -22.6 1.353 -5.289 0.0 0.0 0.0 36.7156696 -4.4910787 0.00 267.34 0.96 36.7156698 -4.4910740 0.00 265.26 1.01 0.000 38.027 14:56:16.18
75 3 -23.7 -22.6 1.230 -1.845 0.0 0.0 0.0 36.7156696 -4.4910787 0.00 267.34 0.96 36.7156698 -4.4910740 0.00 265.26 1.01 0.000 38.027 14:56:16.28
75 3 -23.7 -22.6 4.305 -2.952 0.0 0.0 0.0 36.7156696 -4.4910787 0.00 267.34 0.96 36.7156698 -4.4910740 0.00 265.26 1.01 0.000 38.027 14:56:16.37
75 3 -23.7 -22.6 5.781 1.722 0.0 0.0 0.0 36.7156696 -4.4910798 0.00 267.33 0.94 36.7156698 -4.4910740 0.00 265.26 1.01 0.000 38.027 14:56:16.48
75 3 -23.7 -22.6 8.610 2.337 0.0 0.0 0.0 36.7156695 -4.4910809 0.00 267.42 0.99 36.7156698 -4.4910740 0.00 265.26 1.01 0.000 38.027 14:56:16.57
75 3 -23.7 -22.6 3.813 -1.845 0.0 0.0 0.0 36.7156695 -4.4910809 0.00 267.42 0.99 36.7156697 -4.4910772 0.00 268.87 0.92 0.000 38.027 14:56:16.68
75 -1 -22.6 -24.1 6.273 2.460 0.0 0.0 0.0 36.7156694 -4.4910821 0.00 267.89 0.99 36.7156697 -4.4910772 0.00 268.87 0.92 0.000 38.457 14:56:16.78
75 -1 -22.6 -24.1 6.888 -0.615 0.0 0.0 0.0 36.7156694 -4.4910821 0.00 267.89 0.99 36.7156697 -4.4910772 0.00 268.87 0.92 0.000 38.457 14:56:16.89
75 -1 -22.6 -24.1 3.075 0.615 0.0 0.0 0.0 36.7156695 -4.4910832 0.00 268.41 1.07 36.7156697 -4.4910772 0.00 268.87 0.92 0.000 38.457 14:56:16.98
75 -1 -22.6 -24.1 4.551 -0.861 0.0 0.0 0.0 36.7156695 -4.4910832 0.00 268.41 1.07 36.7156697 -4.4910772 0.00 268.87 0.92 0.000 38.457 14:56:17.07
75 -1 -22.6 -24.1 2.706 -4.674 0.0 0.0 0.0 36.7156695 -4.4910844 0.00 268.61 1.09 36.7156697 -4.4910772 0.00 268.87 0.92 0.000 38.457 14:56:17.18
75 -1 -22.6 -24.1 1.968 0.000 0.0 0.0 0.0 36.7156695 -4.4910844 0.00 268.61 1.09 36.7156697 -4.4910807 0.00 268.27 1.16 0.000 38.457 14:56:17.28
75 0 -22.6 -24.1 1.107 -4.059 0.0 0.0 0.0 36.7156694 -4.4910856 0.00 268.62 1.08 36.7156697 -4.4910807 0.00 268.27 1.16 0.000 38.457 14:56:17.39
75 0 -22.6 -24.1 2.337 0.738 0.0 0.0 0.0 36.7156694 -4.4910856 0.00 268.62 1.08 36.7156697 -4.4910807 0.00 268.27 1.16 0.000 38.457 14:56:17.48
75 0 -22.6 -24.1 1.599 -3.936 0.0 0.0 0.0 36.7156694 -4.4910856 0.00 268.62 1.08 36.7156697 -4.4910807 0.00 268.27 1.16 0.000 38.457 14:56:17.57
75 0 -22.6 -24.1 1.476 -3.567 0.0 0.0 0.0 36.7156694 -4.4910868 0.00 268.57 0.99 36.7156697 -4.4910807 0.00 268.27 1.16 0.000 38.457 14:56:17.68
75 0 -22.6 -24.1 4.428 -1.476 0.0 0.0 0.0 36.7156694 -4.4910868 0.00 268.57 0.99 36.7156697 -4.4910807 0.00 268.27 1.16 0.000 38.457 14:56:17.78
75 0 -22.6 -24.1 0.738 -4.551 0.0 0.0 0.0 36.7156694 -4.4910879 0.00 268.56 0.95 36.7156696 -4.4910842 0.00 268.86 1.00 0.000 38.457 14:56:17.89
75 0 -22.6 -24.1 1.845 0.000 0.0 0.0 0.0 36.7156694 -4.4910879 0.00 268.56 0.95 36.7156696 -4.4910842 0.00 268.86 1.00 0.000 38.457 14:56:17.98
75 0 -22.6 -24.1 3.321 -4.551 0.0 0.0 0.0 36.7156694 -4.4910890 0.00 268.66 1.00 36.7156696 -4.4910842 0.00 268.86 1.00 0.000 38.457 14:56:18.09
75 0 -22.6 -24.1 1.968 -0.984 0.0 0.0 0.0 36.7156694 -4.4910901 0.00 268.63 0.96 36.7156696 -4.4910842 0.00 268.86 1.00 0.000 38.457 14:56:18.18
75 0 -22.6 -24.1 5.043 -1.476 0.0 0.0 0.0 36.7156694 -4.4910901 0.00 268.63 0.96 36.7156696 -4.4910842 0.00 268.86 1.00 0.000 38.457 14:56:18.28
75 0 -22.6 -24.1 3.690 -3.690 0.0 0.0 0.0 36.7156694 -4.4910912 0.00 268.59 1.01 36.7156696 -4.4910842 0.00 268.86 1.00 0.000 38.457 14:56:18.39
75 0 -22.6 -24.1 3.198 -0.984 0.0 0.0 0.0 36.7156694 -4.4910912 0.00 268.59 1.01 36.7156696 -4.4910875 0.00 267.33 0.91 0.000 38.457 14:56:18.48
75 1 -22.6 -24.1 3.813 -4.551 0.0 0.0 0.0 36.7156694 -4.4910912 0.00 268.59 1.01 36.7156696 -4.4910875 0.00 267.33 0.91 0.000 38.457 14:56:18.59
75 1 -22.6 -24.1 5.535 1.722 0.0 0.0 0.0 36.7156694 -4.4910923 0.00 268.55 0.95 36.7156696 -4.4910875 0.00 267.33 0.91 0.000 38.457 14:56:18.68
75 1 -22.6 -24.1 6.396 0.738 0.0 0.0 0.0 36.7156694 -4.4910923 0.00 268.55 0.95 36.7156696 -4.4910875 0.00 267.33 0.91 0.000 38.457 14:56:18.78
75 1 -22.6 -24.1 0.492 -1.107 0.0 0.0 0.0 36.7156694 -4.4910935 0.00 268.55 1.05 36.7156696 -4.4910875 0.00 267.33 0.91 0.000 38.457 14:56:18.89
75 1 -22.6 -24.1 8.241 1.230 0.0 0.0 0.0 36.7156694 -4.4910946 0.00 268.76 1.01 36.7156696 -4.4910875 0.00 267.33 0.91 0.000 38.457 14:56:18.98
75 1 -22.6 -24.1 2.337 -2.952 0.0 0.0 0.0 36.7156694 -4.4910946 0.00 268.76 1.01 36.7156695 -4.4910908 0.00 267.33 0.88 0.000 38.457 14:56:19.09
75 1 -22.6 -24.1 3.444 2.337 0.0 0.0 0.0 36.7156694 -4.4910957 0.00 268.93 0.97 36.7156695 -4.4910908 0.00 267.33 0.88 0.000 38.457 14:56:19.18
75 1 -22.6 -24.1 5.535 -2.952 0.0 0.0 0.0 36.7156694 -4.4910957 0.00 268.93 0.97 36.7156695 -4.4910908 0.00 267.33 0.88 0.000 38.457 14:56:19.28
75 1 -22.6 -24.1 3.075 0.738 0.0 0.0 0.0 36.7156694 -4.4910957 0.00 268.93 0.97 36.7156695 -4.4910908 0.00 267.33 0.88 0.000 38.457 14:56:19.39
75 1 -22.6 -24.1 7.626 -3.444 0.0 0.0 0.0 36.7156694 -4.4910968 0.00 269.30 0.99 36.7156695 -4.4910908 0.00 267.33 0.88 0.000 38.457 14:56:19.48
75 1 -22.6 -24.1 4.551 -0.492 0.0 0.0 0.0 36.7156694 -4.4910979 0.00 269.66 1.06 36.7156695 -4.4910908 0.00 267.33 0.88 0.000 38.457 14:56:19.59
75 1 -22.6 -24.1 4.674 1.599 0.0 0.0 0.0 36.7156694 -4.4910979 0.00 269.66 1.06 36.7156694 -4.4910942 0.00 270.38 0.88 0.000 38.457 14:56:19.68
75 -2 -22.6 -24.1 3.567 -4.920 0.0 0.0 0.0 36.7156694 -4.4910990 0.00 269.94 1.01 36.7156694 -4.4910942 0.00 270.38 0.88 0.000 38.457 14:56:19.78
75 -2 -22.6 -24.1 0.615 0.123 0.0 0.0 0.0 36.7156694 -4.4910990 0.00 269.94 1.01 36.7156694 -4.4910942 0.00 270.38 0.88 0.000 38.457 14:56:19.89
75 -2 -22.6 -24.1 6.273 -2.583 0.0 0.0 0.0 36.7156694 -4.4911001 0.00 270.14 0.96 36.7156694 -4.4910942 0.00 270.38 0.88 0.000 38.457 14:56:19.98
75 -2 -22.6 -24.1 1.230 -2.952 0.0 0.0 0.0 36.7156694 -4.4911001 0.00 270.14 0.96 36.7156694 -4.4910942 0.00 270.38 0.88 0.000 38.457 14:56:20.09
75 -2 -22.6 -24.1 1.722 -0.738 0.0 0.0 0.0 36.7156694 -4.4911012 0.00 270.13 0.93 36.7156694 -4.4910942 0.00 270.38 0.88 0.000 38.457 14:56:20.18
75 -2 -22.6 -24.1 0.738 -4.182 0.0 0.0 0.0 36.7156694 -4.4911012 0.00 270.13 0.93 36.7156695 -4.4910976 0.00 273.14 1.05 0.000 38.457 14:56:20.28
75 -2 -22.6 -24.1 1.107 -1.107 0.0 0.0 0.0 36.7156693 -4.4911024 0.00 269.96 0.93 36.7156695 -4.4910976 0.00 273.14 1.05 0.000 38.457 14:56:20.39
75 -2 -22.6 -24.1 3.567 -2.952 0.0 0.0 0.0 36.7156693 -4.4911024 0.00 269.96 0.93 36.7156695 -4.4910976 0.00 273.14 1.05 0.000 38.457 14:56:20.48
75 -4 -22.6 -24.1 -0.369 -4.305 0.0 0.0 0.0 36.7156693 -4.4911035 0.00 270.09 0.96 36.7156695 -4.4910976 0.00 273.14 1.05 0.000 38.457 14:56:20.59
75 -4 -22.6 -24.1 1.968 -5.781 0.0 0.0 0.0 36.7156693 -4.4911035 0.00 270.09 0.96 36.7156695 -4.4910976 0.00 273.14 1.05 0.000 38.457 14:56:20.68
75 -4 -22.6 -24.1 -1.107 -7.995 0.0 0.0 0.0 36.7156693 -4.4911047 0.00 270.15 0.98 36.7156695 -4.4910976 0.00 273.14 1.05 0.000 38.457 14:56:20.79
75 -4 -22.6 -24.1 1.107 -3.444 0.0 0.0 0.0 36.7156693 -4.4911047 0.00 270.15 0.98 36.7156694 -4.4911010 0.00 272.85 1.04 0.000 38.457 14:56:20.89
75 -3 -22.6 -24.1 -1.107 -7.503 0.0 0.0 0.0 36.7156693 -4.4911047 0.00 270.15 0.98 36.7156694 -4.4911010 0.00 272.85 1.04 0.000 38.457 14:56:20.98
75 -3 -22.6 -24.1 -1.845 -3.813 0.0 0.0 0.0 36.7156693 -4.4911058 0.00 270.02 0.98 36.7156694 -4.4911010 0.00 272.85 1.04 0.000 38.457 14:56:21.09
75 -3 -22.6 -24.1 1.968 -7.749 0.0 0.0 0.0 36.7156693 -4.4911069 0.00 269.66 0.98 36.7156694 -4.4911010 0.00 272.85 1.04 0.000 38.457 14:56:21.18
75 -3 -22.6 -24.1 -3.075 -6.765 0.0 0.0 0.0 36.7156693 -4.4911069 0.00 269.66 0.98 36.7156694 -4.4911010 0.00 272.85 1.04 0.000 38.457 14:56:21.29
75 -3 -22.6 -24.1 0.984 -4.428 0.0 0.0 0.0 36.7156692 -4.4911080 0.00 269.27 0.94 36.7156694 -4.4911010 0.00 272.85 1.04 0.000 38.457 14:56:21.39
75 -3 -22.6 -24.1 -2.460 -8.241 0.0 0.0 0.0 36.7156692 -4.4911080 0.00 269.27 0.94 36.7156693 -4.4911044 0.00 274.67 0.95 0.000 38.457 14:56:21.48
75 -5 -22.6 -24.1 -0.492 -4.305 0.0 0.0 0.0 36.7156692 -4.4911090 0.00 268.82 0.94 36.7156693 -4.4911044 0.00 274.67 0.95 0.000 38.457 14:56:21.59
75 -5 -22.6 -24.1 -0.861 -10.332 0.0 0.0 0.0 36.7156692 -4.4911090 0.00 268.82 0.94 36.7156693 -4.4911044 0.00 274.67 0.95 0.000 38.457 14:56:21.68
75 -5 -24.5 -21.4 -2.214 -7.257 0.0 0.0 0.0 36.7156691 -4.4911102 0.00 268.43 1.02 36.7156693 -4.4911044 0.00 274.67 0.95 0.000 38.457 14:56:21.79
75 -5 -24.5 -21.4 0.246 -5.658 0.0 0.0 0.0 36.7156691 -4.4911102 0.00 268.43 1.02 36.7156693 -4.4911044 0.00 274.67 0.95 0.000 38.457 14:56:21.89
75 -5 -24.5 -21.4 -4.428 -8.979 0.0 0.0 0.0 36.7156690 -4.4911113 0.00 267.97 0.99 36.7156693 -4.4911077 0.00 269.87 1.10 0.000 38.457 14:56:22.00
75 -5 -24.5 -21.4 -2.214 -4.305 0.0 0.0 0.0 36.7156690 -4.4911113 0.00 267.97 0.99 36.7156693 -4.4911077 0.00 269.87 1.10 0.000 38.457 14:56:22.09
75 -1 -24.5 -21.4 1.845 -6.273 0.0 0.0 0.0 36.7156690 -4.4911125 0.00 267.33 0.91 36.7156693 -4.4911077 0.00 269.87 1.10 0.000 38.457 14:56:22.18
75 -1 -24.5 -21.4 -0.369 -5.904 0.0 0.0 0.0 36.7156690 -4.4911125 0.00 267.33 0.91 36.7156693 -4.4911077 0.00 269.87 1.10 0.000 38.457 14:56:22.29
75 -1 -24.5 -21.4 -0.492 -4.551 0.0 0.0 0.0 36.7156689 -4.4911137 0.00 266.94 1.03 36.7156693 -4.4911077 0.00 269.87 1.10 0.000 38.457 14:56:22.39
75 -1 -24.5 -21.4 -0.984 -7.872 0.0 0.0 0.0 36.7156689 -4.4911137 0.00 266.94 1.03 36.7156693 -4.4911077 0.00 269.87 1.10 0.000 38.457 14:56:22.50
75 -1 -24.5 -21.4 0.123 -1.722 0.0 0.0 0.0 36.7156688 -4.4911148 0.00 266.60 0.95 36.7156691 -4.4911111 0.00 273.01 0.91 0.000 38.457 14:56:22.59
75 -1 -24.5 -21.4 -0.984 -7.995 0.0 0.0 0.0 36.7156688 -4.4911148 0.00 266.60 0.95 36.7156691 -4.4911111 0.00 273.01 0.91 0.000 38.457 14:56:22.70
75 -3 -24.5 -21.4 -2.829 -3.690 0.0 0.0 0.0 36.7156688 -4.4911159 0.00 266.36 0.98 36.7156691 -4.4911111 0.00 273.01 0.91 0.000 38.457 14:56:22.79
75 -3 -24.5 -21.4 -1.599 -7.626 0.0 0.0 0.0 36.7156688 -4.4911159 0.00 266.36 0.98 36.7156691 -4.4911111 0.00 273.01 0.91 0.000 38.457 14:56:22.89
75 -3 -24.5 -21.4 -0.738 -5.166 0.0 0.0 0.0 36.7156687 -4.4911170 0.00 266.07 0.94 36.7156691 -4.4911111 0.00 273.01 0.91 0.000 38.457 14:56:23.00
75 -3 -24.5 -21.4 0.615 -5.289 0.0 0.0 0.0 36.7156687 -4.4911170 0.00 266.07 0.94 36.7156691 -4.4911111 0.00 273.01 0.91 0.000 38.457 14:56:23.09
75 -3 -24.5 -21.4 -1.968 -8.610 0.0 0.0 0.0 36.7156686 -4.4911181 0.00 265.64 1.00 36.7156690 -4.4911143 0.00 271.87 0.70 0.000 38.457 14:56:23.20
75 -3 -24.5 -21.4 -2.337 -2.952 0.0 0.0 0.0 36.7156686 -4.4911181 0.00 265.64 1.00 36.7156690 -4.4911143 0.00 271.87 0.70 0.000 38.457 14:56:23.29
75 -2 -24.5 -21.4 1.599 -6.273 0.0 0.0 0.0 36.7156685 -4.4911192 0.00 265.22 0.98 36.7156690 -4.4911143 0.00 271.87 0.70 0.000 38.457 14:56:23.40
75 -2 -24.5 -21.4 -1.599 -5.535 0.0 0.0 0.0 36.7156685 -4.4911192 0.00 265.22 0.98 36.7156690 -4.4911143 0.00 271.87 0.70 0.000 38.457 14:56:23.50
75 -2 -24.5 -21.4 0.861 -6.642 0.0 0.0 0.0 36.7156684 -4.4911202 0.00 264.83 0.99 36.7156690 -4.4911143 0.00 271.87 0.70 0.000 38.457 14:56:23.59
75 -2 -24.5 -21.4 0.861 -7.749 0.0 0.0 0.0 36.7156684 -4.4911202 0.00 264.83 0.99 36.7156690 -4.4911143 0.00 271.87 0.70 0.000 38.457 14:56:23.70
75 -2 -24.5 -21.4 1.968 -3.813 0.0 0.0 0.0 36.7156683 -4.4911214 0.00 264.53 0.97 36.7156687 -4.4911175 0.00 273.59 0.88 0.000 38.457 14:56:23.79
75 -2 -24.5 -21.4 1.107 -5.781 0.0 0.0 0.0 36.7156683 -4.4911214 0.00 264.53 0.97 36.7156687 -4.4911175 0.00 273.59 0.88 0.000 38.457 14:56:23.90
75 -2 -24.5 -21.4 0.369 -3.321 0.0 0.0 0.0 36.7156683 -4.4911225 0.00 264.25 1.00 36.7156687 -4.4911175 0.00 273.59 0.88 0.000 38.457 14:56:24.00
75 -2 -24.5 -21.4 -1.722 -7.011 0.0 0.0 0.0 36.7156683 -4.4911225 0.00 264.25 1.00 36.7156687 -4.4911175 0.00 273.59 0.88 0.000 38.457 14:56:24.09
75 -2 -24.5 -21.4 -1.845 -3.936 0.0 0.0 0.0 36.7156682 -4.4911236 0.00 264.03 1.02 36.7156687 -4.4911175 0.00 273.59 0.88 0.000 38.457 14:56:24.20
75 -2 -24.5 -21.4 2.583 -5.043 0.0 0.0 0.0 36.7156682 -4.4911236 0.00 264.03 1.02 36.7156687 -4.4911175 0.00 273.59 0.88 0.000 38.457 14:56:24.29
75 -2 -24.5 -21.4 -0.738 -7.257 0.0 0.0 0.0 36.7156681 -4.4911247 0.00 263.87 1.04 36.7156684 -4.4911210 0.00 263.61 1.03 0.000 38.457 14:56:24.40
75 -2 -24.5 -21.4 0.861 -2.952 0.0 0.0 0.0 36.7156681 -4.4911247 0.00 263.87 1.04 36.7156684 -4.4911210 0.00 263.61 1.03 0.000 38.457 14:56:24.50
75 8 -24.5 -21.4 4.305 -4.059 0.0 0.0 0.0 36.7156680 -4.4911259 0.00 263.84 1.00 36.7156684 -4.4911210 0.00 263.61 1.03 0.000 38.457 14:56:24.59
75 8 -24.5 -21.4 3.075 -0.246 0.0 0.0 0.0 36.7156680 -4.4911259 0.00 263.84 1.00 36.7156684 -4.4911210 0.00 263.61 1.03 0.000 38.457 14:56:24.70
75 8 -24.5 -21.4 1.845 -4.305 0.0 0.0 0.0 36.7156679 -4.4911270 0.00 263.69 0.98 36.7156684 -4.4911210 0.00 263.61 1.03 0.000 38.457 14:56:24.79
75 8 -24.5 -21.4 4.920 0.000 0.0 0.0 0.0 36.7156679 -4.4911270 0.00 263.69 0.98 36.7156684 -4.4911210 0.00 263.61 1.03 0.000 38.457 14:56:24.90
75 8 -24.5 -21.4 7.134 1.353 0.0 0.0 0.0 36.7156678 -4.4911280 0.00 264.00 1.04 36.7156681 -4.4911244 0.00 261.35 1.05 0.000 38.457 14:56:25.00
75 8 -24.5 -21.4 3.198 0.984 0.0 0.0 0.0 36.7156678 -4.4911280 0.00 264.00 1.04 36.7156681 -4.4911244 0.00 261.35 1.05 0.000 38.457 14:56:25.10
75 8 -24.5 -21.4 8.610 3.198 0.0 0.0 0.0 36.7156677 -4.4911292 0.00 264.70 0.84 36.7156681 -4.4911244 0.00 261.35 1.05 0.000 38.457 14:56:25.20
75 8 -24.5 -21.4 10.086 0.615 0.0 0.0 0.0 36.7156677 -4.4911292 0.00 264.70 0.84 36.7156681 -4.4911244 0.00 261.35 1.05 0.000 38.457 14:56:25.29
75 9 -24.5 -21.4 7.995 5.166 0.0 0.0 0.0 36.7156677 -4.4911302 0.00 265.48 0.97 36.7156681 -4.4911244 0.00 261.35 1.05 0.000 38.457 14:56:25.40
75 9 -24.5 -21.4 7.995 5.166 0.0 0.0 0.0 36.7156677 -4.4911302 0.00 265.48 0.97 36.7156681 -4.4911244 0.00 261.35 1.05 0.000 38.457 14:56:25.50
75 9 -24.5 -21.4 11.562 3.567 0.0 0.0 0.0 36.7156677 -4.4911313 0.00 266.39 0.99 36.7156679 -4.4911276 0.00 272.17 0.89 0.000 38.457 14:56:25.60
75 9 -24.5 -21.4 10.209 5.658 0.0 0.0 0.0 36.7156677 -4.4911313 0.00 266.39 0.99 36.7156679 -4.4911276 0.00 272.17 0.89 0.000 38.457 14:56:25.70
75 0 -24.5 -21.4 8.364 1.968 0.0 0.0 0.0 36.7156677 -4.4911325 0.00 267.43 1.00 36.7156679 -4.4911276 0.00 272.17 0.89 0.000 38.457 14:56:25.79
75 0 -24.5 -21.4 7.380 1.722 0.0 0.0 0.0 36.7156677 -4.4911325 0.00 267.43 1.00 36.7156679 -4.4911276 0.00 272.17 0.89 0.000 38.457 14:56:25.90
75 0 -24.5 -21.4 7.380 1.722 0.0 0.0 0.0 36.7156677 -4.4911336 0.00 268.63 0.96 36.7156679 -4.4911276 0.00 272.17 0.89 0.000 38.457 14:56:26.00
75 0 -24.5 -21.4 5.166 0.984 0.0 0.0 0.0 36.7156677 -4.4911336 0.00 268.63 0.96 36.7156679 -4.4911276 0.00 272.17 0.89 0.000 38.457 14:56:26.10
75 0 -24.5 -21.4 7.626 4.059 0.0 0.0 0.0 36.7156677 -4.4911348 0.00 269.32 0.98 36.7156678 -4.4911310 0.00 270.53 0.96 0.000 38.457 14:56:26.20
75 0 -24.5 -21.4 3.075 0.861 0.0 0.0 0.0 36.7156677 -4.4911348 0.00 269.32 0.98 36.7156678 -4.4911310 0.00 270.53 0.96 0.000 38.457 14:56:26.31
75 2 -24.5 -21.4 5.904 0.738 0.0 0.0 0.0 36.7156677 -4.4911359 0.00 269.59 1.08 36.7156678 -4.4911310 0.00 270.53 0.96 0.000 38.457 14:56:26.40
75 2 -24.5 -21.4 3.321 -1.968 0.0 0.0 0.0 36.7156677 -4.4911359 0.00 269.59 1.08 36.7156678 -4.4911310 0.00 270.53 0.96 0.000 38.457 14:56:26.50
75 2 -24.5 -21.4 4.182 0.615 0.0 0.0 0.0 36.7156677 -4.4911371 0.00 269.83 1.07 36.7156678 -4.4911310 0.00 270.53 0.96 0.000 38.457 14:56:26.60
75 2 -24.5 -21.4 8.118 1.476 0.0 0.0 0.0 36.7156677 -4.4911371 0.00 269.83 1.07 36.7156678 -4.4911310 0.00 270.53 0.96 0.000 38.457 14:56:26.70
75 2 -22.6 -23.4 4.059 -1.968 0.0 0.0 0.0 36.7156677 -4.4911382 0.00 270.09 0.96 36.7156677 -4.4911345 0.00 270.71 1.03 0.000 38.242 14:56:26.81
75 2 -22.6 -23.4 6.273 0.246 0.0 0.0 0.0 36.7156677 -4.4911382 0.00 270.09 0.96 36.7156677 -4.4911345 0.00 270.71 1.03 0.000 38.242 14:56:26.90
75 2 -22.6 -23.4 1.968 -3.444 0.0 0.0 0.0 36.7156678 -4.4911393 0.00 270.47 0.90 36.7156677 -4.4911345 0.00 270.71 1.03 0.000 38.242 14:56:27.00
75 2 -22.6 -23.4 5.535 0.123 0.0 0.0 0.0 36.7156678 -4.4911393 0.00 270.47 0.90 36.7156677 -4.4911345 0.00 270.71 1.03 0.000 38.242 14:56:27.10
75 2 -22.6 -23.4 6.027 0.000 0.0 0.0 0.0 36.7156678 -4.4911404 0.00 270.83 0.87 36.7156677 -4.4911345 0.00 270.71 1.03 0.000 38.242 14:56:27.20
75 2 -22.6 -23.4 3.690 -1.476 0.0 0.0 0.0 36.7156678 -4.4911404 0.00 270.83 0.87 36.7156677 -4.4911345 0.00 270.71 1.03 0.000 38.242 14:56:27.31
75 2 -22.6 -23.4 7.749 1.353 0.0 0.0 0.0 36.7156678 -4.4911415 0.00 271.19 0.91 36.7156678 -4.4911379 0.00 275.40 0.97 0.000 38.242 14:56:27.40
75 2 -22.6 -23.4 4.305 -2.583 0.0 0.0 0.0 36.7156678 -4.4911415 0.00 271.19 0.91 36.7156678 -4.4911379 0.00 275.40 0.97 0.000 38.242 14:56:27.50
75 -2 -22.6 -23.4 3.813 0.984 0.0 0.0 0.0 36.7156678 -4.4911426 0.00 271.48 0.98 36.7156678 -4.4911379 0.00 275.40 0.97 0.000 38.242 14:56:27.60
75 -2 -22.6 -23.4 4.305 -3.198 0.0 0.0 0.0 36.7156678 -4.4911426 0.00 271.48 0.98 36.7156678 -4.4911379 0.00 275.40 0.97 0.000 38.242 14:56:27.70
75 -2 -22.6 -23.4 2.214 -0.123 0.0 0.0 0.0 36.7156679 -4.4911437 0.00 271.92 1.04 36.7156678 -4.4911379 0.00 275.40 0.97 0.000 38.242 14:56:27.81
75 -2 -22.6 -23.4 6.396 -1.230 0.0 0.0 0.0 36.7156679 -4.4911437 0.00 271.92 1.04 36.7156678 -4.4911379 0.00 275.40 0.97 0.000 38.242 14:56:27.90
75 -2 -22.6 -23.4 -0.123 -2.214 0.0 0.0 0.0 36.7156679 -4.4911449 0.00 272.09 1.02 36.7156678 -4.4911412 0.00 275.69 1.14 0.000 38.242 14:56:28.01
75 -2 -22.6 -23.4 4.797 -1.968 0.0 0.0 0.0 36.7156679 -4.4911449 0.00 272.09 1.02 36.7156678 -4.4911412 0.00 275.69 1.14 0.000 38.242 14:56:28.10
75 -2 -22.6 -23.4 -1.599 -6.027 0.0 0.0 0.0 36.7156679 -4.4911461 0.00 272.06 1.00 36.7156678 -4.4911412 0.00 275.69 1.14 0.000 38.242 14:56:28.20
75 -2 -22.6 -23.4 0.984 -1.476 0.0 0.0 0.0 36.7156679 -4.4911461 0.00 272.06 1.00 36.7156678 -4.4911412 0.00 275.69 1.14 0.000 38.242 14:56:28.31
75 -2 -22.6 -23.4 3.936 -5.289 0.0 0.0 0.0 36.7156679 -4.4911472 0.00 272.05 0.95 36.7156678 -4.4911412 0.00 275.69 1.14 0.000 38.242 14:56:28.40
75 -2 -22.6 -23.4 -0.615 -4.551 0.0 0.0 0.0 36.7156679 -4.4911472 0.00 272.05 0.95 36.7156678 -4.4911412 0.00 275.69 1.14 0.000 38.242 14:56:28.51
75 -2 -22.6 -23.4 3.198 -4.305 0.0 0.0 0.0 36.7156680 -4.4911483 0.00 271.92 0.95 36.7156679 -4.4911446 0.00 275.47 0.90 0.000 38.242 14:56:28.60
75 -2 -22.6 -23.4 -0.738 -3.936 0.0 0.0 0.0 36.7156680 -4.4911483 0.00 271.92 0.95 36.7156679 -4.4911446 0.00 275.47 0.90 0.000 38.242 14:56:28.70
75 -1 -22.6 -23.4 1.599 -1.230 0.0 0.0 0.0 36.7156680 -4.4911494 0.00 271.75 0.97 36.7156679 -4.4911446 0.00 275.47 0.90 0.000 38.242 14:56:28.81
75 -1 -22.6 -23.4 -0.369 -7.503 0.0 0.0 0.0 36.7156680 -4.4911494 0.00 271.75 0.97 36.7156679 -4.4911446 0.00 275.47 0.90 0.000 38.242 14:56:28.90
75 -1 -22.6 -23.4 -0.738 -2.460 0.0 0.0 0.0 36.7156680 -4.4911505 0.00 271.54 1.01 36.7156679 -4.4911446 0.00 275.47 0.90 0.000 38.242 14:56:29.01
75 -1 -22.6 -23.4 1.107 -5.289 0.0 0.0 0.0 36.7156680 -4.4911505 0.00 271.54 1.01 36.7156679 -4.4911446 0.00 275.47 0.90 0.000 38.242 14:56:29.10
75 -1 -22.6 -23.4 -0.738 -3.198 0.0 0.0 0.0 36.7156680 -4.4911516 0.00 271.42 1.03 36.7156679 -4.4911478 0.00 275.47 0.94 0.000 38.242 14:56:29.21
75 -1 -22.6 -23.4 2.706 -2.952 0.0 0.0 0.0 36.7156680 -4.4911516 0.00 271.42 1.03 36.7156679 -4.4911478 0.00 275.47 0.94 0.000 38.242 14:56:29.31
75 -1 -22.6 -23.4 -0.615 -7.257 0.0 0.0 0.0 36.7156680 -4.4911528 0.00 271.29 0.95 36.7156679 -4.4911478 0.00 275.47 0.94 0.000 38.242 14:56:29.40
75 -1 -22.6 -23.4 1.722 -1.722 0.0 0.0 0.0 36.7156680 -4.4911528 0.00 271.29 0.95 36.7156679 -4.4911478 0.00 275.47 0.94 0.000 38.242 14:56:29.51
75 -1 -22.6 -23.4 0.246 -6.519 0.0 0.0 0.0 36.7156680 -4.4911539 0.00 271.04 0.95 36.7156679 -4.4911478 0.00 275.47 0.94 0.000 38.242 14:56:29.60
75 -1 -22.6 -23.4 0.369 -4.182 0.0 0.0 0.0 36.7156680 -4.4911539 0.00 271.04 0.95 36.7156679 -4.4911478 0.00 275.47 0.94 0.000 38.242 14:56:29.71
75 -1 -22.6 -23.4 2.583 -7.134 0.0 0.0 0.0 36.7156680 -4.4911550 0.00 270.83 1.00 36.7156681 -4.4911513 0.00 276.13 1.02 0.000 38.242 14:56:29.81
75 -1 -22.6 -23.4 -0.615 -8.118 0.0 0.0 0.0 36.7156680 -4.4911550 0.00 270.83 1.00 36.7156681 -4.4911513 0.00 276.13 1.02 0.000 38.242 14:56:29.90
75 -1 -22.6 -23.4 1.722 -2.952 0.0 0.0 0.0 36.7156680 -4.4911561 0.00 270.59 1.01 36.7156681 -4.4911513 0.00 276.13 1.02 0.000 38.242 14:56:30.01
75 -1 -22.6 -23.4 -2.706 -7.503 0.0 0.0 0.0 36.7156680 -4.4911561 0.00 270.59 1.01 36.7156681 -4.4911513 0.00 276.13 1.02 0.000 38.242 14:56:30.10
75 -6 -22.6 -23.4 2.337 -3.198 0.0 0.0 0.0 36.7156680 -4.4911572 0.00 270.49 0.98 36.7156681 -4.4911513 0.00 276.13 1.02 0.000 38.242 14:56:30.21
75 -6 -22.6 -23.4 -1.722 -8.610 0.0 0.0 0.0 36.7156680 -4.4911572 0.00 270.49 0.98 36.7156681 -4.4911513 0.00 276.13 1.02 0.000 38.242 14:56:30.31
75 -6 -22.6 -23.4 -1.353 -5.658 0.0 0.0 0.0 36.7156679 -4.4911583 0.00 270.29 0.96 36.7156680 -4.4911546 0.00 276.13 0.96 0.000 38.242 14:56:30.40
75 -6 -22.6 -23.4 0.615 -4.551 0.0 0.0 0.0 36.7156679 -4.4911583 0.00 270.29 0.96 36.7156680 -4.4911546 0.00 276.13 0.96 0.000 38.242 14:56:30.51
75 -6 -22.6 -23.4 -1.845 -8.856 0.0 0.0 0.0 36.7156679 -4.4911594 0.00 269.99 0.97 36.7156680 -4.4911546 0.00 276.13 0.96 0.000 38.242 14:56:30.60
75 -6 -22.6 -23.4 2.091 -5.781 0.0 0.0 0.0 36.7156679 -4.4911594 0.00 269.99 0.97 36.7156680 -4.4911546 0.00 276.13 0.96 0.000 38.242 14:56:30.71
75 -6 -22.6 -23.4 -3.813 -8.241 0.0 0.0 0.0 36.7156679 -4.4911606 0.00 269.44 0.98 36.7156680 -4.4911546 0.00 276.13 0.96 0.000 38.242 14:56:30.81
75 -6 -22.6 -23.4 -0.861 -5.412 0.0 0.0 0.0 36.7156679 -4.4911606 0.00 269.44 0.98 36.7156680 -4.4911546 0.00 276.13 0.96 0.000 38.242 14:56:30.90
75 -6 -22.6 -23.4 -2.706 -8.364 0.0 0.0 0.0 36.7156678 -4.4911617 0.00 268.94 1.01 36.7156680 -4.4911580 0.00 270.57 0.97 0.000 38.242 14:56:31.01
75 -6 -22.6 -23.4 -1.845 -7.503 0.0 0.0 0.0 36.7156678 -4.4911617 0.00 268.94 1.01 36.7156680 -4.4911580 0.00 270.57 0.97 0.000 38.242 14:56:31.10
75 -1 -22.6 -23.4 -0.369 -8.610 0.0 0.0 0.0 36.7156678 -4.4911629 0.00 268.52 0.96 36.7156680 -4.4911580 0.00 270.57 0.97 0.000 38.242 14:56:31.21
75 -1 -22.6 -23.4 -0.492 -5.289 0.0 0.0 0.0 36.7156678 -4.4911629 0.00 268.52 0.96 36.7156680 -4.4911580 0.00 270.57 0.97 0.000 38.242 14:56:31.31
75 -1 -22.6 -23.4 2.337 -6.888 0.0 0.0 0.0 36.7156678 -4.4911639 0.00 267.84 0.91 36.7156680 -4.4911580 0.00 270.57 0.97 0.000 38.242 14:56:31.40
75 -1 -22.6 -23.4 -1.353 -7.503 0.0 0.0 0.0 36.7156678 -4.4911639 0.00 267.84 0.91 36.7156680 -4.4911580 0.00 270.57 0.97 0.000 38.242 14:56:31.51
75 -1 -22.6 -23.4 -0.369 -7.257 0.0 0.0 0.0 36.7156677 -4.4911650 0.00 267.52 0.88 36.7156679 -4.4911613 0.00 271.60 0.84 0.000 38.242 14:56:31.60
75 -1 -22.6 -23.4 0.615 -6.642 0.0 0.0 0.0 36.7156677 -4.4911650 0.00 267.52 0.88 36.7156679 -4.4911613 0.00 271.60 0.84 0.000 38.242 14:56:31.71
75 -1 -23.7 -22.2 -0.369 -4.674 0.0 0.0 0.0 36.7156676 -4.4911661 0.00 267.16 0.92 36.7156679 -4.4911613 0.00 271.60 0.84 0.000 38.242 14:56:31.81
75 -1 -23.7 -22.2 2.214 -6.642 0.0 0.0 0.0 36.7156676 -4.4911661 0.00 267.16 0.92 36.7156679 -4.4911613 0.00 271.60 0.84 0.000 38.242 14:56:31.90
75 -1 -23.7 -22.2 -0.615 -4.182 0.0 0.0 0.0 36.7156675 -4.4911672 0.00 266.89 0.98 36.7156679 -4.4911613 0.00 271.60 0.84 0.000 38.242 14:56:32.01
75 -1 -23.7 -22.2 -0.738 -4.428 0.0 0.0 0.0 36.7156675 -4.4911672 0.00 266.89 0.98 36.7156679 -4.4911613 0.00 271.60 0.84 0.000 38.242 14:56:32.10
75 -1 -23.7 -22.2 -0.492 -5.412 0.0 0.0 0.0 36.7156674 -4.4911684 0.00 266.65 0.99 36.7156677 -4.4911647 0.00 264.56 0.99 0.000 38.242 14:56:32.21
75 -1 -23.7 -22.2 0.123 -5.904 0.0 0.0 0.0 36.7156674 -4.4911684 0.00 266.65 0.99 36.7156677 -4.4911647 0.00 264.56 0.99 0.000 38.242 14:56:32.31
75 5 -23.7 -22.2 -0.492 -7.872 0.0 0.0 0.0 36.7156673 -4.4911695 0.00 266.55 0.98 36.7156677 -4.4911647 0.00 264.56 0.99 0.000 38.242 14:56:32.40
75 5 -23.7 -22.2 2.952 0.000 0.0 0.0 0.0 36.7156673 -4.4911695 0.00 266.55 0.98 36.7156677 -4.4911647 0.00 264.56 0.99 0.000 38.242 14:56:32.51
75 5 -23.7 -22.2 3.936 -2.337 0.0 0.0 0.0 36.7156673 -4.4911707 0.00 266.27 0.95 36.7156677 -4.4911647 0.00 264.56 0.99 0.000 38.242 14:56:32.60
75 5 -23.7 -22.2 2.460 -2.460 0.0 0.0 0.0 36.7156673 -4.4911707 0.00 266.27 0.95 36.7156677 -4.4911647 0.00 264.56 0.99 0.000 38.242 14:56:32.71
75 5 -23.7 -22.2 4.059 -1.476 0.0 0.0 0.0 36.7156673 -4.4911718 0.00 266.66 1.00 36.7156675 -4.4911680 0.00 265.27 1.01 0.000 38.242 14:56:32.81
75 5 -23.7 -22.2 4.059 -0.738 0.0 0.0 0.0 36.7156673 -4.4911718 0.00 266.66 1.00 36.7156675 -4.4911680 0.00 265.27 1.01 0.000 38.242 14:56:32.92
75 5 -23.7 -22.2 3.567 0.615 0.0 0.0 0.0 36.7156672 -4.4911729 0.00 267.23 1.04 36.7156675 -4.4911680 0.00 265.27 1.01 0.000 38.242 14:56:33.01
75 5 -23.7 -22.2 6.888 0.861 0.0 0.0 0.0 36.7156672 -4.4911729 0.00 267.23 1.04 36.7156675 -4.4911680 0.00 265.27 1.01 0.000 38.242 14:56:33.10
75 5 -23.7 -22.2 6.765 -0.861 0.0 0.0 0.0 36.7156672 -4.4911740 0.00 267.85 1.09 36.7156675 -4.4911680 0.00 265.27 1.01 0.000 38.242 14:56:33.21
75 5 -23.7 -22.2 6.642 1.353 0.0 0.0 0.0 36.7156672 -4.4911740 0.00 267.85 1.09 36.7156675 -4.4911680 0.00 265.27 1.01 0.000 38.242 14:56:33.31
75 5 -23.7 -22.2 3.567 0.246 0.0 0.0 0.0 36.7156672 -4.4911752 0.00 268.47 1.06 36.7156674 -4.4911714 0.00 267.74 0.99 0.000 38.242 14:56:33.42
75 5 -23.7 -22.2 8.118 3.567 0.0 0.0 0.0 36.7156672 -4.4911752 0.00 268.47 1.06 36.7156674 -4.4911714 0.00 267.74 0.99 0.000 38.242 14:56:33.51
75 3 -23.7 -22.2 7.626 1.230 0.0 0.0 0.0 36.7156672 -4.4911763 0.00 269.11 1.00 36.7156674 -4.4911714 0.00 267.74 0.99 0.000 38.242 14:56:33.60
75 3 -23.7 -22.2 7.749 1.722 0.0 0.0 0.0 36.7156672 -4.4911763 0.00 269.11 1.00 36.7156674 -4.4911714 0.00 267.74 0.99 0.000 38.242 14:56:33.71
75 3 -23.7 -22.2 9.348 3.321 0.0 0.0 0.0 36.7156673 -4.4911774 0.00 269.85 0.96 36.7156674 -4.4911714 0.00 267.74 0.99 0.000 38.242 14:56:33.81
75 3 -23.7 -22.2 8.487 1.599 0.0 0.0 0.0 36.7156673 -4.4911774 0.00 269.85 0.96 36.7156674 -4.4911714 0.00 267.74 0.99 0.000 38.242 14:56:33.92
75 3 -23.7 -22.2 11.439 3.198 0.0 0.0 0.0 36.7156673 -4.4911785 0.00 270.47 1.01 36.7156674 -4.4911747 0.00 273.19 0.99 0.000 38.242 14:56:34.01
75 3 -23.7 -22.2 7.872 2.214 0.0 0.0 0.0 36.7156673 -4.4911785 0.00 270.47 1.01 36.7156674 -4.4911747 0.00 273.19 0.99 0.000 38.242 14:56:34.12
75 -2 -23.7 -22.2 7.626 4.305 0.0 0.0 0.0 36.7156674 -4.4911796 0.00 271.03 0.99 36.7156674 -4.4911747 0.00 273.19 0.99 0.000 38.242 14:56:34.21
75 -2 -23.7 -22.2 8.241 1.353 0.0 0.0 0.0 36.7156674 -4.4911796 0.00 271.03 0.99 36.7156674 -4.4911747 0.00 273.19 0.99 0.000 38.242 14:56:34.31
75 -2 -23.7 -22.2 4.674 -1.353 0.0 0.0 0.0 36.7156674 -4.4911808 0.00 271.69 0.98 36.7156674 -4.4911747 0.00 273.19 0.99 0.000 38.242 14:56:34.42
75 -2 -23.7 -22.2 6.888 0.615 0.0 0.0 0.0 36.7156674 -4.4911808 0.00 271.69 0.98 36.7156674 -4.4911747 0.00 273.19 0.99 0.000 38.242 14:56:34.51
75 -2 -23.7 -22.2 1.599 -7.134 0.0 0.0 0.0 36.7156675 -4.4911819 0.00 271.98 0.99 36.7156674 -4.4911782 0.00 275.91 1.09 0.000 38.242 14:56:34.62
75 -2 -23.7 -22.2 3.813 -1.968 0.0 0.0 0.0 36.7156675 -4.4911819 0.00 271.98 0.99 36.7156674 -4.4911782 0.00 275.91 1.09 0.000 38.242 14:56:34.71
75 -4 -23.7 -22.2 3.075 -4.674 0.0 0.0 0.0 36.7156675 -4.4911831 0.00 272.02 1.10 36.7156674 -4.4911782 0.00 275.91 1.09 0.000 38.242 14:56:34.82
75 -4 -23.7 -22.2 0.123 -3.690 0.0 0.0 0.0 36.7156675 -4.4911831 0.00 272.02 1.10 36.7156674 -4.4911782 0.00 275.91 1.09 0.000 38.242 14:56:34.92
75 -4 -23.7 -22.2 1.722 -1.353 0.0 0.0 0.0 36.7156675 -4.4911843 0.00 272.11 1.07 36.7156674 -4.4911782 0.00 275.91 1.09 0.000 38.242 14:56:35.01
75 -4 -23.7 -22.2 -2.460 -6.396 0.0 0.0 0.0 36.7156675 -4.4911843 0.00 272.11 1.07 36.7156674 -4.4911782 0.00 275.91 1.09 0.000 38.242 14:56:35.12
75 -4 -23.7 -22.2 0.123 -1.107 0.0 0.0 0.0 36.7156675 -4.4911854 0.00 271.83 0.98 36.7156675 -4.4911817 0.00 273.50 1.14 0.000 38.242 14:56:35.21
75 -4 -23.7 -22.2 0.738 -6.888 0.0 0.0 0.0 36.7156675 -4.4911854 0.00 271.83 0.98 36.7156675 -4.4911817 0.00 273.50 1.14 0.000 38.242 14:56:35.32
75 -2 -23.7 -22.2 -0.123 -6.642 0.0 0.0 0.0 36.7156675 -4.4911866 0.00 271.57 1.07 36.7156675 -4.4911817 0.00 273.50 1.14 0.000 38.242 14:56:35.42
75 -2 -23.7 -22.2 -0.984 -3.075 0.0 0.0 0.0 36.7156675 -4.4911866 0.00 271.57 1.07 36.7156675 -4.4911817 0.00 273.50 1.14 0.000 38.242 14:56:35.51
75 -2 -23.7 -22.2 1.722 -8.118 0.0 0.0 0.0 36.7156674 -4.4911877 0.00 271.14 0.94 36.7156675 -4.4911817 0.00 273.50 1.14 0.000 38.242 14:56:35.62
75 -2 -23.7 -22.2 -2.214 -2.337 0.0 0.0 0.0 36.7156674 -4.4911877 0.00 271.14 0.94 36.7156675 -4.4911817 0.00 273.50 1.14 0.000 38.242 14:56:35.71
75 -2 -23.7 -22.2 0.492 -9.471 0.0 0.0 0.0 36.7156674 -4.4911888 0.00 270.87 0.94 36.7156675 -4.4911851 0.00 267.37 1.07 0.000 38.242 14:56:35.82
75 -2 -23.7 -22.2 -0.492 -5.658 0.0 0.0 0.0 36.7156674 -4.4911888 0.00 270.87 0.94 36.7156675 -4.4911851 0.00 267.37 1.07 0.000 38.242 14:56:35.92
75 4 -23.7 -22.2 -1.107 -5.781 0.0 0.0 0.0 36.7156674 -4.4911899 0.00 270.79 0.99 36.7156675 -4.4911851 0.00 267.37 1.07 0.000 38.242 14:56:36.03
75 4 -23.7 -22.2 -0.246 -6.396 0.0 0.0 0.0 36.7156674 -4.4911899 0.00 270.79 0.99 36.7156675 -4.4911851 0.00 267.37 1.07 0.000 38.242 14:56:36.12
75 4 -23.7 -22.2 -0.984 -3.075 0.0 0.0 0.0 36.7156674 -4.4911910 0.00 270.66 0.98 36.7156675 -4.4911851 0.00 267.37 1.07 0.000 38.242 14:56:36.21
75 4 -23.7 -22.2 0.246 -7.380 0.0 0.0 0.0 36.7156674 -4.4911910 0.00 270.66 0.98 36.7156675 -4.4911851 0.00 267.37 1.07 0.000 38.242 14:56:36.32
75 4 -23.7 -22.2 0.984 -1.722 0.0 0.0 0.0 36.7156674 -4.4911920 0.00 270.86 0.93 36.7156675 -4.4911883 0.00 267.37 0.96 0.000 38.242 14:56:36.42
75 4 -23.7 -22.2 4.428 -1.968 0.0 0.0 0.0 36.7156674 -4.4911920 0.00 270.86 0.93 36.7156675 -4.4911883 0.00 267.37 0.96 0.000 38.242 14:56:36.53
75 4 -23.7 -22.2 4.182 -1.722 0.0 0.0 0.0 36.7156674 -4.4911932 0.00 271.44 0.98 36.7156675 -4.4911883 0.00 267.37 0.96 0.000 38.242 14:56:36.62
75 4 -23.7 -22.2 5.781 -0.246 0.0 0.0 0.0 36.7156674 -4.4911932 0.00 271.44 0.98 36.7156675 -4.4911883 0.00 267.37 0.96 0.000 38.242 14:56:36.73
75 4 -22.2 -23.0 3.444 -1.968 0.0 0.0 0.0 36.7156675 -4.4911943 0.00 271.85 0.98 36.7156675 -4.4911883 0.00 267.37 0.96 0.000 38.242 14:56:36.82
75 4 -22.2 -23.0 6.150 1.476 0.0 0.0 0.0 36.7156675 -4.4911943 0.00 271.85 0.98 36.7156675 -4.4911883 0.00 267.37 0.96 0.000 38.242 14:56:36.92
75 4 -22.2 -23.0 4.305 -1.722 0.0 0.0 0.0 36.7156675 -4.4911955 0.00 272.25 1.00 36.7156675 -4.4911917 0.00 273.68 1.01 0.000 38.242 14:56:37.03
75 4 -22.2 -23.0 6.396 2.583 0.0 0.0 0.0 36.7156675 -4.4911955 0.00 272.25 1.00 36.7156675 -4.4911917 0.00 273.68 1.01 0.000 38.242 14:56:37.12
75 -1 -22.2 -23.0 9.225 1.107 0.0 0.0 0.0 36.7156676 -4.4911966 0.00 272.71 1.07 36.7156675 -4.4911917 0.00 273.68 1.01 0.000 38.242 14:56:37.23
75 -1 -22.2 -23.0 3.075 -1.107 0.0 0.0 0.0 36.7156676 -4.4911966 0.00 272.71 1.07 36.7156675 -4.4911917 0.00 273.68 1.01 0.000 38.242 14:56:37.32
75 -1 -22.2 -23.0 8.733 2.091 0.0 0.0 0.0 36.7156677 -4.4911977 0.00 273.13 0.90 36.7156675 -4.4911917 0.00 273.68 1.01 0.000 38.242 14:56:37.42
75 -1 -22.2 -23.0 3.936 -3.444 0.0 0.0 0.0 36.7156677 -4.4911977 0.00 273.13 0.90 36.7156675 -4.4911917 0.00 273.68 1.01 0.000 38.242 14:56:37.53
75 -1 -22.2 -23.0 2.583 -0.369 0.0 0.0 0.0 36.7156678 -4.4911988 0.00 273.11 0.98 36.7156677 -4.4911951 0.00 276.86 1.06 0.000 38.242 14:56:37.62
75 -1 -22.2 -23.0 1.845 -4.797 0.0 0.0 0.0 36.7156678 -4.4911988 0.00 273.11 0.98 36.7156677 -4.4911951 0.00 276.86 1.06 0.000 38.242 14:56:37.73
75 -1 -22.2 -23.0 2.952 0.615 0.0 0.0 0.0 36.7156678 -4.4911998 0.00 273.03 0.95 36.7156677 -4.4911951 0.00 276.86 1.06 0.000 38.242 14:56:37.82
75 -1 -22.2 -23.0 4.797 -3.198 0.0 0.0 0.0 36.7156678 -4.4911998 0.00 273.03 0.95 36.7156677 -4.4911951 0.00 276.86 1.06 0.000 38.242 14:56:37.93
75 -7 -22.2 -23.0 1.599 -1.353 0.0 0.0 0.0 36.7156679 -4.4912009 0.00 272.86 0.96 36.7156677 -4.4911951 0.00 276.86 1.06 0.000 38.242 14:56:38.03
75 -7 -22.2 -23.0 2.460 -2.337 0.0 0.0 0.0 36.7156679 -4.4912009 0.00 272.86 0.96 36.7156677 -4.4911951 0.00 276.86 1.06 0.000 38.242 14:56:38.14
75 -7 -22.2 -23.0 2.091 -6.396 0.0 0.0 0.0 36.7156679 -4.4912020 0.00 272.57 1.00 36.7156679 -4.4911984 0.00 276.70 0.99 0.000 38.242 14:56:38.23
75 -7 -22.2 -23.0 -1.230 -2.091 0.0 0.0 0.0 36.7156679 -4.4912020 0.00 272.57 1.00 36.7156679 -4.4911984 0.00 276.70 0.99 0.000 38.242 14:56:38.32
75 -7 -22.2 -23.0 -1.107 -9.594 0.0 0.0 0.0 36.7156680 -4.4912032 0.00 272.37 1.03 36.7156679 -4.4911984 0.00 276.70 0.99 0.000 38.242 14:56:38.43
75 -7 -22.2 -23.0 -2.583 -9.225 0.0 0.0 0.0 36.7156680 -4.4912032 0.00 272.37 1.03 36.7156679 -4.4911984 0.00 276.70 0.99 0.000 38.242 14:56:38.53
75 -7 -22.2 -23.0 -1.722 -6.519 0.0 0.0 0.0 36.7156680 -4.4912044 0.00 271.57 0.98 36.7156679 -4.4911984 0.00 276.70 0.99 0.000 38.242 14:56:38.64
75 -7 -22.2 -23.0 -2.829 -11.439 0.0 0.0 0.0 36.7156680 -4.4912044 0.00 271.57 0.98 36.7156679 -4.4911984 0.00 276.70 0.99 0.000 38.242 14:56:38.73
75 -7 -22.2 -23.0 -5.289 -5.043 0.0 0.0 0.0 36.7156679 -4.4912056 0.00 270.99 0.98 36.7156680 -4.4912018 0.00 273.33 0.99 0.000 38.242 14:56:38.84
75 -7 -22.2 -23.0 -1.353 -10.209 0.0 0.0 0.0 36.7156679 -4.4912056 0.00 270.99 0.98 36.7156680 -4.4912018 0.00 273.33 0.99 0.000 38.242 14:56:38.93
75 -4 -22.2 -23.0 -4.305 -7.380 0.0 0.0 0.0 36.7156679 -4.4912068 0.00 270.23 1.00 36.7156680 -4.4912018 0.00 273.33 0.99 0.000 38.242 14:56:39.03
75 -4 -22.2 -23.0 0.246 -7.872 0.0 0.0 0.0 36.7156679 -4.4912068 0.00 270.23 1.00 36.7156680 -4.4912018 0.00 273.33 0.99 0.000 38.242 14:56:39.14
75 -4 -22.2 -23.0 -2.829 -10.086 0.0 0.0 0.0 36.7156678 -4.4912079 0.00 269.35 0.97 36.7156680 -4.4912018 0.00 273.33 0.99 0.000 38.242 14:56:39.23
75 -4 -22.2 -23.0 -2.706 -5.043 0.0 0.0 0.0 36.7156678 -4.4912079 0.00 269.35 0.97 36.7156680 -4.4912018 0.00 273.33 0.99 0.000 38.242 14:56:39.34
75 -4 -22.2 -23.0 -3.075 -7.995 0.0 0.0 0.0 36.7156678 -4.4912091 0.00 268.90 1.01 36.7156680 -4.4912052 0.00 270.42 0.87 0.000 38.242 14:56:39.43
75 -4 -22.2 -23.0 -4.797 -6.273 0.0 0.0 0.0 36.7156678 -4.4912091 0.00 268.90 1.01 36.7156680 -4.4912052 0.00 270.42 0.87 0.000 38.242 14:56:39.54
75 -2 -22.2 -23.0 0.861 -6.273 0.0 0.0 0.0 36.7156677 -4.4912102 0.00 268.59 0.98 36.7156680 -4.4912052 0.00 270.42 0.87 0.000 38.242 14:56:39.64
75 -2 -22.2 -23.0 -2.214 -8.241 0.0 0.0 0.0 36.7156677 -4.4912102 0.00 268.59 0.98 36.7156680 -4.4912052 0.00 270.42 0.87 0.000 38.242 14:56:39.73
75 -2 -22.2 -23.0 0.738 -4.305 0.0 0.0 0.0 36.7156676 -4.4912113 0.00 268.23 1.04 36.7156680 -4.4912052 0.00 270.42 0.87 0.000 38.242 14:56:39.84
75 -2 -22.2 -23.0 -0.738 -6.273 0.0 0.0 0.0 36.7156676 -4.4912113 0.00 268.23 1.04 36.7156680 -4.4912052 0.00 270.42 0.87 0.000 38.242 14:56:39.93
75 -2 -22.2 -23.0 0.492 -6.150 0.0 0.0 0.0 36.7156676 -4.4912124 0.00 267.86 1.06 36.7156678 -4.4912086 0.00 266.55 0.96 0.000 38.242 14:56:40.04
75 -2 -22.2 -23.0 1.230 -4.674 0.0 0.0 0.0 36.7156676 -4.4912124 0.00 267.86 1.06 36.7156678 -4.4912086 0.00 266.55 0.96 0.000 38.242 14:56:40.14
75 2 -22.2 -23.0 0.984 -5.535 0.0 0.0 0.0 36.7156676 -4.4912134 0.00 267.71 1.05 36.7156678 -4.4912086 0.00 266.55 0.96 0.000 38.242 14:56:40.23
75 2 -22.2 -23.0 3.075 -1.476 0.0 0.0 0.0 36.7156676 -4.4912134 0.00 267.71 1.05 36.7156678 -4.4912086 0.00 266.55 0.96 0.000 38.242 14:56:40.34
75 2 -22.2 -23.0 1.353 -6.150 0.0 0.0 0.0 36.7156675 -4.4912145 0.00 267.51 0.98 36.7156678 -4.4912086 0.00 266.55 0.96 0.000 38.242 14:56:40.43
75 2 -22.2 -23.0 1.230 -2.091 0.0 0.0 0.0 36.7156675 -4.4912145 0.00 267.51 0.98 36.7156678 -4.4912086 0.00 266.55 0.96 0.000 38.242 14:56:40.54
75 2 -22.2 -23.0 2.460 -2.337 0.0 0.0 0.0 36.7156675 -4.4912156 0.00 267.60 0.94 36.7156677 -4.4912119 0.00 271.46 1.02 0.000 38.242 14:56:40.64
75 2 -22.2 -23.0 2.091 -1.353 0.0 0.0 0.0 36.7156675 -4.4912156 0.00 267.60 0.94 36.7156677 -4.4912119 0.00 271.46 1.02 0.000 38.242 14:56:40.75
75 -2 -22.2 -23.0 4.551 -1.722 0.0 0.0 0.0 36.7156675 -4.4912168 0.00 267.60 0.96 36.7156677 -4.4912119 0.00 271.46 1.02 0.000 38.242 14:56:40.84
75 -2 -22.2 -23.0 2.091 -6.642 0.0 0.0 0.0 36.7156675 -4.4912168 0.00 267.60 0.96 36.7156677 -4.4912119 0.00 271.46 1.02 0.000 38.242 14:56:40.95
75 -2 -22.2 -23.0 2.583 0.492 0.0 0.0 0.0 36.7156674 -4.4912179 0.00 267.73 1.07 36.7156677 -4.4912119 0.00 271.46 1.02 0.000 38.242 14:56:41.04
75 -2 -22.2 -23.0 1.599 -5.289 0.0 0.0 0.0 36.7156674 -4.4912179 0.00 267.73 1.07 36.7156677 -4.4912119 0.00 271.46 1.02 0.000 38.242 14:56:41.14
75 -2 -22.2 -23.0 1.353 -3.444 0.0 0.0 0.0 36.7156674 -4.4912190 0.00 267.71 1.07 36.7156677 -4.4912152 0.00 273.41 0.92 0.000 38.242 14:56:41.25
75 -2 -22.2 -23.0 4.551 -2.829 0.0 0.0 0.0 36.7156674 -4.4912190 0.00 267.71 1.07 36.7156677 -4.4912152 0.00 273.41 0.92 0.000 38.242 14:56:41.34
75 -4 -22.2 -23.0 0.738 -6.519 0.0 0.0 0.0 36.7156673 -4.4912202 0.00 267.63 1.07 36.7156677 -4.4912152 0.00 273.41 0.92 0.000 38.242 14:56:41.45
75 -4 -22.2 -23.0 -0.861 -1.230 0.0 0.0 0.0 36.7156673 -4.4912202 0.00 267.63 1.07 36.7156677 -4.4912152 0.00 273.41 0.92 0.000 38.242 14:56:41.54
75 -4 -22.2 -23.0 3.444 -4.674 0.0 0.0 0.0 36.7156673 -4.4912213 0.00 267.52 1.02 36.7156677 -4.4912152 0.00 273.41 0.92 0.000 38.242 14:56:41.65
75 -4 -22.2 -23.0 1.353 -5.535 0.0 0.0 0.0 36.7156673 -4.4912213 0.00 267.52 1.02 36.7156677 -4.4912152 0.00 273.41 0.92 0.000 38.242 14:56:41.75
75 -4 -23.4 -22.2 2.952 -3.444 0.0 0.0 0.0 36.7156672 -4.4912224 0.00 267.30 1.01 36.7156676 -4.4912186 0.00 272.82 1.02 0.000 38.457 14:56:41.84
75 -4 -23.4 -22.2 -0.861 -7.257 0.0 0.0 0.0 36.7156672 -4.4912224 0.00 267.30 1.01 36.7156676 -4.4912186 0.00 272.82 1.02 0.000 38.457 14:56:41.95
75 -4 -23.4 -22.2 -2.829 -1.476 0.0 0.0 0.0 36.7156672 -4.4912236 0.00 266.91 1.03 36.7156676 -4.4912186 0.00 272.82 1.02 0.000 38.457 14:56:42.04
75 -4 -23.4 -22.2 2.214 -7.503 0.0 0.0 0.0 36.7156671 -4.4912247 0.00 266.61 1.03 36.7156676 -4.4912186 0.00 272.82 1.02 0.000 38.457 14:56:42.15
75 -4 -23.4 -22.2 -2.829 -5.412 0.0 0.0 0.0 36.7156671 -4.4912247 0.00 266.61 1.03 36.7156676 -4.4912186 0.00 272.82 1.02 0.000 38.457 14:56:42.25
75 -4 -23.4 -22.2 1.845 -6.396 0.0 0.0 0.0 36.7156671 -4.4912259 0.00 266.18 1.03 36.7156676 -4.4912186 0.00 272.82 1.02 0.000 38.457 14:56:42.35
75 -4 -23.4 -22.2 -0.246 -5.781 0.0 0.0 0.0 36.7156671 -4.4912259 0.00 266.18 1.03 36.7156674 -4.4912220 0.00 270.26 0.97 0.000 38.457 14:56:42.45
75 -1 -23.4 -22.2 -1.722 -3.198 0.0 0.0 0.0 36.7156670 -4.4912269 0.00 265.82 1.00 36.7156674 -4.4912220 0.00 270.26 0.97 0.000 38.457 14:56:42.56
75 -1 -23.4 -22.2 1.845 -7.995 0.0 0.0 0.0 36.7156670 -4.4912269 0.00 265.82 1.00 36.7156674 -4.4912220 0.00 270.26 0.97 0.000 38.457 14:56:42.65
75 -1 -23.4 -22.2 -2.583 -4.428 0.0 0.0 0.0 36.7156670 -4.4912269 0.00 265.82 1.00 36.7156674 -4.4912220 0.00 270.26 0.97 0.000 38.457 14:56:42.75
75 -1 -23.4 -22.2 1.230 -5.904 0.0 0.0 0.0 36.7156669 -4.4912280 0.00 265.48 0.96 36.7156674 -4.4912220 0.00 270.26 0.97 0.000 38.457 14:56:42.85
75 -1 -23.4 -22.2 -2.706 -3.075 0.0 0.0 0.0 36.7156668 -4.4912291 0.00 265.14 0.96 36.7156674 -4.4912220 0.00 270.26 0.97 0.000 38.457 14:56:42.95
75 -1 -23.4 -22.2 2.091 -2.460 0.0 0.0 0.0 36.7156668 -4.4912291 0.00 265.14 0.96 36.7156672 -4.4912253 0.00 269.19 0.99 0.000 38.457 14:56:43.06
75 0 -23.4 -22.2 0.369 -8.364 0.0 0.0 0.0 36.7156668 -4.4912302 0.00 264.95 1.03 36.7156672 -4.4912253 0.00 269.19 0.99 0.000 38.457 14:56:43.15
75 0 -23.4 -22.2 -0.615 -2.706 0.0 0.0 0.0 36.7156668 -4.4912302 0.00 264.95 1.03 36.7156672 -4.4912253 0.00 269.19 0.99 0.000 38.457 14:56:43.25
75 0 -23.4 -22.2 2.829 -5.166 0.0 0.0 0.0 36.7156667 -4.4912313 0.00 264.78 0.97 36.7156672 -4.4912253 0.00 269.19 0.99 0.000 38.457 14:56:43.35
75 0 -23.4 -22.2 -1.476 -4.674 0.0 0.0 0.0 36.7156667 -4.4912313 0.00 264.78 0.97 36.7156672 -4.4912253 0.00 269.19 0.99 0.000 38.457 14:56:43.45
75 0 -23.4 -22.2 6.765 -5.166 0.0 0.0 0.0 36.7156666 -4.4912324 0.00 264.73 1.00 36.7156672 -4.4912253 0.00 269.19 0.99 0.000 38.457 14:56:43.56
75 0 -23.4 -22.2 -1.599 -4.797 0.0 0.0 0.0 36.7156666 -4.4912324 0.00 264.73 1.00 36.7156670 -4.4912287 0.00 273.83 0.98 0.000 38.457 14:56:43.65
75 -4 -23.4 -22.2 2.952 -0.861 0.0 0.0 0.0 36.7156666 -4.4912335 0.00 264.76 1.00 36.7156670 -4.4912287 0.00 273.83 0.98 0.000 38.457 14:56:43.76
75 -4 -23.4 -22.2 0.000 -7.134 0.0 0.0 0.0 36.7156666 -4.4912335 0.00 264.76 1.00 36.7156670 -4.4912287 0.00 273.83 0.98 0.000 38.457 14:56:43.85
75 -4 -23.4 -22.2 -0.123 -3.198 0.0 0.0 0.0 36.7156665 -4.4912347 0.00 264.83 1.00 36.7156670 -4.4912287 0.00 273.83 0.98 0.000 38.457 14:56:43.95
75 -4 -23.4 -22.2 0.369 -7.011 0.0 0.0 0.0 36.7156665 -4.4912347 0.00 264.83 1.00 36.7156670 -4.4912287 0.00 273.83 0.98 0.000 38.457 14:56:44.06
75 -4 -23.4 -22.2 -1.107 -5.535 0.0 0.0 0.0 36.7156663 -4.4912358 0.00 264.67 1.03 36.7156670 -4.4912287 0.00 273.83 0.98 0.000 38.457 14:56:44.15
75 -4 -23.4 -22.2 1.107 -4.059 0.0 0.0 0.0 36.7156663 -4.4912358 0.00 264.67 1.03 36.7156667 -4.4912320 0.00 267.05 0.94 0.000 38.457 14:56:44.26
75 3 -23.4 -22.2 -1.845 -8.487 0.0 0.0 0.0 36.7156662 -4.4912369 0.00 264.34 1.00 36.7156667 -4.4912320 0.00 267.05 0.94 0.000 38.457 14:56:44.35
75 3 -23.4 -22.2 2.460 -1.968 0.0 0.0 0.0 36.7156662 -4.4912369 0.00 264.34 1.00 36.7156667 -4.4912320 0.00 267.05 0.94 0.000 38.457 14:56:44.45
75 3 -23.4 -22.2 -0.123 -7.257 0.0 0.0 0.0 36.7156661 -4.4912380 0.00 264.02 1.00 36.7156667 -4.4912320 0.00 267.05 0.94 0.000 38.457 14:56:44.56
75 3 -23.4 -22.2 2.337 -2.583 0.0 0.0 0.0 36.7156661 -4.4912380 0.00 264.02 1.00 36.7156667 -4.4912320 0.00 267.05 0.94 0.000 38.457 14:56:44.65
75 3 -23.4 -22.2 3.936 -2.337 0.0 0.0 0.0 36.7156660 -4.4912391 0.00 264.07 0.94 36.7156667 -4.4912320 0.00 267.05 0.94 0.000 38.457 14:56:44.76
75 3 -23.4 -22.2 0.123 -2.460 0.0 0.0 0.0 36.7156660 -4.4912391 0.00 264.07 0.94 36.7156664 -4.4912353 0.00 264.86 0.80 0.000 38.457 14:56:44.85
75 6 -23.4 -22.2 4.305 -1.599 0.0 0.0 0.0 36.7156659 -4.4912401 0.00 264.44 0.90 36.7156664 -4.4912353 0.00 264.86 0.80 0.000 38.457 14:56:44.96
75 6 -23.4 -22.2 2.583 -3.321 0.0 0.0 0.0 36.7156659 -4.4912401 0.00 264.44 0.90 36.7156664 -4.4912353 0.00 264.86 0.80 0.000 38.457 14:56:45.06
75 6 -23.4 -22.2 5.043 0.861 0.0 0.0 0.0 36.7156659 -4.4912413 0.00 264.79 1.02 36.7156664 -4.4912353 0.00 264.86 0.80 0.000 38.457 14:56:45.15
75 6 -23.4 -22.2 4.428 -0.984 0.0 0.0 0.0 36.7156659 -4.4912413 0.00 264.79 1.02 36.7156664 -4.4912353 0.00 264.86 0.80 0.000 38.457 14:56:45.26
75 6 -23.4 -22.2 4.182 1.230 0.0 0.0 0.0 36.7156659 -4.4912413 0.00 264.79 1.02 36.7156664 -4.4912353 0.00 264.86 0.80 0.000 38.457 14:56:45.35
75 6 -23.4 -22.2 9.225 1.722 0.0 0.0 0.0 36.7156658 -4.4912424 0.00 265.45 1.10 36.7156661 -4.4912387 0.00 265.25 1.18 0.000 38.457 14:56:45.46
75 7 -23.4 -22.2 5.043 0.861 0.0 0.0 0.0 36.7156657 -4.4912437 0.00 266.14 1.03 36.7156661 -4.4912387 0.00 265.25 1.18 0.000 38.457 14:56:45.56
75 7 -23.4 -22.2 9.840 3.567 0.0 0.0 0.0 36.7156657 -4.4912437 0.00 266.14 1.03 36.7156661 -4.4912387 0.00 265.25 1.18 0.000 38.457 14:56:45.65
75 7 -23.4 -22.2 9.102 0.123 0.0 0.0 0.0 36.7156658 -4.4912448 0.00 266.78 1.07 36.7156661 -4.4912387 0.00 265.25 1.18 0.000 38.457 14:56:45.76
75 7 -23.4 -22.2 6.519 6.396 0.0 0.0 0.0 36.7156658 -4.4912448 0.00 266.78 1.07 36.7156661 -4.4912387 0.00 265.25 1.18 0.000 38.457 14:56:45.85
75 7 -23.4 -22.2 11.070 3.075 0.0 0.0 0.0 36.7156658 -4.4912460 0.00 267.52 1.03 36.7156661 -4.4912387 0.00 265.25 1.18 0.000 38.457 14:56:45.96
75 7 -23.4 -22.2 7.749 4.920 0.0 0.0 0.0 36.7156658 -4.4912460 0.00 267.52 1.03 36.7156659 -4.4912422 0.00 267.98 1.09 0.000 38.457 14:56:46.06
75 6 -23.4 -22.2 13.776 4.797 0.0 0.0 0.0 36.7156658 -4.4912471 0.00 268.38 1.05 36.7156659 -4.4912422 0.00 267.98 1.09 0.000 38.457 14:56:46.17
75 6 -23.4 -22.2 9.963 1.968 0.0 0.0 0.0 36.7156658 -4.4912471 0.00 268.38 1.05 36.7156659 -4.4912422 0.00 267.98 1.09 0.000 38.457 14:56:46.26
75 6 -23.4 -22.2 7.380 3.198 0.0 0.0 0.0 36.7156658 -4.4912471 0.00 268.38 1.05 36.7156659 -4.4912422 0.00 267.98 1.09 0.000 38.457 14:56:46.35
75 6 -23.4 -22.2 12.177 3.444 0.0 0.0 0.0 36.7156658 -4.4912482 0.00 269.32 0.98 36.7156659 -4.4912422 0.00 267.98 1.09 0.000 38.457 14:56:46.46
75 6 -23.4 -22.2 7.257 3.567 0.0 0.0 0.0 36.7156658 -4.4912482 0.00 269.32 0.98 36.7156659 -4.4912422 0.00 267.98 1.09 0.000 38.457 14:56:46.56
75 6 -23.4 -22.2 10.578 4.551 0.0 0.0 0.0 36.7156659 -4.4912493 0.00 270.18 0.97 36.7156659 -4.4912455 0.00 269.31 0.95 0.000 38.457 14:56:46.67
75 6 -22.2 -23.7 11.931 2.337 0.0 0.0 0.0 36.7156659 -4.4912504 0.00 271.03 1.04 36.7156659 -4.4912455 0.00 269.31 0.95 0.000 37.812 14:56:46.76
75 6 -22.2 -23.7 9.594 5.289 0.0 0.0 0.0 36.7156659 -4.4912504 0.00 271.03 1.04 36.7156659 -4.4912455 0.00 269.31 0.95 0.000 37.812 14:56:46.85
75 2 -22.2 -23.7 11.562 4.305 0.0 0.0 0.0 36.7156660 -4.4912515 0.00 271.81 1.02 36.7156659 -4.4912455 0.00 269.31 0.95 0.000 37.812 14:56:46.96
75 2 -22.2 -23.7 8.487 3.936 0.0 0.0 0.0 36.7156660 -4.4912515 0.00 271.81 1.02 36.7156659 -4.4912455 0.00 269.31 0.95 0.000 37.812 14:56:47.06
75 2 -22.2 -23.7 11.070 4.182 0.0 0.0 0.0 36.7156661 -4.4912526 0.00 272.68 1.03 36.7156659 -4.4912455 0.00 269.31 0.95 0.000 37.812 14:56:47.17
75 2 -22.2 -23.7 8.856 2.829 0.0 0.0 0.0 36.7156661 -4.4912526 0.00 272.68 1.03 36.7156659 -4.4912489 0.00 276.78 1.23 0.000 37.812 14:56:47.26
75 -5 -22.2 -23.7 9.471 2.337 0.0 0.0 0.0 36.7156661 -4.4912526 0.00 272.68 1.03 36.7156659 -4.4912489 0.00 276.78 1.23 0.000 37.812 14:56:47.37
75 -5 -22.2 -23.7 2.337 -4.059 0.0 0.0 0.0 36.7156661 -4.4912537 0.00 273.38 0.99 36.7156659 -4.4912489 0.00 276.78 1.23 0.000 37.812 14:56:47.46
75 -5 -22.2 -23.7 3.567 -1.230 0.0 0.0 0.0 36.7156661 -4.4912537 0.00 273.38 0.99 36.7156659 -4.4912489 0.00 276.78 1.23 0.000 37.812 14:56:47.56
75 -5 -22.2 -23.7 2.460 -1.722 0.0 0.0 0.0 36.7156662 -4.4912548 0.00 273.82 0.94 36.7156659 -4.4912489 0.00 276.78 1.23 0.000 37.812 14:56:47.67
75 -5 -22.2 -23.7 0.123 -5.781 0.0 0.0 0.0 36.7156662 -4.4912559 0.00 273.95 1.06 36.7156659 -4.4912489 0.00 276.78 1.23 0.000 37.812 14:56:47.76
75 -5 -22.2 -23.7 -2.829 -1.107 0.0 0.0 0.0 36.7156662 -4.4912559 0.00 273.95 1.06 36.7156661 -4.4912522 0.00 286.74 1.02 0.000 37.812 14:56:47.87
75 -14 -22.2 -23.7 -2.583 -7.380 0.0 0.0 0.0 36.7156663 -4.4912570 0.00 273.84 1.10 36.7156661 -4.4912522 0.00 286.74 1.02 0.000 37.812 14:56:47.96
75 -14 -22.2 -23.7 -6.396 -8.733 0.0 0.0 0.0 36.7156663 -4.4912570 0.00 273.84 1.10 36.7156661 -4.4912522 0.00 286.74 1.02 0.000 37.812 14:56:48.07
75 -14 -22.2 -23.7 -1.230 -8.241 0.0 0.0 0.0 36.7156663 -4.4912582 0.00 273.23 1.05 36.7156661 -4.4912522 0.00 286.74 1.02 0.000 37.812 14:56:48.17
75 -14 -22.2 -23.7 -5.412 -10.824 0.0 0.0 0.0 36.7156663 -4.4912582 0.00 273.23 1.05 36.7156661 -4.4912522 0.00 286.74 1.02 0.000 37.812 14:56:48.26
75 -14 -22.2 -23.7 -3.321 -7.995 0.0 0.0 0.0 36.7156662 -4.4912593 0.00 272.28 1.03 36.7156661 -4.4912522 0.00 286.74 1.02 0.000 37.812 14:56:48.37
75 -14 -22.2 -23.7 -7.995 -12.915 0.0 0.0 0.0 36.7156662 -4.4912593 0.00 272.28 1.03 36.7156662 -4.4912555 0.00 276.35 0.95 0.000 37.812 14:56:48.46
75 -5 -22.2 -23.7 -5.535 -9.225 0.0 0.0 0.0 36.7156662 -4.4912604 0.00 270.79 0.93 36.7156662 -4.4912555 0.00 276.35 0.95 0.000 37.812 14:56:48.57
75 -5 -22.2 -23.7 1.476 -9.840 0.0 0.0 0.0 36.7156662 -4.4912604 0.00 270.79 0.93 36.7156662 -4.4912555 0.00 276.35 0.95 0.000 37.812 14:56:48.67
75 -5 -22.2 -23.7 -4.920 -11.685 0.0 0.0 0.0 36.7156661 -4.4912614 0.00 269.63 0.98 36.7156662 -4.4912555 0.00 276.35 0.95 0.000 37.812 14:56:48.76
75 -5 -22.2 -23.7 -4.797 -9.963 0.0 0.0 0.0 36.7156661 -4.4912614 0.00 269.63 0.98 36.7156662 -4.4912555 0.00 276.35 0.95 0.000 37.812 14:56:48.87
75 -5 -22.2 -23.7 -4.797 -13.653 0.0 0.0 0.0 36.7156661 -4.4912625 0.00 268.81 0.99 36.7156662 -4.4912555 0.00 276.35 0.95 0.000 37.812 14:56:48.96
75 -5 -22.2 -23.7 -5.658 -11.070 0.0 0.0 0.0 36.7156661 -4.4912625 0.00 268.81 0.99 36.7156663 -4.4912589 0.00 270.77 1.00 0.000 37.812 14:56:49.07
75 1 -22.2 -23.7 -3.813 -12.669 0.0 0.0 0.0 36.7156660 -4.4912637 0.00 268.18 1.04 36.7156663 -4.4912589 0.00 270.77 1.00 0.000 37.812 14:56:49.17
75 1 -22.2 -23.7 -0.123 -9.225 0.0 0.0 0.0 36.7156660 -4.4912637 0.00 268.18 1.04 36.7156663 -4.4912589 0.00 270.77 1.00 0.000 37.812 14:56:49.26
75 1 -22.2 -23.7 -1.722 -8.241 0.0 0.0 0.0 36.7156660 -4.4912637 0.00 268.18 1.04 36.7156663 -4.4912589 0.00 270.77 1.00 0.000 37.812 14:56:49.37
75 1 -22.2 -23.7 -3.198 -4.305 0.0 0.0 0.0 36.7156659 -4.4912648 0.00 267.42 1.05 36.7156663 -4.4912589 0.00 270.77 1.00 0.000 37.812 14:56:49.46
75 1 -22.2 -23.7 -3.075 -3.444 0.0 0.0 0.0 36.7156659 -4.4912648 0.00 267.42 1.05 36.7156663 -4.4912589 0.00 270.77 1.00 0.000 37.812 14:56:49.57
75 1 -22.2 -23.7 1.107 -6.888 0.0 0.0 0.0 36.7156658 -4.4912659 0.00 266.95 0.96 36.7156661 -4.4912623 0.00 266.64 1.07 0.000 37.812 14:56:49.67
75 5 -22.2 -23.7 0.000 -3.813 0.0 0.0 0.0 36.7156658 -4.4912671 0.00 266.77 0.98 36.7156661 -4.4912623 0.00 266.64 1.07 0.000 37.812 14:56:49.78
75 5 -22.2 -23.7 4.551 -2.460 0.0 0.0 0.0 36.7156658 -4.4912671 0.00 266.77 0.98 36.7156661 -4.4912623 0.00 266.64 1.07 0.000 37.812 14:56:49.87
75 5 -22.2 -23.7 3.936 -2.706 0.0 0.0 0.0 36.7156657 -4.4912683 0.00 266.93 0.94 36.7156661 -4.4912623 0.00 266.64 1.07 0.000 37.812 14:56:49.96
75 5 -22.2 -23.7 7.626 -0.861 0.0 0.0 0.0 36.7156657 -4.4912683 0.00 266.93 0.94 36.7156661 -4.4912623 0.00 266.64 1.07 0.000 37.812 14:56:50.07
75 5 -22.2 -23.7 4.059 -0.615 0.0 0.0 0.0 36.7156657 -4.4912694 0.00 267.21 0.97 36.7156661 -4.4912623 0.00 266.64 1.07 0.000 37.812 14:56:50.17
75 5 -22.2 -23.7 4.551 0.861 0.0 0.0 0.0 36.7156657 -4.4912694 0.00 267.21 0.97 36.7156660 -4.4912657 0.00 272.20 0.83 0.000 37.812 14:56:50.28
75 0 -22.2 -23.7 6.396 0.369 0.0 0.0 0.0 36.7156657 -4.4912694 0.00 267.21 0.97 36.7156660 -4.4912657 0.00 272.20 0.83 0.000 37.812 14:56:50.37
75 0 -22.2 -23.7 4.059 -1.722 0.0 0.0 0.0 36.7156657 -4.4912705 0.00 267.83 1.03 36.7156660 -4.4912657 0.00 272.20 0.83 0.000 37.812 14:56:50.46
75 0 -22.2 -23.7 7.011 1.599 0.0 0.0 0.0 36.7156657 -4.4912717 0.00 268.49 1.03 36.7156660 -4.4912657 0.00 272.20 0.83 0.000 37.812 14:56:50.57
75 0 -22.2 -23.7 3.690 -1.476 0.0 0.0 0.0 36.7156657 -4.4912717 0.00 268.49 1.03 36.7156660 -4.4912657 0.00 272.20 0.83 0.000 37.812 14:56:50.67
75 0 -22.2 -23.7 4.182 -0.738 0.0 0.0 0.0 36.7156657 -4.4912728 0.00 268.89 1.02 36.7156660 -4.4912657 0.00 272.20 0.83 0.000 37.812 14:56:50.78
75 0 -22.2 -23.7 5.412 0.369 0.0 0.0 0.0 36.7156657 -4.4912728 0.00 268.89 1.02 36.7156658 -4.4912692 0.00 273.64 0.86 0.000 37.812 14:56:50.87
75 0 -22.2 -23.7 4.428 -0.984 0.0 0.0 0.0 36.7156657 -4.4912739 0.00 269.08 0.90 36.7156658 -4.4912692 0.00 273.64 0.86 0.000 37.812 14:56:50.98
75 0 -22.2 -23.7 5.781 0.123 0.0 0.0 0.0 36.7156657 -4.4912739 0.00 269.08 0.90 36.7156658 -4.4912692 0.00 273.64 0.86 0.000 37.812 14:56:51.07
75 0 -22.2 -23.7 4.305 -2.214 0.0 0.0 0.0 36.7156657 -4.4912750 0.00 269.13 0.99 36.7156658 -4.4912692 0.00 273.64 0.86 0.000 37.812 14:56:51.17
75 0 -22.2 -23.7 5.043 -0.492 0.0 0.0 0.0 36.7156657 -4.4912750 0.00 269.13 0.99 36.7156658 -4.4912692 0.00 273.64 0.86 0.000 37.812 14:56:51.28
75 0 -22.2 -23.7 1.107 -4.305 0.0 0.0 0.0 36.7156657 -4.4912762 0.00 269.22 1.00 36.7156658 -4.4912724 0.00 265.17 1.04 0.000 37.812 14:56:51.37
75 0 -22.2 -23.7 1.845 -1.107 0.0 0.0 0.0 36.7156657 -4.4912762 0.00 269.22 1.00 36.7156658 -4.4912724 0.00 265.17 1.04 0.000 37.812 14:56:51.48
75 8 -22.2 -23.7 3.075 -3.813 0.0 0.0 0.0 36.7156657 -4.4912762 0.00 269.22 1.00 36.7156658 -4.4912724 0.00 265.17 1.04 0.000 37.812 14:56:51.57
75 8 -22.2 -23.7 5.781 3.813 0.0 0.0 0.0 36.7156657 -4.4912774 0.00 269.26 1.07 36.7156658 -4.4912724 0.00 265.17 1.04 0.000 37.812 14:56:51.67
75 8 -21.8 -24.9 6.027 0.738 0.0 0.0 0.0 36.7156657 -4.4912786 0.00 269.38 1.12 36.7156658 -4.4912724 0.00 265.17 1.04 0.000 38.242 14:56:51.78
75 8 -21.8 -24.9 4.182 -0.492 0.0 0.0 0.0 36.7156657 -4.4912786 0.00 269.38 1.12 36.7156658 -4.4912724 0.00 265.17 1.04 0.000 38.242 14:56:51.87
75 8 -21.8 -24.9 6.396 2.706 0.0 0.0 0.0 36.7156657 -4.4912798 0.00 269.90 1.10 36.7156658 -4.4912724 0.00 265.17 1.04 0.000 38.242 14:56:51.98
75 8 -21.8 -24.9 5.781 0.984 0.0 0.0 0.0 36.7156657 -4.4912798 0.00 269.90 1.10 36.7156657 -4.4912758 0.00 284.25 0.95 0.000 38.242 14:56:52.07
75 -9 -21.8 -24.9 6.765 3.075 0.0 0.0 0.0 36.7156657 -4.4912809 0.00 270.80 0.98 36.7156657 -4.4912758 0.00 284.25 0.95 0.000 38.242 14:56:52.18
75 -9 -21.8 -24.9 2.337 -3.444 0.0 0.0 0.0 36.7156657 -4.4912809 0.00 270.80 0.98 36.7156657 -4.4912758 0.00 284.25 0.95 0.000 38.242 14:56:52.28
75 -9 -21.8 -24.9 3.321 0.984 0.0 0.0 0.0 36.7156658 -4.4912820 0.00 271.66 0.98 36.7156657 -4.4912758 0.00 284.25 0.95 0.000 38.242 14:56:52.37
75 -9 -21.8 -24.9 1.230 -1.353 0.0 0.0 0.0 36.7156658 -4.4912820 0.00 271.66 0.98 36.7156657 -4.4912758 0.00 284.25 0.95 0.000 38.242 14:56:52.48
75 -9 -21.8 -24.9 -1.476 -6.150 0.0 0.0 0.0 36.7156658 -4.4912831 0.00 271.71 0.98 36.7156657 -4.4912758 0.00 284.25 0.95 0.000 38.242 14:56:52.57
75 -9 -21.8 -24.9 -4.305 -6.519 0.0 0.0 0.0 36.7156658 -4.4912831 0.00 271.71 0.98 36.7156657 -4.4912758 0.00 284.25 0.95 0.000 38.242 14:56:52.68
75 9 -21.8 -24.9 -4.305 -9.471 0.0 0.0 0.0 36.7156657 -4.4912841 0.00 271.26 0.92 36.7156658 -4.4912791 0.00 265.29 0.74 0.000 38.242 14:56:52.78
75 9 -21.8 -24.9 5.412 -0.738 0.0 0.0 0.0 36.7156657 -4.4912841 0.00 271.26 0.92 36.7156658 -4.4912791 0.00 265.29 0.74 0.000 38.242 14:56:52.89
75 9 -21.8 -24.9 2.214 -3.567 0.0 0.0 0.0 36.7156657 -4.4912851 0.00 270.36 1.00 36.7156658 -4.4912791 0.00 265.29 0.74 0.000 38.242 14:56:52.98
75 9 -21.8 -24.9 1.107 -0.984 0.0 0.0 0.0 36.7156657 -4.4912851 0.00 270.36 1.00 36.7156658 -4.4912814 0.00 275.73 1.05 0.000 38.242 14:56:53.07
75 1 -21.8 -24.9 5.166 1.107 0.0 0.0 0.0 36.7156658 -4.4912862 0.00 270.46 0.85 36.7156658 -4.4912824 0.00 275.73 0.74 0.000 38.242 14:56:53.18
75 1 -21.8 -24.9 7.626 -4.059 0.0 0.0 0.0 36.7156658 -4.4912862 0.00 270.46 0.85 36.7156658 -4.4912824 0.00 275.73 0.74 0.000 38.242 14:56:53.28
75 1 -21.8 -24.9 6.027 1.353 0.0 0.0 0.0 36.7156658 -4.4912872 0.00 270.92 1.04 36.7156658 -4.4912824 0.00 275.73 0.74 0.000 38.242 14:56:53.39
75 1 -21.8 -24.9 6.765 2.706 0.0 0.0 0.0 36.7156658 -4.4912872 0.00 270.92 1.04 36.7156658 -4.4912824 0.00 275.73 0.74 0.000 38.242 14:56:53.48
75 1 -21.8 -24.9 5.781 -1.968 0.0 0.0 0.0 36.7156658 -4.4912872 0.00 270.92 1.04 36.7156658 -4.4912824 0.00 275.73 0.74 0.000 38.242 14:56:53.59
75 1 -21.8 -24.9 5.658 0.984 0.0 0.0 0.0 36.7156659 -4.4912883 0.00 271.53 1.05 36.7156658 -4.4912824 0.00 275.73 0.74 0.000 38.242 14:56:53.68
75 1 -21.8 -24.9 6.027 -2.337 0.0 0.0 0.0 36.7156660 -4.4912894 0.00 271.92 1.07 36.7156658 -4.4912824 0.00 275.73 0.74 0.000 38.242 14:56:53.78
75 1 -21.8 -24.9 3.075 1.599 0.0 0.0 0.0 36.7156660 -4.4912894 0.00 271.92 1.07 36.7156659 -4.4912857 0.00 276.88 1.13 0.000 38.242 14:56:53.89