75 0 -23.0 -23.4 2.091 0.123 0.0 0.0 0.0 36.7156702 -4.4910200 0.00 270.55 0.92 36.7156702 -4.4910248 0.00 269.93 1.00 0.000 38.457 15:46:45.34
75 0 -23.0 -23.4 4.920 -3.321 0.0 0.0 0.0 36.7156702 -4.4910200 0.00 270.55 0.92 36.7156702 -4.4910248 0.00 269.93 1.00 0.000 38.457 15:46:45.43
75 0 -23.0 -23.4 1.107 -1.968 0.0 0.0 0.0 36.7156702 -4.4910221 0.00 270.55 0.93 36.7156702 -4.4910260 0.00 270.06 1.04 0.000 38.457 15:46:45.54
75 0 -23.0 -23.4 3.936 -3.444 0.0 0.0 0.0 36.7156702 -4.4910234 0.00 271.96 1.24 36.7156702 -4.4910260 0.00 270.06 1.04 0.000 38.457 15:46:45.64
75 0 -23.0 -23.4 1.353 -0.984 0.0 0.0 0.0 36.7156702 -4.4910234 0.00 271.96 1.24 36.7156702 -4.4910271 0.00 270.03 1.00 0.000 38.457 15:46:45.75
75 -1 -23.0 -23.4 3.198 -4.797 0.0 0.0 0.0 36.7156702 -4.4910234 0.00 271.96 1.24 36.7156702 -4.4910271 0.00 270.03 1.00 0.000 38.457 15:46:45.84
75 -1 -23.0 -23.4 4.305 -3.444 0.0 0.0 0.0 36.7156702 -4.4910234 0.00 271.96 1.24 36.7156702 -4.4910282 0.00 270.09 1.05 0.000 38.457 15:46:45.93
75 -1 -23.0 -23.4 2.706 -2.706 0.0 0.0 0.0 36.7156702 -4.4910234 0.00 271.96 1.24 36.7156702 -4.4910282 0.00 270.09 1.05 0.000 38.457 15:46:46.04
75 -1 -23.0 -23.4 2.952 -1.353 0.0 0.0 0.0 36.7156702 -4.4910255 0.00 274.40 0.88 36.7156701 -4.4910293 0.00 270.16 0.96 0.000 38.457 15:46:46.14
75 -1 -23.0 -23.4 2.583 -4.182 0.0 0.0 0.0 36.7156702 -4.4910255 0.00 274.40 0.88 36.7156701 -4.4910293 0.00 270.16 0.96 0.000 38.457 15:46:46.25
75 -1 -23.0 -23.4 0.984 -3.321 0.0 0.0 0.0 36.7156702 -4.4910266 0.00 274.40 0.95 36.7156701 -4.4910305 0.00 270.03 0.98 0.000 38.457 15:46:46.34
75 0 -23.0 -23.4 2.460 -4.059 0.0 0.0 0.0 36.7156702 -4.4910266 0.00 274.40 0.95 36.7156701 -4.4910305 0.00 270.03 0.98 0.000 38.457 15:46:46.45
75 0 -23.0 -23.4 2.829 0.123 0.0 0.0 0.0 36.7156702 -4.4910266 0.00 274.40 0.95 36.7156701 -4.4910316 0.00 269.91 0.94 0.000 38.457 15:46:46.54
75 0 -23.0 -23.4 3.075 -1.353 0.0 0.0 0.0 36.7156702 -4.4910290 0.00 271.01 0.94 36.7156701 -4.4910316 0.00 269.91 0.94 0.000 38.457 15:46:46.65
75 0 -23.0 -23.4 4.059 -2.460 0.0 0.0 0.0 36.7156702 -4.4910290 0.00 271.01 0.94 36.7156701 -4.4910328 0.00 269.70 1.03 0.000 38.457 15:46:46.75
75 0 -23.0 -23.4 1.230 -3.567 0.0 0.0 0.0 36.7156702 -4.4910300 0.00 271.01 0.79 36.7156701 -4.4910328 0.00 269.70 1.03 0.000 38.457 15:46:46.84
75 0 -23.0 -23.4 3.936 -4.428 0.0 0.0 0.0 36.7156702 -4.4910300 0.00 271.01 0.79 36.7156701 -4.4910339 0.00 269.76 1.00 0.000 38.457 15:46:46.95
75 0 -23.0 -23.4 2.337 -1.599 0.0 0.0 0.0 36.7156702 -4.4910300 0.00 271.01 0.79 36.7156701 -4.4910339 0.00 269.76 1.00 0.000 38.457 15:46:47.04
75 0 -23.0 -23.4 5.043 -6.273 0.0 0.0 0.0 36.7156702 -4.4910300 0.00 271.01 0.79 36.7156701 -4.4910350 0.00 269.73 0.96 0.000 38.457 15:46:47.15
75 0 -23.0 -23.4 0.123 -1.230 0.0 0.0 0.0 36.7156702 -4.4910300 0.00 271.01 0.79 36.7156701 -4.4910350 0.00 269.73 0.96 0.000 38.457 15:46:47.25
75 0 -23.0 -23.4 4.182 -3.198 0.0 0.0 0.0 36.7156701 -4.4910323 0.00 270.89 0.91 36.7156701 -4.4910361 0.00 269.85 0.98 0.000 38.457 15:46:47.34
75 0 -23.0 -23.0 1.722 -2.829 0.0 0.0 0.0 36.7156701 -4.4910323 0.00 270.89 0.91 36.7156701 -4.4910361 0.00 269.85 0.98 0.000 38.242 15:46:47.45
75 0 -23.0 -23.0 3.321 -0.984 0.0 0.0 0.0 36.7156701 -4.4910335 0.00 271.49 0.99 36.7156701 -4.4910372 0.00 269.93 0.96 0.000 38.242 15:46:47.54
75 0 -23.0 -23.0 2.337 -2.460 0.0 0.0 0.0 36.7156701 -4.4910335 0.00 271.49 0.99 36.7156701 -4.4910372 0.00 269.93 0.96 0.000 38.242 15:46:47.65
75 0 -23.0 -23.0 2.337 0.246 0.0 0.0 0.0 36.7156701 -4.4910335 0.00 271.49 0.99 36.7156701 -4.4910383 0.00 269.93 0.95 0.000 38.242 15:46:47.75
75 0 -23.0 -23.0 4.059 -2.583 0.0 0.0 0.0 36.7156701 -4.4910335 0.00 271.49 0.99 36.7156701 -4.4910383 0.00 269.93 0.95 0.000 38.242 15:46:47.85
75 0 -23.0 -23.0 1.968 -0.369 0.0 0.0 0.0 36.7156701 -4.4910357 0.00 274.18 0.98 36.7156701 -4.4910394 0.00 269.83 0.93 0.000 38.242 15:46:47.95
75 0 -23.0 -23.0 5.043 -3.936 0.0 0.0 0.0 36.7156701 -4.4910357 0.00 274.18 0.98 36.7156701 -4.4910394 0.00 269.83 0.93 0.000 38.242 15:46:48.04
75 0 -23.0 -23.0 3.321 -1.722 0.0 0.0 0.0 36.7156701 -4.4910368 0.00 274.18 0.87 36.7156701 -4.4910405 0.00 269.79 1.02 0.000 38.242 15:46:48.15
75 0 -23.0 -23.0 4.674 -2.829 0.0 0.0 0.0 36.7156701 -4.4910368 0.00 274.18 0.87 36.7156701 -4.4910405 0.00 269.79 1.02 0.000 38.242 15:46:48.25
75 0 -23.0 -23.0 1.845 -1.353 0.0 0.0 0.0 36.7156701 -4.4910368 0.00 274.18 0.87 36.7156700 -4.4910417 0.00 269.67 0.97 0.000 38.242 15:46:48.35
75 0 -23.0 -23.0 5.289 -2.337 0.0 0.0 0.0 36.7156701 -4.4910368 0.00 274.18 0.87 36.7156700 -4.4910417 0.00 269.67 0.97 0.000 38.242 15:46:48.45
75 0 -23.0 -23.0 2.829 -2.583 0.0 0.0 0.0 36.7156701 -4.4910390 0.00 272.05 0.88 36.7156700 -4.4910428 0.00 269.73 0.98 0.000 38.242 15:46:48.54
75 0 -23.0 -23.0 3.321 -3.690 0.0 0.0 0.0 36.7156701 -4.4910390 0.00 272.05 0.88 36.7156700 -4.4910428 0.00 269.73 0.98 0.000 38.242 15:46:48.65
75 0 -23.0 -23.0 1.968 -0.738 0.0 0.0 0.0 36.7156701 -4.4910402 0.00 274.75 1.15 36.7156700 -4.4910439 0.00 269.81 0.94 0.000 38.242 15:46:48.75
75 0 -23.0 -23.0 0.123 -3.198 0.0 0.0 0.0 36.7156701 -4.4910402 0.00 274.75 1.15 36.7156700 -4.4910439 0.00 269.81 0.94 0.000 38.242 15:46:48.85
75 0 -23.0 -23.0 2.583 -2.214 0.0 0.0 0.0 36.7156701 -4.4910402 0.00 274.75 1.15 36.7156700 -4.4910451 0.00 269.85 0.96 0.000 38.242 15:46:48.95
75 0 -23.0 -23.0 1.599 -2.214 0.0 0.0 0.0 36.7156701 -4.4910402 0.00 274.75 1.15 36.7156700 -4.4910451 0.00 269.85 0.96 0.000 38.242 15:46:49.04
75 0 -23.0 -23.0 4.551 -1.968 0.0 0.0 0.0 36.7156701 -4.4910426 0.00 273.95 1.15 36.7156700 -4.4910462 0.00 269.96 0.96 0.000 38.242 15:46:49.15
75 0 -23.0 -23.0 2.829 -1.353 0.0 0.0 0.0 36.7156701 -4.4910426 0.00 273.95 1.15 36.7156700 -4.4910462 0.00 269.96 0.96 0.000 38.242 15:46:49.25
75 0 -23.0 -23.0 5.043 -4.551 0.0 0.0 0.0 36.7156701 -4.4910437 0.00 273.95 0.85 36.7156700 -4.4910473 0.00 270.00 0.99 0.000 38.242 15:46:49.35
75 0 -23.0 -23.0 2.460 -1.476 0.0 0.0 0.0 36.7156701 -4.4910437 0.00 273.95 0.85 36.7156700 -4.4910473 0.00 270.00 0.99 0.000 38.242 15:46:49.45
75 0 -23.0 -23.0 1.476 -3.444 0.0 0.0 0.0 36.7156701 -4.4910437 0.00 273.95 0.85 36.7156701 -4.4910484 0.00 269.99 0.98 0.000 38.242 15:46:49.54
75 0 -23.0 -23.0 1.599 -1.353 0.0 0.0 0.0 36.7156702 -4.4910460 0.00 269.65 1.18 36.7156701 -4.4910484 0.00 269.99 0.98 0.000 38.242 15:46:49.65
75 0 -23.0 -23.0 1.722 -4.182 0.0 0.0 0.0 36.7156702 -4.4910460 0.00 269.65 1.18 36.7156700 -4.4910495 0.00 270.03 0.92 0.000 38.242 15:46:49.75
75 0 -23.0 -23.0 1.476 -1.722 0.0 0.0 0.0 36.7156702 -4.4910460 0.00 269.65 1.18 36.7156700 -4.4910495 0.00 270.03 0.92 0.000 38.242 15:46:49.85
75 0 -23.0 -23.0 3.444 -2.706 0.0 0.0 0.0 36.7156701 -4.4910470 0.00 269.65 0.80 36.7156700 -4.4910507 0.00 269.96 0.96 0.000 38.242 15:46:49.95
75 0 -23.0 -23.0 4.674 -2.091 0.0 0.0 0.0 36.7156701 -4.4910470 0.00 269.65 0.80 36.7156700 -4.4910507 0.00 269.96 0.96 0.000 38.242 15:46:50.04
75 0 -23.0 -23.0 2.091 -1.230 0.0 0.0 0.0 36.7156701 -4.4910470 0.00 269.65 0.80 36.7156701 -4.4910517 0.00 269.86 0.89 0.000 38.242 15:46:50.15
75 0 -23.0 -23.0 3.936 -2.706 0.0 0.0 0.0 36.7156701 -4.4910470 0.00 269.65 0.80 36.7156701 -4.4910517 0.00 269.86 0.89 0.000 38.242 15:46:50.25
75 0 -23.0 -23.0 3.690 -0.369 0.0 0.0 0.0 36.7156702 -4.4910492 0.00 273.72 0.82 36.7156701 -4.4910529 0.00 269.96 0.99 0.000 38.242 15:46:50.35
75 0 -23.0 -23.0 4.428 -3.813 0.0 0.0 0.0 36.7156702 -4.4910492 0.00 273.72 0.82 36.7156701 -4.4910529 0.00 269.96 0.99 0.000 38.242 15:46:50.45
75 0 -23.0 -23.0 1.353 0.738 0.0 0.0 0.0 36.7156702 -4.4910504 0.00 268.98 1.06 36.7156701 -4.4910540 0.00 270.01 1.03 0.000 38.242 15:46:50.54
75 0 -23.0 -23.0 5.043 -3.567 0.0 0.0 0.0 36.7156702 -4.4910504 0.00 268.98 1.06 36.7156701 -4.4910540 0.00 270.01 1.03 0.000 38.242 15:46:50.65
75 0 -23.0 -23.0 2.337 -0.861 0.0 0.0 0.0 36.7156702 -4.4910504 0.00 268.98 1.06 36.7156701 -4.4910552 0.00 270.08 1.02 0.000 38.242 15:46:50.75
75 0 -23.0 -23.0 5.289 -3.444 0.0 0.0 0.0 36.7156702 -4.4910504 0.00 268.98 1.06 36.7156701 -4.4910552 0.00 270.08 1.02 0.000 38.242 15:46:50.85
75 0 -23.0 -23.0 2.829 -0.738 0.0 0.0 0.0 36.7156702 -4.4910526 0.00 274.06 1.00 36.7156700 -4.4910563 0.00 270.13 0.94 0.000 38.242 15:46:50.95
75 0 -23.0 -23.0 1.599 -1.722 0.0 0.0 0.0 36.7156702 -4.4910526 0.00 274.06 1.00 36.7156700 -4.4910563 0.00 270.13 0.94 0.000 38.242 15:46:51.04
75 0 -23.0 -23.0 2.583 -5.043 0.0 0.0 0.0 36.7156702 -4.4910537 0.00 272.29 1.01 36.7156700 -4.4910574 0.00 270.16 0.91 0.000 38.242 15:46:51.15
75 0 -23.0 -23.0 1.968 -1.599 0.0 0.0 0.0 36.7156702 -4.4910537 0.00 272.29 1.01 36.7156700 -4.4910574 0.00 270.16 0.91 0.000 38.242 15:46:51.25
75 0 -23.0 -23.0 4.182 -3.075 0.0 0.0 0.0 36.7156702 -4.4910537 0.00 272.29 1.01 36.7156700 -4.4910585 0.00 270.37 0.93 0.000 38.242 15:46:51.35
75 0 -23.0 -23.0 2.583 -4.059 0.0 0.0 0.0 36.7156702 -4.4910537 0.00 272.29 1.01 36.7156700 -4.4910585 0.00 270.37 0.93 0.000 38.242 15:46:51.45
75 -1 -23.0 -23.0 4.428 -5.166 0.0 0.0 0.0 36.7156701 -4.4910559 0.00 273.07 0.97 36.7156700 -4.4910596 0.00 270.61 0.98 0.000 38.242 15:46:51.54
75 -1 -23.0 -23.0 -0.246 -2.091 0.0 0.0 0.0 36.7156701 -4.4910570 0.00 273.07 0.96 36.7156700 -4.4910596 0.00 270.61 0.98 0.000 38.242 15:46:51.65
75 -1 -23.0 -23.0 1.476 -4.059 0.0 0.0 0.0 36.7156701 -4.4910570 0.00 273.07 0.96 36.7156700 -4.4910608 0.00 270.74 1.00 0.000 38.242 15:46:51.75
75 -1 -23.0 -23.0 1.599 -2.952 0.0 0.0 0.0 36.7156701 -4.4910570 0.00 273.07 0.96 36.7156700 -4.4910608 0.00 270.74 1.00 0.000 38.242 15:46:51.85
75 -1 -23.0 -23.0 0.492 -5.412 0.0 0.0 0.0 36.7156701 -4.4910570 0.00 273.07 0.96 36.7156700 -4.4910619 0.00 270.83 0.97 0.000 38.242 15:46:51.95
75 -1 -23.0 -23.0 2.337 -0.615 0.0 0.0 0.0 36.7156701 -4.4910570 0.00 273.07 0.96 36.7156700 -4.4910619 0.00 270.83 0.97 0.000 38.242 15:46:52.04
75 -1 -23.0 -23.0 0.000 -4.182 0.0 0.0 0.0 36.7156701 -4.4910593 0.00 275.14 0.99 36.7156700 -4.4910631 0.00 270.71 1.01 0.000 38.242 15:46:52.15
75 -1 -23.0 -23.0 2.337 -4.797 0.0 0.0 0.0 36.7156701 -4.4910593 0.00 275.14 0.99 36.7156700 -4.4910631 0.00 270.71 1.01 0.000 38.242 15:46:52.25
75 -1 -23.4 -22.2 0.615 -3.813 0.0 0.0 0.0 36.7156701 -4.4910604 0.00 275.14 0.89 36.7156701 -4.4910642 0.00 270.53 0.96 0.000 38.027 15:46:52.35
75 -1 -23.4 -22.2 3.813 -5.412 0.0 0.0 0.0 36.7156701 -4.4910604 0.00 275.14 0.89 36.7156701 -4.4910642 0.00 270.53 0.96 0.000 38.027 15:46:52.45
75 -2 -23.4 -22.2 1.353 -1.476 0.0 0.0 0.0 36.7156701 -4.4910604 0.00 275.14 0.89 36.7156700 -4.4910652 0.00 270.39 0.95 0.000 38.027 15:46:52.54
75 -2 -23.4 -22.2 2.337 -6.519 0.0 0.0 0.0 36.7156701 -4.4910604 0.00 275.14 0.89 36.7156700 -4.4910652 0.00 270.39 0.95 0.000 38.027 15:46:52.65
75 -2 -23.4 -22.2 2.091 -3.567 0.0 0.0 0.0 36.7156701 -4.4910626 0.00 271.88 0.93 36.7156700 -4.4910663 0.00 270.17 0.97 0.000 38.027 15:46:52.75
75 -2 -23.4 -22.2 -0.369 -5.412 0.0 0.0 0.0 36.7156701 -4.4910626 0.00 271.88 0.93 36.7156700 -4.4910663 0.00 270.17 0.97 0.000 38.027 15:46:52.85
75 -2 -23.4 -22.2 2.829 -1.230 0.0 0.0 0.0 36.7156702 -4.4910638 0.00 274.04 1.11 36.7156700 -4.4910675 0.00 269.97 1.00 0.000 38.027 15:46:52.95
75 -2 -23.4 -22.2 0.123 -5.535 0.0 0.0 0.0 36.7156702 -4.4910638 0.00 274.04 1.11 36.7156700 -4.4910675 0.00 269.97 1.00 0.000 38.027 15:46:53.04
75 -1 -23.4 -22.2 3.075 -4.674 0.0 0.0 0.0 36.7156702 -4.4910638 0.00 274.04 1.11 36.7156700 -4.4910686 0.00 269.81 1.01 0.000 38.027 15:46:53.15
75 -1 -23.4 -22.2 1.353 -2.583 0.0 0.0 0.0 36.7156701 -4.4910661 0.00 268.53 0.93 36.7156700 -4.4910686 0.00 269.81 1.01 0.000 38.027 15:46:53.25
75 -1 -23.4 -22.2 2.460 -5.166 0.0 0.0 0.0 36.7156701 -4.4910661 0.00 268.53 0.93 36.7156700 -4.4910698 0.00 269.61 1.01 0.000 38.027 15:46:53.35
75 -1 -23.4 -22.2 2.091 -1.476 0.0 0.0 0.0 36.7156701 -4.4910661 0.00 268.53 0.93 36.7156700 -4.4910698 0.00 269.61 1.01 0.000 38.027 15:46:53.45
75 -1 -23.4 -22.2 4.797 -5.043 0.0 0.0 0.0 36.7156700 -4.4910671 0.00 268.53 0.88 36.7156700 -4.4910709 0.00 269.43 0.96 0.000 38.027 15:46:53.54
75 -1 -23.4 -22.2 1.230 -2.460 0.0 0.0 0.0 36.7156700 -4.4910671 0.00 268.53 0.88 36.7156700 -4.4910709 0.00 269.43 0.96 0.000 38.027 15:46:53.65
75 -1 -23.4 -22.2 4.428 -4.059 0.0 0.0 0.0 36.7156700 -4.4910671 0.00 268.53 0.88 36.7156700 -4.4910720 0.00 269.23 0.98 0.000 38.027 15:46:53.75
75 -1 -23.4 -22.2 0.000 -3.567 0.0 0.0 0.0 36.7156701 -4.4910695 0.00 269.37 1.09 36.7156700 -4.4910720 0.00 269.23 0.98 0.000 38.027 15:46:53.85
75 -1 -23.4 -22.2 2.583 -1.845 0.0 0.0 0.0 36.7156701 -4.4910695 0.00 269.37 1.09 36.7156699 -4.4910732 0.00 269.05 0.98 0.000 38.027 15:46:53.95
75 -1 -23.4 -22.2 0.738 -5.289 0.0 0.0 0.0 36.7156701 -4.4910706 0.00 269.37 0.97 36.7156699 -4.4910732 0.00 269.05 0.98 0.000 38.027 15:46:54.06
75 -1 -23.4 -22.2 0.984 -5.412 0.0 0.0 0.0 36.7156701 -4.4910706 0.00 269.37 0.97 36.7156699 -4.4910742 0.00 268.87 0.89 0.000 38.027 15:46:54.15
75 -1 -23.4 -22.2 4.305 -5.166 0.0 0.0 0.0 36.7156701 -4.4910706 0.00 269.37 0.97 36.7156699 -4.4910742 0.00 268.87 0.89 0.000 38.027 15:46:54.25
75 -1 -23.4 -22.2 0.246 -3.198 0.0 0.0 0.0 36.7156701 -4.4910706 0.00 269.37 0.97 36.7156699 -4.4910753 0.00 268.67 0.96 0.000 38.027 15:46:54.35
75 -1 -23.4 -22.2 3.444 -5.658 0.0 0.0 0.0 36.7156700 -4.4910728 0.00 266.86 0.93 36.7156699 -4.4910753 0.00 268.67 0.96 0.000 38.027 15:46:54.45
75 0 -23.4 -22.2 1.230 -3.936 0.0 0.0 0.0 36.7156700 -4.4910728 0.00 266.86 0.93 36.7156699 -4.4910764 0.00 268.49 0.92 0.000 38.027 15:46:54.56
75 0 -23.4 -22.2 4.305 -4.305 0.0 0.0 0.0 36.7156700 -4.4910738 0.00 266.86 0.81 36.7156699 -4.4910764 0.00 268.49 0.92 0.000 38.027 15:46:54.65
75 0 -23.4 -22.2 -0.861 -2.460 0.0 0.0 0.0 36.7156700 -4.4910738 0.00 266.86 0.81 36.7156698 -4.4910775 0.00 268.31 0.95 0.000 38.027 15:46:54.75
75 0 -23.4 -22.2 4.551 -3.936 0.0 0.0 0.0 36.7156700 -4.4910738 0.00 266.86 0.81 36.7156698 -4.4910775 0.00 268.31 0.95 0.000 38.027 15:46:54.85
75 0 -23.4 -22.2 4.305 -0.246 0.0 0.0 0.0 36.7156700 -4.4910738 0.00 266.86 0.81 36.7156698 -4.4910785 0.00 268.05 0.96 0.000 38.027 15:46:54.95
75 0 -23.4 -22.2 1.230 -0.984 0.0 0.0 0.0 36.7156699 -4.4910760 0.00 271.11 0.93 36.7156698 -4.4910785 0.00 268.05 0.96 0.000 38.027 15:46:55.06
75 0 -23.4 -22.2 5.535 -3.198 0.0 0.0 0.0 36.7156699 -4.4910760 0.00 271.11 0.93 36.7156698 -4.4910797 0.00 268.07 0.96 0.000 38.027 15:46:55.15
75 0 -23.4 -22.2 1.722 -2.214 0.0 0.0 0.0 36.7156699 -4.4910771 0.00 271.11 0.90 36.7156698 -4.4910797 0.00 268.07 0.96 0.000 38.027 15:46:55.26
75 0 -23.4 -22.2 7.134 -4.551 0.0 0.0 0.0 36.7156699 -4.4910771 0.00 271.11 0.90 36.7156698 -4.4910808 0.00 267.94 0.95 0.000 38.027 15:46:55.35
75 0 -23.4 -22.2 1.353 -0.984 0.0 0.0 0.0 36.7156699 -4.4910771 0.00 271.11 0.90 36.7156698 -4.4910808 0.00 267.94 0.95 0.000 38.027 15:46:55.45
75 0 -23.4 -22.2 4.551 -4.182 0.0 0.0 0.0 36.7156699 -4.4910771 0.00 271.11 0.90 36.7156697 -4.4910819 0.00 267.91 0.94 0.000 38.027 15:46:55.56
75 0 -23.4 -22.2 4.059 -1.968 0.0 0.0 0.0 36.7156699 -4.4910795 0.00 273.18 1.12 36.7156697 -4.4910819 0.00 267.91 0.94 0.000 38.027 15:46:55.65
75 0 -23.4 -22.2 3.198 -3.936 0.0 0.0 0.0 36.7156699 -4.4910795 0.00 273.18 1.12 36.7156697 -4.4910831 0.00 267.91 0.98 0.000 38.027 15:46:55.76
75 0 -23.4 -22.2 4.674 -2.091 0.0 0.0 0.0 36.7156697 -4.4910805 0.00 273.18 0.69 36.7156697 -4.4910831 0.00 267.91 0.98 0.000 38.027 15:46:55.85
75 0 -23.4 -22.2 1.845 -2.460 0.0 0.0 0.0 36.7156697 -4.4910805 0.00 273.18 0.69 36.7156697 -4.4910843 0.00 267.88 1.04 0.000 38.027 15:46:55.96
75 0 -23.4 -22.2 7.011 -3.444 0.0 0.0 0.0 36.7156697 -4.4910805 0.00 273.18 0.69 36.7156697 -4.4910843 0.00 267.88 1.04 0.000 38.027 15:46:56.06
75 0 -23.4 -22.2 0.492 -1.107 0.0 0.0 0.0 36.7156697 -4.4910805 0.00 273.18 0.69 36.7156696 -4.4910854 0.00 267.83 1.06 0.000 38.027 15:46:56.17
75 0 -23.4 -22.2 6.273 -4.428 0.0 0.0 0.0 36.7156697 -4.4910829 0.00 268.97 1.27 36.7156696 -4.4910854 0.00 267.83 1.06 0.000 38.027 15:46:56.26
75 0 -23.4 -22.2 2.583 0.123 0.0 0.0 0.0 36.7156697 -4.4910829 0.00 268.97 1.27 36.7156696 -4.4910866 0.00 267.92 0.99 0.000 38.027 15:46:56.35
75 0 -23.4 -22.2 5.043 -4.920 0.0 0.0 0.0 36.7156697 -4.4910840 0.00 268.97 0.85 36.7156696 -4.4910866 0.00 267.92 0.99 0.000 38.027 15:46:56.46
75 0 -23.4 -22.2 2.214 0.123 0.0 0.0 0.0 36.7156697 -4.4910840 0.00 268.97 0.85 36.7156695 -4.4910877 0.00 267.95 0.99 0.000 38.027 15:46:56.56
75 0 -23.4 -22.2 1.722 -4.551 0.0 0.0 0.0 36.7156697 -4.4910840 0.00 268.97 0.85 36.7156695 -4.4910877 0.00 267.95 0.99 0.000 38.027 15:46:56.67
75 0 -23.4 -22.2 3.198 -1.845 0.0 0.0 0.0 36.7156697 -4.4910840 0.00 268.97 0.85 36.7156695 -4.4910888 0.00 268.06 0.89 0.000 38.027 15:46:56.76
75 0 -23.4 -22.2 2.706 -3.567 0.0 0.0 0.0 36.7156696 -4.4910863 0.00 273.46 1.04 36.7156695 -4.4910888 0.00 268.06 0.89 0.000 38.027 15:46:56.87
75 0 -23.4 -22.2 2.337 -0.123 0.0 0.0 0.0 36.7156696 -4.4910863 0.00 273.46 1.04 36.7156695 -4.4910900 0.00 268.02 0.96 0.000 38.027 15:46:56.96
75 0 -23.4 -22.2 4.182 -0.123 0.0 0.0 0.0 36.7156696 -4.4910874 0.00 272.66 1.01 36.7156695 -4.4910900 0.00 268.02 0.96 0.000 38.027 15:46:57.06
75 0 -23.4 -22.2 3.198 -2.460 0.0 0.0 0.0 36.7156696 -4.4910874 0.00 272.66 1.01 36.7156694 -4.4910910 0.00 268.10 0.98 0.000 38.027 15:46:57.17
75 0 -23.4 -22.2 3.936 0.615 0.0 0.0 0.0 36.7156696 -4.4910874 0.00 272.66 1.01 36.7156694 -4.4910910 0.00 268.10 0.98 0.000 38.027 15:46:57.26
75 0 -22.6 -23.0 4.674 0.123 0.0 0.0 0.0 36.7156696 -4.4910874 0.00 272.66 1.01 36.7156694 -4.4910922 0.00 268.17 1.00 0.000 38.027 15:46:57.37
75 0 -22.6 -23.0 3.567 -1.107 0.0 0.0 0.0 36.7156695 -4.4910896 0.00 268.10 1.00 36.7156694 -4.4910922 0.00 268.17 1.00 0.000 38.027 15:46:57.46
75 0 -22.6 -23.0 4.797 -3.444 0.0 0.0 0.0 36.7156695 -4.4910896 0.00 268.10 1.00 36.7156694 -4.4910933 0.00 268.20 1.00 0.000 38.027 15:46:57.56
75 0 -22.6 -23.0 1.230 -0.123 0.0 0.0 0.0 36.7156695 -4.4910908 0.00 270.03 1.06 36.7156694 -4.4910933 0.00 268.20 1.00 0.000 38.027 15:46:57.67
75 0 -22.6 -23.0 3.321 -1.107 0.0 0.0 0.0 36.7156695 -4.4910908 0.00 270.03 1.06 36.7156694 -4.4910945 0.00 268.19 1.00 0.000 38.027 15:46:57.76
75 0 -22.6 -23.0 0.369 -1.353 0.0 0.0 0.0 36.7156695 -4.4910908 0.00 270.03 1.06 36.7156694 -4.4910945 0.00 268.19 1.00 0.000 38.027 15:46:57.87
75 0 -22.6 -23.0 2.829 -2.583 0.0 0.0 0.0 36.7156695 -4.4910908 0.00 270.03 1.06 36.7156693 -4.4910956 0.00 268.29 0.93 0.000 38.027 15:46:57.96
75 0 -22.6 -23.0 1.722 -2.583 0.0 0.0 0.0 36.7156694 -4.4910930 0.00 270.03 0.91 36.7156693 -4.4910956 0.00 268.29 0.93 0.000 38.027 15:46:58.07
75 1 -22.6 -23.0 3.690 -3.444 0.0 0.0 0.0 36.7156694 -4.4910930 0.00 270.03 0.91 36.7156693 -4.4910967 0.00 268.39 0.95 0.000 38.027 15:46:58.17
75 1 -22.6 -23.0 5.289 -2.460 0.0 0.0 0.0 36.7156694 -4.4910941 0.00 270.15 1.01 36.7156693 -4.4910967 0.00 268.39 0.95 0.000 38.027 15:46:58.26
75 1 -22.6 -23.0 1.353 0.123 0.0 0.0 0.0 36.7156694 -4.4910941 0.00 270.15 1.01 36.7156693 -4.4910979 0.00 268.43 1.04 0.000 38.027 15:46:58.37
75 1 -22.6 -23.0 7.503 -1.599 0.0 0.0 0.0 36.7156694 -4.4910941 0.00 270.15 1.01 36.7156693 -4.4910989 0.00 268.46 0.93 0.000 38.027 15:46:58.46
75 1 -22.6 -23.0 4.059 0.615 0.0 0.0 0.0 36.7156694 -4.4910941 0.00 270.15 1.01 36.7156693 -4.4910989 0.00 268.46 0.93 0.000 38.027 15:46:58.57
75 1 -22.6 -23.0 5.043 0.123 0.0 0.0 0.0 36.7156694 -4.4910963 0.00 267.05 0.81 36.7156692 -4.4911000 0.00 268.42 0.92 0.000 38.027 15:46:58.67
75 1 -22.6 -23.0 4.551 0.492 0.0 0.0 0.0 36.7156694 -4.4910963 0.00 267.05 0.81 36.7156692 -4.4911000 0.00 268.42 0.92 0.000 38.027 15:46:58.78
75 1 -22.6 -23.0 6.888 0.492 0.0 0.0 0.0 36.7156693 -4.4910974 0.00 264.46 1.15 36.7156692 -4.4911011 0.00 268.69 1.00 0.000 38.027 15:46:58.87
75 1 -22.6 -23.0 7.134 -1.599 0.0 0.0 0.0 36.7156693 -4.4910974 0.00 264.46 1.15 36.7156692 -4.4911011 0.00 268.69 1.00 0.000 38.027 15:46:58.96
75 1 -22.6 -23.0 3.198 0.615 0.0 0.0 0.0 36.7156693 -4.4910974 0.00 264.46 1.15 36.7156692 -4.4911023 0.00 268.97 1.05 0.000 38.027 15:46:59.07
75 1 -22.6 -23.0 5.904 -0.369 0.0 0.0 0.0 36.7156693 -4.4910974 0.00 264.46 1.15 36.7156692 -4.4911023 0.00 268.97 1.05 0.000 38.027 15:46:59.17
75 1 -22.6 -23.0 0.861 -1.353 0.0 0.0 0.0 36.7156693 -4.4910997 0.00 268.92 1.13 36.7156691 -4.4911035 0.00 269.41 1.10 0.000 38.027 15:46:59.28
75 0 -22.6 -23.0 6.519 -2.091 0.0 0.0 0.0 36.7156693 -4.4910997 0.00 268.92 1.13 36.7156691 -4.4911035 0.00 269.41 1.10 0.000 38.027 15:46:59.37
75 0 -22.6 -23.0 2.952 -0.861 0.0 0.0 0.0 36.7156692 -4.4911009 0.00 270.63 1.03 36.7156691 -4.4911047 0.00 269.96 1.03 0.000 38.027 15:46:59.46
75 0 -22.6 -23.0 3.567 -3.690 0.0 0.0 0.0 36.7156692 -4.4911009 0.00 270.63 1.03 36.7156691 -4.4911047 0.00 269.96 1.03 0.000 38.027 15:46:59.57
75 0 -22.6 -23.0 -0.246 -0.861 0.0 0.0 0.0 36.7156692 -4.4911009 0.00 270.63 1.03 36.7156692 -4.4911058 0.00 270.51 0.98 0.000 38.027 15:46:59.67
75 -1 -22.6 -23.0 1.722 -3.567 0.0 0.0 0.0 36.7156692 -4.4911009 0.00 270.63 1.03 36.7156692 -4.4911058 0.00 270.51 0.98 0.000 38.027 15:46:59.78
75 -1 -22.6 -23.0 3.813 -1.845 0.0 0.0 0.0 36.7156692 -4.4911031 0.00 270.63 0.93 36.7156692 -4.4911069 0.00 270.74 0.98 0.000 38.027 15:46:59.87
75 -1 -22.6 -23.0 1.230 -4.059 0.0 0.0 0.0 36.7156692 -4.4911031 0.00 270.63 0.93 36.7156692 -4.4911069 0.00 270.74 0.98 0.000 38.027 15:46:59.98
75 -1 -22.6 -23.0 3.444 -3.321 0.0 0.0 0.0 36.7156692 -4.4911042 0.00 270.63 0.96 36.7156691 -4.4911080 0.00 270.90 0.96 0.000 38.027 15:47:00.07
75 -1 -22.6 -23.0 2.337 -1.599 0.0 0.0 0.0 36.7156692 -4.4911042 0.00 270.63 0.96 36.7156691 -4.4911080 0.00 270.90 0.96 0.000 38.027 15:47:00.17
75 -1 -22.6 -23.0 3.567 -3.813 0.0 0.0 0.0 36.7156692 -4.4911042 0.00 270.63 0.96 36.7156691 -4.4911090 0.00 270.77 0.95 0.000 38.027 15:47:00.28
75 -1 -22.6 -23.0 1.845 -1.353 0.0 0.0 0.0 36.7156692 -4.4911042 0.00 270.63 0.96 36.7156691 -4.4911090 0.00 270.77 0.95 0.000 38.027 15:47:00.37
75 -1 -22.6 -23.0 4.182 -7.626 0.0 0.0 0.0 36.7156692 -4.4911064 0.00 273.18 0.85 36.7156691 -4.4911101 0.00 270.58 1.01 0.000 38.027 15:47:00.48
75 -1 -22.6 -23.0 0.861 -0.861 0.0 0.0 0.0 36.7156692 -4.4911064 0.00 273.18 0.85 36.7156691 -4.4911101 0.00 270.58 1.01 0.000 38.027 15:47:00.57
75 -1 -22.6 -23.0 2.583 -7.503 0.0 0.0 0.0 36.7156692 -4.4911075 0.00 272.29 1.01 36.7156691 -4.4911112 0.00 270.48 0.97 0.000 38.027 15:47:00.67
75 -1 -22.6 -23.0 -0.123 -3.813 0.0 0.0 0.0 36.7156692 -4.4911075 0.00 272.29 1.01 36.7156691 -4.4911112 0.00 270.48 0.97 0.000 38.027 15:47:00.78
75 -1 -22.6 -23.0 0.984 -4.551 0.0 0.0 0.0 36.7156692 -4.4911075 0.00 272.29 1.01 36.7156691 -4.4911124 0.00 270.30 0.91 0.000 38.027 15:47:00.87
75 -1 -22.6 -23.0 1.107 -4.920 0.0 0.0 0.0 36.7156692 -4.4911075 0.00 272.29 1.01 36.7156691 -4.4911124 0.00 270.30 0.91 0.000 38.027 15:47:00.98
75 -1 -22.6 -23.0 1.476 -1.230 0.0 0.0 0.0 36.7156692 -4.4911098 0.00 270.98 1.08 36.7156691 -4.4911135 0.00 270.13 0.99 0.000 38.027 15:47:01.07
75 0 -22.6 -23.0 1.353 -7.503 0.0 0.0 0.0 36.7156692 -4.4911098 0.00 270.98 1.08 36.7156691 -4.4911135 0.00 270.13 0.99 0.000 38.027 15:47:01.18
75 0 -22.6 -23.0 2.829 0.369 0.0 0.0 0.0 36.7156692 -4.4911109 0.00 270.98 0.90 36.7156691 -4.4911146 0.00 269.89 1.00 0.000 38.027 15:47:01.28
75 0 -22.6 -23.0 2.214 -5.658 0.0 0.0 0.0 36.7156692 -4.4911109 0.00 270.98 0.90 36.7156691 -4.4911146 0.00 269.89 1.00 0.000 38.027 15:47:01.37
75 0 -22.6 -23.0 2.706 -3.813 0.0 0.0 0.0 36.7156692 -4.4911109 0.00 270.98 0.90 36.7156691 -4.4911158 0.00 269.70 0.96 0.000 38.027 15:47:01.48
75 0 -22.6 -23.0 1.107 -2.337 0.0 0.0 0.0 36.7156692 -4.4911109 0.00 270.98 0.90 36.7156691 -4.4911158 0.00 269.70 0.96 0.000 38.027 15:47:01.57
75 0 -22.6 -23.0 2.706 -1.722 0.0 0.0 0.0 36.7156692 -4.4911132 0.00 273.41 0.99 36.7156691 -4.4911169 0.00 269.74 0.91 0.000 38.027 15:47:01.68
75 0 -22.6 -23.0 3.690 -1.353 0.0 0.0 0.0 36.7156692 -4.4911132 0.00 273.41 0.99 36.7156691 -4.4911169 0.00 269.74 0.91 0.000 38.027 15:47:01.78
75 0 -22.6 -23.0 0.615 -1.845 0.0 0.0 0.0 36.7156692 -4.4911144 0.00 275.73 1.08 36.7156691 -4.4911179 0.00 269.66 0.93 0.000 38.027 15:47:01.89
75 0 -22.6 -23.0 0.615 -1.845 0.0 0.0 0.0 36.7156692 -4.4911144 0.00 275.73 1.08 36.7156691 -4.4911179 0.00 269.66 0.93 0.000 38.027 15:47:01.98
75 0 -22.6 -23.0 5.658 -2.337 0.0 0.0 0.0 36.7156692 -4.4911144 0.00 275.73 1.08 36.7156691 -4.4911190 0.00 269.64 0.90 0.000 38.027 15:47:02.07
75 0 -22.6 -23.0 5.658 -2.337 0.0 0.0 0.0 36.7156692 -4.4911144 0.00 275.73 1.08 36.7156691 -4.4911190 0.00 269.64 0.90 0.000 38.027 15:47:02.18
75 0 -22.6 -23.0 5.043 -2.829 0.0 0.0 0.0 36.7156693 -4.4911165 0.00 274.17 1.03 36.7156691 -4.4911201 0.00 269.58 0.95 0.000 38.027 15:47:02.28
75 0 -22.6 -23.0 5.043 -2.829 0.0 0.0 0.0 36.7156693 -4.4911165 0.00 274.17 1.03 36.7156691 -4.4911201 0.00 269.58 0.95 0.000 37.812 15:47:02.39
75 0 -22.6 -23.0 0.861 -3.075 0.0 0.0 0.0 36.7156692 -4.4911175 0.00 274.17 0.82 36.7156691 -4.4911211 0.00 269.62 0.95 0.000 37.812 15:47:02.48
75 0 -22.6 -23.0 5.043 -4.305 0.0 0.0 0.0 36.7156692 -4.4911175 0.00 274.17 0.82 36.7156691 -4.4911211 0.00 269.62 0.95 0.000 37.812 15:47:02.57
75 0 -22.6 -23.0 1.230 -3.690 0.0 0.0 0.0 36.7156692 -4.4911175 0.00 274.17 0.82 36.7156691 -4.4911223 0.00 269.63 0.97 0.000 37.812 15:47:02.68
75 0 -22.6 -23.0 1.230 -3.690 0.0 0.0 0.0 36.7156692 -4.4911175 0.00 274.17 0.82 36.7156691 -4.4911223 0.00 269.63 0.97 0.000 37.812 15:47:02.78
75 0 -22.6 -23.0 1.107 -4.428 0.0 0.0 0.0 36.7156692 -4.4911198 0.00 271.04 0.97 36.7156691 -4.4911234 0.00 269.64 0.98 0.000 37.812 15:47:02.89
75 0 -22.6 -23.0 1.107 -4.428 0.0 0.0 0.0 36.7156692 -4.4911198 0.00 271.04 0.97 36.7156691 -4.4911234 0.00 269.64 0.98 0.000 37.812 15:47:02.98
75 0 -22.6 -23.0 2.337 -2.337 0.0 0.0 0.0 36.7156692 -4.4911209 0.00 271.04 0.93 36.7156691 -4.4911246 0.00 269.73 0.97 0.000 37.812 15:47:03.09
75 0 -22.6 -23.0 2.337 -2.337 0.0 0.0 0.0 36.7156692 -4.4911209 0.00 271.04 0.93 36.7156691 -4.4911246 0.00 269.73 0.97 0.000 37.812 15:47:03.18
75 0 -22.6 -23.0 4.182 -2.337 0.0 0.0 0.0 36.7156692 -4.4911209 0.00 271.04 0.93 36.7156691 -4.4911257 0.00 269.98 0.97 0.000 37.812 15:47:03.28
75 0 -22.6 -23.0 0.738 -2.214 0.0 0.0 0.0 36.7156692 -4.4911209 0.00 271.04 0.93 36.7156691 -4.4911257 0.00 269.98 0.97 0.000 37.812 15:47:03.39
75 0 -22.6 -23.0 6.273 -4.920 0.0 0.0 0.0 36.7156692 -4.4911232 0.00 270.52 0.97 36.7156691 -4.4911269 0.00 270.05 1.02 0.000 37.812 15:47:03.48
75 0 -22.6 -23.0 2.952 0.615 0.0 0.0 0.0 36.7156692 -4.4911232 0.00 270.52 0.97 36.7156691 -4.4911269 0.00 270.05 1.02 0.000 37.812 15:47:03.59
75 0 -22.6 -23.0 3.075 -3.813 0.0 0.0 0.0 36.7156692 -4.4911244 0.00 267.41 0.97 36.7156691 -4.4911280 0.00 270.18 0.98 0.000 37.812 15:47:03.68
75 0 -22.6 -23.0 3.075 -0.492 0.0 0.0 0.0 36.7156692 -4.4911244 0.00 267.41 0.97 36.7156691 -4.4911280 0.00 270.18 0.98 0.000 37.812 15:47:03.78
75 0 -22.6 -23.0 1.599 -4.305 0.0 0.0 0.0 36.7156692 -4.4911244 0.00 267.41 0.97 36.7156691 -4.4911291 0.00 270.27 0.94 0.000 37.812 15:47:03.89
75 0 -22.6 -23.0 4.674 -2.214 0.0 0.0 0.0 36.7156692 -4.4911244 0.00 267.41 0.97 36.7156691 -4.4911291 0.00 270.27 0.94 0.000 37.812 15:47:03.98
75 0 -22.6 -23.0 2.460 -3.936 0.0 0.0 0.0 36.7156691 -4.4911266 0.00 272.71 0.99 36.7156691 -4.4911302 0.00 270.35 0.92 0.000 37.812 15:47:04.09
75 0 -22.6 -23.0 2.214 -2.460 0.0 0.0 0.0 36.7156691 -4.4911266 0.00 272.71 0.99 36.7156691 -4.4911302 0.00 270.35 0.92 0.000 37.812 15:47:04.18
75 0 -22.6 -23.0 0.984 -0.246 0.0 0.0 0.0 36.7156692 -4.4911276 0.00 272.71 0.87 36.7156691 -4.4911313 0.00 270.50 0.98 0.000 37.812 15:47:04.29
75 -1 -22.6 -23.0 4.920 -3.198 0.0 0.0 0.0 36.7156692 -4.4911276 0.00 272.71 0.87 36.7156691 -4.4911313 0.00 270.50 0.98 0.000 37.812 15:47:04.39
75 -1 -22.6 -23.0 1.722 -0.861 0.0 0.0 0.0 36.7156692 -4.4911276 0.00 272.71 0.87 36.7156691 -4.4911324 0.00 270.55 0.98 0.000 37.812 15:47:04.48
75 -1 -22.6 -23.0 3.567 -4.182 0.0 0.0 0.0 36.7156692 -4.4911276 0.00 272.71 0.87 36.7156691 -4.4911324 0.00 270.55 0.98 0.000 37.812 15:47:04.59
75 -1 -22.6 -23.0 1.107 -3.198 0.0 0.0 0.0 36.7156692 -4.4911299 0.00 275.43 1.16 36.7156691 -4.4911335 0.00 270.59 1.01 0.000 37.812 15:47:04.68
75 -1 -22.6 -23.0 4.305 -3.444 0.0 0.0 0.0 36.7156692 -4.4911299 0.00 275.43 1.16 36.7156691 -4.4911335 0.00 270.59 1.01 0.000 37.812 15:47:04.79
75 -1 -22.6 -23.0 0.123 -2.952 0.0 0.0 0.0 36.7156692 -4.4911310 0.00 275.43 0.94 36.7156691 -4.4911347 0.00 270.46 1.00 0.000 37.812 15:47:04.89
75 -1 -22.6 -23.0 4.059 -3.075 0.0 0.0 0.0 36.7156692 -4.4911310 0.00 275.43 0.94 36.7156691 -4.4911347 0.00 270.46 1.00 0.000 37.812 15:47:04.98
75 -1 -22.6 -23.0 0.000 -3.321 0.0 0.0 0.0 36.7156692 -4.4911310 0.00 275.43 0.94 36.7156691 -4.4911359 0.00 270.32 1.07 0.000 37.812 15:47:05.09
75 -1 -22.6 -23.0 2.214 -5.043 0.0 0.0 0.0 36.7156692 -4.4911310 0.00 275.43 0.94 36.7156691 -4.4911359 0.00 270.32 1.07 0.000 37.812 15:47:05.18
75 -1 -22.6 -23.0 -0.861 -2.214 0.0 0.0 0.0 36.7156692 -4.4911334 0.00 274.60 1.07 36.7156691 -4.4911371 0.00 270.05 0.98 0.000 37.812 15:47:05.29
75 0 -22.6 -23.0 1.599 -4.797 0.0 0.0 0.0 36.7156692 -4.4911334 0.00 274.60 1.07 36.7156691 -4.4911371 0.00 270.05 0.98 0.000 37.812 15:47:05.39
75 0 -22.6 -23.0 2.952 -1.230 0.0 0.0 0.0 36.7156692 -4.4911345 0.00 274.60 0.89 36.7156691 -4.4911382 0.00 269.86 0.94 0.000 37.812 15:47:05.48
75 0 -22.6 -23.0 2.583 -4.920 0.0 0.0 0.0 36.7156692 -4.4911345 0.00 274.60 0.89 36.7156691 -4.4911382 0.00 269.86 0.94 0.000 37.812 15:47:05.59
75 0 -22.6 -23.0 3.198 -0.984 0.0 0.0 0.0 36.7156692 -4.4911345 0.00 274.60 0.89 36.7156690 -4.4911393 0.00 269.67 0.94 0.000 37.812 15:47:05.68
75 0 -22.6 -23.0 1.353 -2.337 0.0 0.0 0.0 36.7156692 -4.4911345 0.00 274.60 0.89 36.7156690 -4.4911393 0.00 269.67 0.94 0.000 37.812 15:47:05.79
75 0 -22.6 -23.0 6.150 -4.059 0.0 0.0 0.0 36.7156692 -4.4911368 0.00 274.40 1.03 36.7156691 -4.4911404 0.00 269.64 0.98 0.000 37.812 15:47:05.89
75 0 -22.6 -23.0 1.476 0.861 0.0 0.0 0.0 36.7156692 -4.4911368 0.00 274.40 1.03 36.7156691 -4.4911404 0.00 269.64 0.98 0.000 37.812 15:47:06.00
75 0 -22.6 -23.0 4.674 -5.166 0.0 0.0 0.0 36.7156692 -4.4911379 0.00 274.40 0.92 36.7156691 -4.4911415 0.00 269.66 0.92 0.000 37.812 15:47:06.09
75 0 -22.6 -23.0 -0.123 -0.369 0.0 0.0 0.0 36.7156692 -4.4911379 0.00 274.40 0.92 36.7156691 -4.4911415 0.00 269.66 0.92 0.000 37.812 15:47:06.18
75 0 -22.6 -23.0 3.075 -6.396 0.0 0.0 0.0 36.7156692 -4.4911379 0.00 274.40 0.92 36.7156690 -4.4911426 0.00 269.65 0.94 0.000 37.812 15:47:06.29
75 0 -22.6 -23.0 1.968 -1.845 0.0 0.0 0.0 36.7156692 -4.4911379 0.00 274.40 0.92 36.7156690 -4.4911426 0.00 269.65 0.94 0.000 37.812 15:47:06.39
75 0 -22.6 -23.0 2.337 -4.059 0.0 0.0 0.0 36.7156692 -4.4911401 0.00 273.19 1.14 36.7156690 -4.4911437 0.00 269.66 0.96 0.000 37.812 15:47:06.50
75 0 -22.6 -23.0 2.583 -2.214 0.0 0.0 0.0 36.7156692 -4.4911401 0.00 273.19 1.14 36.7156690 -4.4911437 0.00 269.66 0.96 0.000 37.812 15:47:06.59
75 0 -22.6 -23.0 1.230 -3.321 0.0 0.0 0.0 36.7156692 -4.4911411 0.00 273.19 0.78 36.7156690 -4.4911448 0.00 269.73 0.92 0.000 37.812 15:47:06.70
75 0 -22.6 -23.0 2.952 -2.337 0.0 0.0 0.0 36.7156692 -4.4911411 0.00 273.19 0.78 36.7156690 -4.4911448 0.00 269.73 0.92 0.000 37.812 15:47:06.79
75 0 -22.6 -23.0 1.845 -2.706 0.0 0.0 0.0 36.7156692 -4.4911411 0.00 273.19 0.78 36.7156690 -4.4911459 0.00 269.74 0.99 0.000 37.812 15:47:06.90
75 0 -22.6 -23.0 3.444 -3.321 0.0 0.0 0.0 36.7156692 -4.4911411 0.00 273.19 0.78 36.7156690 -4.4911459 0.00 269.74 0.99 0.000 37.812 15:47:07.00
75 0 -22.6 -23.0 2.829 -0.984 0.0 0.0 0.0 36.7156691 -4.4911434 0.00 273.03 1.07 36.7156690 -4.4911471 0.00 269.82 0.97 0.000 37.812 15:47:07.09
75 0 -22.6 -23.0 4.920 -4.182 0.0 0.0 0.0 36.7156691 -4.4911434 0.00 273.03 1.07 36.7156690 -4.4911471 0.00 269.82 0.97 0.000 37.812 15:47:07.20
75 0 -22.6 -23.0 0.615 -2.214 0.0 0.0 0.0 36.7156691 -4.4911445 0.00 273.03 0.89 36.7156690 -4.4911482 0.00 269.89 1.03 0.000 37.812 15:47:07.29
75 0 -23.0 -22.6 2.337 -3.321 0.0 0.0 0.0 36.7156691 -4.4911445 0.00 273.03 0.89 36.7156690 -4.4911482 0.00 269.89 1.03 0.000 38.457 15:47:07.40
75 0 -23.0 -22.6 2.091 -0.861 0.0 0.0 0.0 36.7156691 -4.4911445 0.00 273.03 0.89 36.7156690 -4.4911493 0.00 269.86 0.93 0.000 38.457 15:47:07.50
75 0 -23.0 -22.6 3.936 -3.075 0.0 0.0 0.0 36.7156691 -4.4911445 0.00 273.03 0.89 36.7156690 -4.4911493 0.00 269.86 0.93 0.000 38.457 15:47:07.59
75 0 -23.0 -22.6 4.797 -1.845 0.0 0.0 0.0 36.7156691 -4.4911467 0.00 272.09 0.97 36.7156690 -4.4911503 0.00 269.77 0.95 0.000 38.457 15:47:07.70
75 0 -23.0 -22.6 5.166 -3.936 0.0 0.0 0.0 36.7156691 -4.4911467 0.00 272.09 0.97 36.7156690 -4.4911503 0.00 269.77 0.95 0.000 38.457 15:47:07.79
75 0 -23.0 -22.6 3.444 1.107 0.0 0.0 0.0 36.7156691 -4.4911478 0.00 272.09 0.96 36.7156690 -4.4911515 0.00 269.77 0.95 0.000 38.457 15:47:07.90
75 0 -23.0 -22.6 4.551 -3.936 0.0 0.0 0.0 36.7156691 -4.4911478 0.00 272.09 0.96 36.7156690 -4.4911515 0.00 269.77 0.95 0.000 38.457 15:47:08.00
75 0 -23.0 -22.6 3.075 -0.984 0.0 0.0 0.0 36.7156691 -4.4911478 0.00 272.09 0.96 36.7156690 -4.4911526 0.00 269.84 1.00 0.000 38.457 15:47:08.09
75 -1 -23.0 -22.6 2.706 -1.845 0.0 0.0 0.0 36.7156691 -4.4911478 0.00 272.09 0.96 36.7156690 -4.4911526 0.00 269.84 1.00 0.000 38.457 15:47:08.20
75 -1 -23.0 -22.6 5.904 -2.214 0.0 0.0 0.0 36.7156691 -4.4911501 0.00 273.39 1.19 36.7156690 -4.4911538 0.00 269.86 1.05 0.000 38.457 15:47:08.29
75 -1 -23.0 -22.6 1.107 -0.369 0.0 0.0 0.0 36.7156691 -4.4911501 0.00 273.39 1.19 36.7156690 -4.4911538 0.00 269.86 1.05 0.000 38.457 15:47:08.40
75 -1 -23.0 -22.6 5.043 -4.182 0.0 0.0 0.0 36.7156691 -4.4911512 0.00 273.39 0.95 36.7156690 -4.4911549 0.00 269.97 1.02 0.000 38.457 15:47:08.50
75 -1 -23.0 -22.6 0.123 -1.353 0.0 0.0 0.0 36.7156691 -4.4911512 0.00 273.39 0.95 36.7156690 -4.4911549 0.00 269.97 1.02 0.000 38.457 15:47:08.59
75 -1 -23.0 -22.6 5.781 -5.781 0.0 0.0 0.0 36.7156691 -4.4911512 0.00 273.39 0.95 36.7156690 -4.4911560 0.00 269.93 1.01 0.000 38.457 15:47:08.70
75 -1 -23.0 -22.6 -0.615 -1.599 0.0 0.0 0.0 36.7156691 -4.4911512 0.00 273.39 0.95 36.7156690 -4.4911560 0.00 269.93 1.01 0.000 38.457 15:47:08.79
75 -1 -23.0 -22.6 3.444 -6.396 0.0 0.0 0.0 36.7156690 -4.4911535 0.00 270.20 1.01 36.7156690 -4.4911572 0.00 269.79 0.93 0.000 38.457 15:47:08.90
75 -1 -23.0 -22.6 -0.246 -3.813 0.0 0.0 0.0 36.7156690 -4.4911535 0.00 270.20 1.01 36.7156690 -4.4911572 0.00 269.79 0.93 0.000 38.457 15:47:09.00
75 -1 -23.0 -22.6 0.984 -5.904 0.0 0.0 0.0 36.7156690 -4.4911546 0.00 270.20 0.92 36.7156690 -4.4911583 0.00 269.57 0.97 0.000 38.457 15:47:09.10
75 -1 -23.0 -22.6 2.706 -5.289 0.0 0.0 0.0 36.7156690 -4.4911546 0.00 270.20 0.92 36.7156690 -4.4911583 0.00 269.57 0.97 0.000 38.457 15:47:09.20
75 -1 -23.0 -22.6 -0.123 -0.738 0.0 0.0 0.0 36.7156690 -4.4911546 0.00 270.20 0.92 36.7156689 -4.4911594 0.00 269.40 0.94 0.000 38.457 15:47:09.29
75 -1 -23.0 -22.6 2.460 -7.134 0.0 0.0 0.0 36.7156690 -4.4911546 0.00 270.20 0.92 36.7156689 -4.4911594 0.00 269.40 0.94 0.000 38.457 15:47:09.40
75 -1 -23.0 -22.6 0.615 -3.690 0.0 0.0 0.0 36.7156690 -4.4911568 0.00 269.90 0.86 36.7156689 -4.4911606 0.00 269.24 1.03 0.000 38.457 15:47:09.50
75 -1 -23.0 -22.6 2.706 -4.059 0.0 0.0 0.0 36.7156690 -4.4911568 0.00 269.90 0.86 36.7156689 -4.4911606 0.00 269.24 1.03 0.000 38.457 15:47:09.60
75 -1 -23.0 -22.6 -0.738 -3.813 0.0 0.0 0.0 36.7156690 -4.4911580 0.00 272.72 1.13 36.7156689 -4.4911617 0.00 269.10 1.02 0.000 38.457 15:47:09.70
75 -1 -23.0 -22.6 1.230 -2.829 0.0 0.0 0.0 36.7156690 -4.4911580 0.00 272.72 1.13 36.7156689 -4.4911617 0.00 269.10 1.02 0.000 38.457 15:47:09.81
75 -1 -23.0 -22.6 2.706 -4.920 0.0 0.0 0.0 36.7156690 -4.4911580 0.00 272.72 1.13 36.7156689 -4.4911628 0.00 268.99 0.98 0.000 38.457 15:47:09.90
75 0 -23.0 -22.6 0.861 -1.722 0.0 0.0 0.0 36.7156690 -4.4911580 0.00 272.72 1.13 36.7156689 -4.4911628 0.00 268.99 0.98 0.000 38.457 15:47:10.00
75 0 -23.0 -22.6 5.166 -2.829 0.0 0.0 0.0 36.7156690 -4.4911602 0.00 266.38 1.02 36.7156689 -4.4911640 0.00 268.75 0.94 0.000 38.457 15:47:10.10
75 0 -23.0 -22.6 0.000 -2.460 0.0 0.0 0.0 36.7156690 -4.4911602 0.00 266.38 1.02 36.7156689 -4.4911640 0.00 268.75 0.94 0.000 38.457 15:47:10.20
75 0 -23.0 -22.6 4.305 -5.535 0.0 0.0 0.0 36.7156690 -4.4911614 0.00 273.69 1.06 36.7156689 -4.4911650 0.00 268.47 0.99 0.000 38.457 15:47:10.31
75 0 -23.0 -22.6 -0.615 0.369 0.0 0.0 0.0 36.7156690 -4.4911614 0.00 273.69 1.06 36.7156689 -4.4911650 0.00 268.47 0.99 0.000 38.457 15:47:10.40
75 0 -23.0 -22.6 2.337 -2.706 0.0 0.0 0.0 36.7156690 -4.4911614 0.00 273.69 1.06 36.7156688 -4.4911661 0.00 268.47 0.96 0.000 38.457 15:47:10.50
75 0 -23.0 -22.6 4.674 -2.091 0.0 0.0 0.0 36.7156690 -4.4911614 0.00 273.69 1.06 36.7156688 -4.4911661 0.00 268.47 0.96 0.000 38.457 15:47:10.60
75 0 -23.0 -22.6 3.813 -3.321 0.0 0.0 0.0 36.7156689 -4.4911636 0.00 273.69 0.93 36.7156688 -4.4911672 0.00 268.40 1.01 0.000 38.457 15:47:10.70
75 0 -23.0 -22.6 0.492 -0.246 0.0 0.0 0.0 36.7156689 -4.4911636 0.00 273.69 0.93 36.7156688 -4.4911672 0.00 268.40 1.01 0.000 38.457 15:47:10.81
75 0 -23.0 -22.6 1.722 -4.059 0.0 0.0 0.0 36.7156689 -4.4911647 0.00 273.69 0.97 36.7156687 -4.4911683 0.00 268.62 0.98 0.000 38.457 15:47:10.90
75 0 -23.0 -22.6 2.583 -1.476 0.0 0.0 0.0 36.7156689 -4.4911647 0.00 273.69 0.97 36.7156687 -4.4911683 0.00 268.62 0.98 0.000 38.457 15:47:11.01
75 0 -23.0 -22.6 2.460 -4.797 0.0 0.0 0.0 36.7156689 -4.4911647 0.00 273.69 0.97 36.7156687 -4.4911695 0.00 268.64 0.97 0.000 38.457 15:47:11.10
75 0 -23.0 -22.6 0.984 -1.845 0.0 0.0 0.0 36.7156689 -4.4911647 0.00 273.69 0.97 36.7156687 -4.4911695 0.00 268.64 0.97 0.000 38.457 15:47:11.20
75 0 -23.0 -22.6 0.246 -5.781 0.0 0.0 0.0 36.7156689 -4.4911669 0.00 271.12 0.86 36.7156687 -4.4911705 0.00 268.82 1.00 0.000 38.457 15:47:11.31
75 0 -23.0 -22.6 3.690 -6.765 0.0 0.0 0.0 36.7156689 -4.4911669 0.00 271.12 0.86 36.7156687 -4.4911705 0.00 268.82 1.00 0.000 38.457 15:47:11.40
75 0 -23.0 -22.6 0.738 -2.214 0.0 0.0 0.0 36.7156688 -4.4911680 0.00 270.09 1.05 36.7156687 -4.4911717 0.00 268.90 0.97 0.000 38.457 15:47:11.51
75 0 -23.0 -22.6 3.690 -7.503 0.0 0.0 0.0 36.7156688 -4.4911680 0.00 270.09 1.05 36.7156687 -4.4911717 0.00 268.90 0.97 0.000 38.457 15:47:11.60
75 0 -23.0 -22.6 1.599 -1.353 0.0 0.0 0.0 36.7156688 -4.4911680 0.00 270.09 1.05 36.7156686 -4.4911728 0.00 268.98 1.00 0.000 38.457 15:47:11.70
75 0 -23.0 -22.6 2.460 -4.797 0.0 0.0 0.0 36.7156688 -4.4911680 0.00 270.09 1.05 36.7156686 -4.4911728 0.00 268.98 1.00 0.000 38.457 15:47:11.81
75 0 -23.0 -22.6 0.738 -0.369 0.0 0.0 0.0 36.7156687 -4.4911703 0.00 269.31 1.06 36.7156686 -4.4911739 0.00 269.06 0.98 0.000 38.457 15:47:11.90
75 0 -23.0 -22.6 2.460 -3.936 0.0 0.0 0.0 36.7156687 -4.4911703 0.00 269.31 1.06 36.7156686 -4.4911739 0.00 269.06 0.98 0.000 38.457 15:47:12.01
75 0 -23.0 -22.6 3.444 -3.321 0.0 0.0 0.0 36.7156687 -4.4911713 0.00 269.31 0.85 36.7156686 -4.4911751 0.00 269.05 1.02 0.000 38.457 15:47:12.10
75 0 -23.0 -22.6 3.567 -0.492 0.0 0.0 0.0 36.7156687 -4.4911713 0.00 269.31 0.85 36.7156686 -4.4911751 0.00 269.05 1.02 0.000 38.457 15:47:12.21
75 0 -23.0 -22.6 4.305 -2.337 0.0 0.0 0.0 36.7156687 -4.4911713 0.00 269.31 0.85 36.7156685 -4.4911762 0.00 269.00 0.99 0.000 38.457 15:47:12.31
75 0 -23.4 -23.0 1.845 -1.107 0.0 0.0 0.0 36.7156687 -4.4911713 0.00 269.31 0.85 36.7156685 -4.4911762 0.00 269.00 0.99 0.000 38.242 15:47:12.40
75 0 -23.4 -23.0 6.888 -3.444 0.0 0.0 0.0 36.7156687 -4.4911736 0.00 264.77 0.98 36.7156685 -4.4911774 0.00 269.07 0.99 0.000 38.242 15:47:12.51
75 0 -23.4 -23.0 2.583 0.123 0.0 0.0 0.0 36.7156687 -4.4911736 0.00 264.77 0.98 36.7156685 -4.4911774 0.00 269.07 0.99 0.000 38.242 15:47:12.60
75 0 -23.4 -23.0 6.273 -4.182 0.0 0.0 0.0 36.7156687 -4.4911747 0.00 264.77 0.85 36.7156685 -4.4911785 0.00 269.01 1.01 0.000 38.242 15:47:12.71
75 0 -23.4 -23.0 2.214 -0.861 0.0 0.0 0.0 36.7156687 -4.4911747 0.00 264.77 0.85 36.7156685 -4.4911785 0.00 269.01 1.01 0.000 38.242 15:47:12.81
75 0 -23.4 -23.0 3.321 -3.690 0.0 0.0 0.0 36.7156687 -4.4911747 0.00 264.77 0.85 36.7156685 -4.4911797 0.00 269.07 1.00 0.000 38.242 15:47:12.92
75 0 -23.4 -23.0 2.706 -1.599 0.0 0.0 0.0 36.7156687 -4.4911747 0.00 264.77 0.85 36.7156685 -4.4911797 0.00 269.07 1.00 0.000 38.242 15:47:13.01
75 0 -23.4 -23.0 2.337 -0.492 0.0 0.0 0.0 36.7156687 -4.4911770 0.00 269.86 1.17 36.7156685 -4.4911808 0.00 269.08 1.05 0.000 38.242 15:47:13.10
75 0 -23.4 -23.0 5.043 -2.337 0.0 0.0 0.0 36.7156687 -4.4911770 0.00 269.86 1.17 36.7156685 -4.4911808 0.00 269.08 1.05 0.000 38.242 15:47:13.21
75 0 -23.4 -23.0 1.968 -2.706 0.0 0.0 0.0 36.7156686 -4.4911781 0.00 269.86 0.93 36.7156685 -4.4911819 0.00 269.06 1.00 0.000 38.242 15:47:13.31
75 -1 -23.4 -23.0 7.257 -1.476 0.0 0.0 0.0 36.7156686 -4.4911781 0.00 269.86 0.93 36.7156685 -4.4911819 0.00 269.06 1.00 0.000 38.242 15:47:13.42
75 -1 -23.4 -23.0 2.091 -1.845 0.0 0.0 0.0 36.7156686 -4.4911781 0.00 269.86 0.93 36.7156685 -4.4911831 0.00 268.96 1.08 0.000 38.242 15:47:13.51
75 -1 -23.4 -23.0 3.813 -1.722 0.0 0.0 0.0 36.7156686 -4.4911781 0.00 269.86 0.93 36.7156685 -4.4911831 0.00 268.96 1.08 0.000 38.242 15:47:13.60
75 -1 -23.4 -23.0 2.583 -2.829 0.0 0.0 0.0 36.7156687 -4.4911805 0.00 271.54 0.96 36.7156685 -4.4911843 0.00 269.04 1.00 0.000 38.242 15:47:13.71
75 -1 -23.4 -23.0 2.583 -1.230 0.0 0.0 0.0 36.7156687 -4.4911805 0.00 271.54 0.96 36.7156685 -4.4911843 0.00 269.04 1.00 0.000 38.242 15:47:13.81
75 -1 -23.4 -23.0 2.706 -1.968 0.0 0.0 0.0 36.7156687 -4.4911816 0.00 271.78 1.02 36.7156685 -4.4911854 0.00 268.72 1.01 0.000 38.242 15:47:13.92
75 0 -23.4 -23.0 1.599 -3.936 0.0 0.0 0.0 36.7156687 -4.4911816 0.00 271.78 1.02 36.7156685 -4.4911854 0.00 268.72 1.01 0.000 38.242 15:47:14.01
75 0 -23.4 -23.0 5.166 -2.337 0.0 0.0 0.0 36.7156687 -4.4911816 0.00 271.78 1.02 36.7156685 -4.4911865 0.00 268.60 1.03 0.000 38.242 15:47:14.12
75 0 -23.4 -23.0 1.353 -1.476 0.0 0.0 0.0 36.7156687 -4.4911816 0.00 271.78 1.02 36.7156685 -4.4911865 0.00 268.60 1.03 0.000 38.242 15:47:14.21
75 0 -23.4 -23.0 5.043 -3.321 0.0 0.0 0.0 36.7156686 -4.4911839 0.00 276.50 0.90 36.7156685 -4.4911876 0.00 268.47 0.98 0.000 38.242 15:47:14.31
75 0 -23.4 -23.0 2.583 -1.107 0.0 0.0 0.0 36.7156686 -4.4911839 0.00 276.50 0.90 36.7156685 -4.4911876 0.00 268.47 0.98 0.000 38.242 15:47:14.42
75 0 -23.4 -23.0 4.059 -2.460 0.0 0.0 0.0 36.7156686 -4.4911849 0.00 276.50 0.95 36.7156684 -4.4911887 0.00 268.39 0.93 0.000 38.242 15:47:14.51
75 0 -23.4 -23.0 2.214 -0.369 0.0 0.0 0.0 36.7156686 -4.4911849 0.00 276.50 0.95 36.7156684 -4.4911887 0.00 268.39 0.93 0.000 38.242 15:47:14.62
75 0 -23.4 -23.0 2.214 -3.813 0.0 0.0 0.0 36.7156686 -4.4911849 0.00 276.50 0.95 36.7156683 -4.4911897 0.00 268.52 0.96 0.000 38.242 15:47:14.71
75 0 -23.4 -23.0 2.583 -2.337 0.0 0.0 0.0 36.7156686 -4.4911849 0.00 276.50 0.95 36.7156683 -4.4911897 0.00 268.52 0.96 0.000 38.242 15:47:14.81
75 0 -23.4 -23.0 -0.246 -4.797 0.0 0.0 0.0 36.7156685 -4.4911872 0.00 269.08 0.92 36.7156683 -4.4911908 0.00 268.78 0.97 0.000 38.242 15:47:14.92
75 0 -23.4 -23.0 1.230 -1.968 0.0 0.0 0.0 36.7156685 -4.4911872 0.00 269.08 0.92 36.7156683 -4.4911908 0.00 268.78 0.97 0.000 38.242 15:47:15.01
75 0 -23.4 -23.0 0.369 -5.289 0.0 0.0 0.0 36.7156684 -4.4911882 0.00 269.08 0.84 36.7156682 -4.4911920 0.00 269.12 0.98 0.000 38.242 15:47:15.12
75 0 -23.4 -23.0 1.230 -4.797 0.0 0.0 0.0 36.7156684 -4.4911882 0.00 269.08 0.84 36.7156682 -4.4911920 0.00 269.12 0.98 0.000 38.242 15:47:15.21
75 0 -23.4 -23.0 1.353 -2.952 0.0 0.0 0.0 36.7156684 -4.4911882 0.00 269.08 0.84 36.7156682 -4.4911931 0.00 269.20 1.00 0.000 38.242 15:47:15.32
75 0 -23.4 -23.0 2.829 -7.749 0.0 0.0 0.0 36.7156684 -4.4911882 0.00 269.08 0.84 36.7156682 -4.4911931 0.00 269.20 1.00 0.000 38.242 15:47:15.42
75 0 -23.4 -23.0 2.583 -1.845 0.0 0.0 0.0 36.7156684 -4.4911905 0.00 268.30 0.79 36.7156682 -4.4911942 0.00 269.36 1.06 0.000 38.242 15:47:15.51
75 -1 -23.4 -23.0 3.567 -5.904 0.0 0.0 0.0 36.7156684 -4.4911905 0.00 268.30 0.79 36.7156682 -4.4911942 0.00 269.36 1.06 0.000 38.242 15:47:15.62
75 -1 -23.4 -23.0 1.968 0.738 0.0 0.0 0.0 36.7156683 -4.4911916 0.00 270.25 1.04 36.7156682 -4.4911954 0.00 269.46 1.05 0.000 38.242 15:47:15.71
75 -1 -23.4 -23.0 3.321 -4.920 0.0 0.0 0.0 36.7156683 -4.4911916 0.00 270.25 1.04 36.7156682 -4.4911954 0.00 269.46 1.05 0.000 38.242 15:47:15.82
75 -1 -23.4 -23.0 -1.107 -0.738 0.0 0.0 0.0 36.7156683 -4.4911916 0.00 270.25 1.04 36.7156682 -4.4911965 0.00 269.44 0.99 0.000 38.242 15:47:15.92
75 -1 -23.4 -23.0 1.722 -2.952 0.0 0.0 0.0 36.7156683 -4.4911916 0.00 270.25 1.04 36.7156682 -4.4911965 0.00 269.44 0.99 0.000 38.242 15:47:16.01
75 -1 -23.4 -23.0 2.214 -2.091 0.0 0.0 0.0 36.7156683 -4.4911939 0.00 277.06 0.74 36.7156682 -4.4911977 0.00 269.26 0.98 0.000 38.242 15:47:16.12
75 -1 -23.4 -23.0 2.460 -2.214 0.0 0.0 0.0 36.7156683 -4.4911939 0.00 277.06 0.74 36.7156682 -4.4911977 0.00 269.26 0.98 0.000 38.242 15:47:16.21
75 -1 -23.4 -23.0 2.952 -2.706 0.0 0.0 0.0 36.7156684 -4.4911949 0.00 277.06 0.93 36.7156682 -4.4911987 0.00 269.04 0.95 0.000 38.242 15:47:16.32
75 0 -23.4 -23.0 1.230 -3.321 0.0 0.0 0.0 36.7156684 -4.4911949 0.00 277.06 0.93 36.7156682 -4.4911987 0.00 269.04 0.95 0.000 38.242 15:47:16.42
75 0 -23.4 -23.0 4.182 -3.321 0.0 0.0 0.0 36.7156684 -4.4911949 0.00 277.06 0.93 36.7156682 -4.4911998 0.00 268.93 0.98 0.000 38.242 15:47:16.53
75 0 -23.4 -23.0 1.845 -0.861 0.0 0.0 0.0 36.7156684 -4.4911949 0.00 277.06 0.93 36.7156682 -4.4911998 0.00 268.93 0.98 0.000 38.242 15:47:16.62
75 0 -23.4 -23.0 6.273 -2.091 0.0 0.0 0.0 36.7156684 -4.4911970 0.00 277.06 0.90 36.7156682 -4.4912009 0.00 268.89 1.00 0.000 38.242 15:47:16.71
75 0 -23.4 -23.0 1.353 -1.845 0.0 0.0 0.0 36.7156684 -4.4911970 0.00 277.06 0.90 36.7156682 -4.4912009 0.00 268.89 1.00 0.000 38.242 15:47:16.82
75 0 -23.4 -23.0 6.027 -2.091 0.0 0.0 0.0 36.7156683 -4.4911982 0.00 270.47 1.08 36.7156682 -4.4912020 0.00 268.88 0.99 0.000 38.242 15:47:16.92
75 0 -23.4 -23.0 0.492 -0.615 0.0 0.0 0.0 36.7156683 -4.4911982 0.00 270.47 1.08 36.7156682 -4.4912020 0.00 268.88 0.99 0.000 38.242 15:47:17.03
75 0 -23.4 -23.0 2.214 -4.305 0.0 0.0 0.0 36.7156683 -4.4911982 0.00 270.47 1.08 36.7156682 -4.4912032 0.00 268.79 1.02 0.000 38.242 15:47:17.12
75 0 -23.4 -23.0 1.476 1.353 0.0 0.0 0.0 36.7156683 -4.4911982 0.00 270.47 1.08 36.7156682 -4.4912032 0.00 268.79 1.02 0.000 38.242 15:47:17.21
75 0 -23.4 -23.0 3.075 -4.674 0.0 0.0 0.0 36.7156684 -4.4912005 0.00 265.74 1.14 36.7156682 -4.4912044 0.00 268.78 1.01 0.000 38.242 15:47:17.32
75 0 -23.4 -22.2 3.567 -1.353 0.0 0.0 0.0 36.7156684 -4.4912005 0.00 265.74 1.14 36.7156682 -4.4912044 0.00 268.78 1.01 0.000 38.027 15:47:17.42
75 0 -23.4 -22.2 1.599 -4.059 0.0 0.0 0.0 36.7156683 -4.4912017 0.00 272.23 1.05 36.7156682 -4.4912056 0.00 268.92 1.03 0.000 38.027 15:47:17.53
75 0 -23.4 -22.2 3.567 -2.829 0.0 0.0 0.0 36.7156683 -4.4912017 0.00 272.23 1.05 36.7156682 -4.4912056 0.00 268.92 1.03 0.000 38.027 15:47:17.62
75 0 -23.4 -22.2 1.968 -3.198 0.0 0.0 0.0 36.7156683 -4.4912017 0.00 272.23 1.05 36.7156682 -4.4912067 0.00 269.05 1.02 0.000 38.027 15:47:17.71
75 -1 -23.4 -22.2 3.936 -5.412 0.0 0.0 0.0 36.7156683 -4.4912039 0.00 272.23 0.83 36.7156682 -4.4912067 0.00 269.05 1.02 0.000 38.027 15:47:17.82
75 -1 -23.4 -22.2 2.091 -0.984 0.0 0.0 0.0 36.7156683 -4.4912039 0.00 272.23 0.83 36.7156681 -4.4912079 0.00 269.08 1.01 0.000 38.027 15:47:17.92
75 -1 -23.4 -22.2 3.444 -4.797 0.0 0.0 0.0 36.7156683 -4.4912039 0.00 272.23 0.83 36.7156681 -4.4912079 0.00 269.08 1.01 0.000 38.027 15:47:18.03
75 -1 -23.4 -22.2 0.738 -2.091 0.0 0.0 0.0 36.7156683 -4.4912051 0.00 275.33 1.19 36.7156681 -4.4912089 0.00 269.27 1.01 0.000 38.027 15:47:18.12
75 -1 -23.4 -22.2 3.321 -5.904 0.0 0.0 0.0 36.7156683 -4.4912051 0.00 275.33 1.19 36.7156681 -4.4912089 0.00 269.27 1.01 0.000 38.027 15:47:18.21
75 -1 -23.4 -22.2 1.845 -2.829 0.0 0.0 0.0 36.7156683 -4.4912051 0.00 275.33 1.19 36.7156681 -4.4912100 0.00 269.15 0.99 0.000 38.027 15:47:18.32
75 -1 -23.4 -22.2 2.091 -5.043 0.0 0.0 0.0 36.7156683 -4.4912051 0.00 275.33 1.19 36.7156681 -4.4912100 0.00 269.15 0.99 0.000 38.027 15:47:18.42
75 -1 -23.4 -22.2 -0.984 -4.674 0.0 0.0 0.0 36.7156681 -4.4912072 0.00 274.59 1.04 36.7156680 -4.4912112 0.00 269.11 0.98 0.000 38.027 15:47:18.53
75 -1 -23.4 -22.2 1.476 -4.182 0.0 0.0 0.0 36.7156681 -4.4912072 0.00 274.59 1.04 36.7156680 -4.4912112 0.00 269.11 0.98 0.000 38.027 15:47:18.62
75 -1 -23.4 -22.2 1.353 -5.412 0.0 0.0 0.0 36.7156681 -4.4912085 0.00 270.25 1.13 36.7156680 -4.4912123 0.00 269.01 1.04 0.000 38.027 15:47:18.73
75 -1 -23.4 -22.2 0.738 -4.797 0.0 0.0 0.0 36.7156681 -4.4912085 0.00 270.25 1.13 36.7156680 -4.4912123 0.00 269.01 1.04 0.000 38.027 15:47:18.82
75 -1 -23.4 -22.2 1.230 -4.305 0.0 0.0 0.0 36.7156681 -4.4912085 0.00 270.25 1.13 36.7156680 -4.4912135 0.00 268.83 1.06 0.000 38.027 15:47:18.92
75 0 -23.4 -22.2 2.460 -3.321 0.0 0.0 0.0 36.7156681 -4.4912085 0.00 270.25 1.13 36.7156680 -4.4912135 0.00 268.83 1.06 0.000 38.027 15:47:19.03
75 0 -23.4 -22.2 3.690 -3.567 0.0 0.0 0.0 36.7156681 -4.4912107 0.00 270.25 0.89 36.7156679 -4.4912146 0.00 268.65 1.01 0.000 38.027 15:47:19.12
75 0 -23.4 -22.2 -0.738 -3.567 0.0 0.0 0.0 36.7156681 -4.4912118 0.00 270.25 0.97 36.7156679 -4.4912146 0.00 268.65 1.01 0.000 38.027 15:47:19.23
75 0 -23.4 -22.2 5.412 -4.305 0.0 0.0 0.0 36.7156681 -4.4912118 0.00 270.25 0.97 36.7156679 -4.4912157 0.00 268.45 1.00 0.000 38.027 15:47:19.32
75 0 -23.4 -22.2 0.000 -1.476 0.0 0.0 0.0 36.7156681 -4.4912118 0.00 270.25 0.97 36.7156679 -4.4912157 0.00 268.45 1.00 0.000 38.027 15:47:19.42
75 0 -23.4 -22.2 4.428 -2.460 0.0 0.0 0.0 36.7156681 -4.4912118 0.00 270.25 0.97 36.7156678 -4.4912168 0.00 268.46 1.01 0.000 38.027 15:47:19.53
75 0 -23.4 -22.2 -0.246 -0.615 0.0 0.0 0.0 36.7156681 -4.4912118 0.00 270.25 0.97 36.7156678 -4.4912168 0.00 268.46 1.01 0.000 38.027 15:47:19.62
75 0 -23.4 -22.2 3.813 -4.428 0.0 0.0 0.0 36.7156680 -4.4912141 0.00 266.18 0.97 36.7156678 -4.4912179 0.00 268.51 1.00 0.000 38.027 15:47:19.73
75 0 -23.4 -22.2 2.091 0.123 0.0 0.0 0.0 36.7156680 -4.4912151 0.00 266.18 0.83 36.7156678 -4.4912179 0.00 268.51 1.00 0.000 38.027 15:47:19.82
75 0 -23.4 -22.2 1.230 -6.150 0.0 0.0 0.0 36.7156680 -4.4912151 0.00 266.18 0.83 36.7156679 -4.4912190 0.00 268.49 0.99 0.000 38.027 15:47:19.92
75 0 -23.4 -22.2 1.107 -0.492 0.0 0.0 0.0 36.7156680 -4.4912151 0.00 266.18 0.83 36.7156679 -4.4912190 0.00 268.49 0.99 0.000 38.027 15:47:20.03
75 0 -23.4 -22.2 1.476 -4.428 0.0 0.0 0.0 36.7156680 -4.4912151 0.00 266.18 0.83 36.7156678 -4.4912201 0.00 268.41 1.00 0.000 38.027 15:47:20.12
75 0 -23.4 -22.2 5.166 -1.722 0.0 0.0 0.0 36.7156680 -4.4912151 0.00 266.18 0.83 36.7156678 -4.4912201 0.00 268.41 1.00 0.000 38.027 15:47:20.23
75 0 -23.4 -22.2 3.198 -0.984 0.0 0.0 0.0 36.7156680 -4.4912174 0.00 269.95 1.03 36.7156678 -4.4912212 0.00 268.37 0.99 0.000 38.027 15:47:20.32
75 0 -23.4 -22.2 4.305 -2.583 0.0 0.0 0.0 36.7156680 -4.4912174 0.00 269.95 1.03 36.7156678 -4.4912212 0.00 268.37 0.99 0.000 38.027 15:47:20.42
75 0 -23.4 -22.2 3.567 0.123 0.0 0.0 0.0 36.7156680 -4.4912184 0.00 269.95 0.77 36.7156678 -4.4912223 0.00 268.24 1.04 0.000 38.027 15:47:20.53
75 0 -23.4 -22.2 3.075 -2.337 0.0 0.0 0.0 36.7156680 -4.4912184 0.00 269.95 0.77 36.7156678 -4.4912223 0.00 268.24 1.04 0.000 38.027 15:47:20.62
75 0 -23.4 -22.2 4.305 -0.369 0.0 0.0 0.0 36.7156680 -4.4912184 0.00 269.95 0.77 36.7156677 -4.4912235 0.00 268.28 1.05 0.000 38.027 15:47:20.73
75 0 -23.4 -22.2 6.273 -3.444 0.0 0.0 0.0 36.7156679 -4.4912206 0.00 272.52 0.75 36.7156677 -4.4912235 0.00 268.28 1.05 0.000 38.027 15:47:20.82
75 0 -23.4 -22.2 3.936 0.861 0.0 0.0 0.0 36.7156679 -4.4912206 0.00 272.52 0.75 36.7156677 -4.4912246 0.00 268.24 1.03 0.000 38.027 15:47:20.93
75 0 -23.4 -22.2 5.781 -2.214 0.0 0.0 0.0 36.7156679 -4.4912206 0.00 272.52 0.75 36.7156677 -4.4912246 0.00 268.24 1.03 0.000 38.027 15:47:21.03
75 0 -23.4 -22.2 3.567 -0.246 0.0 0.0 0.0 36.7156679 -4.4912219 0.00 272.17 1.21 36.7156677 -4.4912257 0.00 268.41 1.03 0.000 38.027 15:47:21.14
75 0 -23.4 -22.2 6.642 -1.845 0.0 0.0 0.0 36.7156679 -4.4912219 0.00 272.17 1.21 36.7156677 -4.4912257 0.00 268.41 1.03 0.000 38.027 15:47:21.23
75 0 -23.4 -22.2 3.813 0.246 0.0 0.0 0.0 36.7156679 -4.4912219 0.00 272.17 1.21 36.7156677 -4.4912269 0.00 268.44 1.05 0.000 38.027 15:47:21.32
75 0 -23.4 -22.2 4.305 -4.920 0.0 0.0 0.0 36.7156679 -4.4912219 0.00 272.17 1.21 36.7156677 -4.4912269 0.00 268.44 1.05 0.000 38.027 15:47:21.43
75 0 -23.4 -22.2 3.075 0.123 0.0 0.0 0.0 36.7156679 -4.4912242 0.00 269.96 0.87 36.7156677 -4.4912280 0.00 268.57 1.02 0.000 38.027 15:47:21.53
75 0 -23.4 -22.2 5.412 -2.829 0.0 0.0 0.0 36.7156679 -4.4912242 0.00 269.96 0.87 36.7156677 -4.4912280 0.00 268.57 1.02 0.000 38.027 15:47:21.64
75 0 -23.4 -22.2 4.428 0.615 0.0 0.0 0.0 36.7156678 -4.4912253 0.00 267.13 0.97 36.7156677 -4.4912291 0.00 268.70 1.02 0.000 38.027 15:47:21.73
75 0 -23.4 -22.2 2.214 -0.861 0.0 0.0 0.0 36.7156678 -4.4912253 0.00 267.13 0.97 36.7156677 -4.4912291 0.00 268.70 1.02 0.000 38.027 15:47:21.84
75 0 -23.4 -22.2 5.658 -1.968 0.0 0.0 0.0 36.7156678 -4.4912253 0.00 267.13 0.97 36.7156676 -4.4912302 0.00 268.75 1.01 0.000 38.027 15:47:21.93
75 0 -23.4 -22.2 0.861 0.123 0.0 0.0 0.0 36.7156678 -4.4912253 0.00 267.13 0.97 36.7156676 -4.4912302 0.00 268.75 1.01 0.000 38.027 15:47:22.03
75 0 -23.4 -22.2 2.952 -4.428 0.0 0.0 0.0 36.7156678 -4.4912275 0.00 270.71 1.00 36.7156676 -4.4912314 0.00 268.72 1.02 0.000 38.027 15:47:22.14
75 0 -23.4 -22.2 1.599 -0.123 0.0 0.0 0.0 36.7156678 -4.4912275 0.00 270.71 1.00 36.7156676 -4.4912314 0.00 268.72 1.02 0.000 38.027 15:47:22.23
75 0 -23.4 -22.2 5.043 -4.059 0.0 0.0 0.0 36.7156678 -4.4912286 0.00 268.37 1.04 36.7156676 -4.4912325 0.00 268.78 1.01 0.000 38.027 15:47:22.34
75 0 -23.4 -23.4 2.214 0.984 0.0 0.0 0.0 36.7156678 -4.4912286 0.00 268.37 1.04 36.7156676 -4.4912325 0.00 268.78 1.01 0.000 38.027 15:47:22.43
75 0 -23.4 -23.4 2.091 -1.845 0.0 0.0 0.0 36.7156678 -4.4912286 0.00 268.37 1.04 36.7156676 -4.4912336 0.00 268.92 1.02 0.000 38.027 15:47:22.54
75 -1 -23.4 -23.4 3.567 -2.829 0.0 0.0 0.0 36.7156678 -4.4912286 0.00 268.37 1.04 36.7156676 -4.4912336 0.00 268.92 1.02 0.000 38.027 15:47:22.64
75 -1 -23.4 -23.4 2.583 -1.722 0.0 0.0 0.0 36.7156677 -4.4912308 0.00 264.76 1.09 36.7156676 -4.4912347 0.00 269.09 1.03 0.000 38.027 15:47:22.73
75 -1 -23.4 -23.4 5.904 -3.198 0.0 0.0 0.0 36.7156677 -4.4912319 0.00 264.76 0.97 36.7156676 -4.4912347 0.00 269.09 1.03 0.000 38.027 15:47:22.84
75 -1 -23.4 -23.4 0.369 0.000 0.0 0.0 0.0 36.7156677 -4.4912319 0.00 264.76 0.97 36.7156675 -4.4912358 0.00 269.06 1.01 0.000 38.027 15:47:22.93
75 -1 -23.4 -23.4 1.353 -5.166 0.0 0.0 0.0 36.7156677 -4.4912319 0.00 264.76 0.97 36.7156675 -4.4912358 0.00 269.06 1.01 0.000 38.027 15:47:23.04
75 -1 -23.4 -23.4 0.246 -0.984 0.0 0.0 0.0 36.7156677 -4.4912319 0.00 264.76 0.97 36.7156675 -4.4912369 0.00 269.07 1.01 0.000 38.027 15:47:23.14
75 -1 -23.4 -23.4 0.492 -7.872 0.0 0.0 0.0 36.7156677 -4.4912319 0.00 264.76 0.97 36.7156675 -4.4912369 0.00 269.07 1.01 0.000 38.027 15:47:23.23
75 -1 -23.4 -23.4 1.476 -2.460 0.0 0.0 0.0 36.7156677 -4.4912342 0.00 272.89 1.09 36.7156675 -4.4912380 0.00 268.89 0.99 0.000 38.027 15:47:23.34
75 -1 -23.4 -23.4 0.738 -6.519 0.0 0.0 0.0 36.7156677 -4.4912342 0.00 272.89 1.09 36.7156675 -4.4912380 0.00 268.89 0.99 0.000 38.027 15:47:23.43
75 -1 -23.4 -23.4 1.353 -4.428 0.0 0.0 0.0 36.7156676 -4.4912352 0.00 272.89 0.76 36.7156674 -4.4912390 0.00 268.73 0.97 0.000 38.027 15:47:23.54
75 0 -23.4 -23.4 0.861 -3.690 0.0 0.0 0.0 36.7156676 -4.4912352 0.00 272.89 0.76 36.7156674 -4.4912390 0.00 268.73 0.97 0.000 38.027 15:47:23.64
75 0 -23.4 -23.4 1.845 -3.321 0.0 0.0 0.0 36.7156676 -4.4912352 0.00 272.89 0.76 36.7156674 -4.4912401 0.00 268.63 1.02 0.000 38.027 15:47:23.75
75 0 -23.4 -23.4 1.230 -2.829 0.0 0.0 0.0 36.7156676 -4.4912376 0.00 270.83 1.04 36.7156674 -4.4912401 0.00 268.63 1.02 0.000 38.027 15:47:23.84
75 0 -23.4 -23.4 0.246 -2.706 0.0 0.0 0.0 36.7156676 -4.4912376 0.00 270.83 1.04 36.7156674 -4.4912412 0.00 268.52 1.00 0.000 38.027 15:47:23.95
75 0 -23.4 -23.4 2.706 -2.091 0.0 0.0 0.0 36.7156676 -4.4912376 0.00 270.83 1.04 36.7156674 -4.4912412 0.00 268.52 1.00 0.000 38.027 15:47:24.04
75 0 -23.4 -23.4 4.182 -3.075 0.0 0.0 0.0 36.7156676 -4.4912387 0.00 269.75 0.99 36.7156673 -4.4912424 0.00 268.66 1.00 0.000 38.027 15:47:24.14
75 0 -23.4 -23.4 2.337 -1.476 0.0 0.0 0.0 36.7156676 -4.4912387 0.00 269.75 0.99 36.7156673 -4.4912424 0.00 268.66 1.00 0.000 38.027 15:47:24.25
75 0 -23.4 -23.4 4.797 -2.952 0.0 0.0 0.0 36.7156676 -4.4912387 0.00 269.75 0.99 36.7156673 -4.4912436 0.00 268.60 1.03 0.000 38.027 15:47:24.34
75 0 -23.4 -23.4 2.583 -1.968 0.0 0.0 0.0 36.7156676 -4.4912387 0.00 269.75 0.99 36.7156673 -4.4912436 0.00 268.60 1.03 0.000 38.027 15:47:24.45
75 0 -23.4 -23.4 6.888 -4.059 0.0 0.0 0.0 36.7156675 -4.4912407 0.00 269.75 0.96 36.7156673 -4.4912448 0.00 268.61 1.05 0.000 38.027 15:47:24.54
75 0 -23.4 -23.4 0.738 -2.583 0.0 0.0 0.0 36.7156675 -4.4912407 0.00 269.75 0.96 36.7156673 -4.4912448 0.00 268.61 1.05 0.000 38.027 15:47:24.65
75 0 -23.4 -23.4 4.059 -5.289 0.0 0.0 0.0 36.7156675 -4.4912421 0.00 272.52 1.52 36.7156673 -4.4912459 0.00 268.56 0.99 0.000 38.027 15:47:24.75
75 1 -23.4 -23.4 1.599 -0.738 0.0 0.0 0.0 36.7156675 -4.4912421 0.00 272.52 1.52 36.7156673 -4.4912459 0.00 268.56 0.99 0.000 38.027 15:47:24.84
75 1 -23.4 -23.4 5.289 -3.936 0.0 0.0 0.0 36.7156675 -4.4912421 0.00 272.52 1.52 36.7156673 -4.4912470 0.00 268.46 0.97 0.000 38.027 15:47:24.95
75 1 -23.4 -23.4 2.337 -0.123 0.0 0.0 0.0 36.7156675 -4.4912421 0.00 272.52 1.52 36.7156673 -4.4912470 0.00 268.46 0.97 0.000 38.027 15:47:25.04
75 1 -23.4 -23.4 3.936 0.492 0.0 0.0 0.0 36.7156674 -4.4912443 0.00 272.52 0.90 36.7156673 -4.4912480 0.00 268.46 0.98 0.000 38.027 15:47:25.15
75 1 -23.4 -23.4 8.364 0.123 0.0 0.0 0.0 36.7156674 -4.4912443 0.00 272.52 0.90 36.7156673 -4.4912480 0.00 268.46 0.98 0.000 38.027 15:47:25.25
75 1 -23.4 -23.4 3.567 -0.369 0.0 0.0 0.0 36.7156674 -4.4912453 0.00 272.52 0.78 36.7156673 -4.4912491 0.00 268.61 0.99 0.000 38.027 15:47:25.35
75 1 -23.4 -23.4 7.380 -0.246 0.0 0.0 0.0 36.7156674 -4.4912453 0.00 272.52 0.78 36.7156673 -4.4912491 0.00 268.61 0.99 0.000 38.027 15:47:25.45
75 1 -23.4 -23.4 3.321 0.492 0.0 0.0 0.0 36.7156674 -4.4912453 0.00 272.52 0.78 36.7156673 -4.4912502 0.00 268.91 1.01 0.000 38.027 15:47:25.54
75 1 -23.4 -23.4 6.519 -1.599 0.0 0.0 0.0 36.7156674 -4.4912453 0.00 272.52 0.78 36.7156673 -4.4912502 0.00 268.91 1.01 0.000 38.027 15:47:25.65
75 0 -23.4 -23.4 4.674 0.615 0.0 0.0 0.0 36.7156673 -4.4912477 0.00 268.88 1.03 36.7156672 -4.4912513 0.00 269.25 0.97 0.000 38.027 15:47:25.75
75 0 -23.4 -23.4 4.674 -4.797 0.0 0.0 0.0 36.7156674 -4.4912488 0.00 268.88 0.93 36.7156672 -4.4912513 0.00 269.25 0.97 0.000 38.027 15:47:25.85
75 0 -23.4 -23.4 3.567 -0.369 0.0 0.0 0.0 36.7156674 -4.4912488 0.00 268.88 0.93 36.7156672 -4.4912524 0.00 269.65 0.96 0.000 38.027 15:47:25.95
75 0 -23.4 -23.4 4.182 -4.305 0.0 0.0 0.0 36.7156674 -4.4912488 0.00 268.88 0.93 36.7156672 -4.4912524 0.00 269.65 0.96 0.000 38.027 15:47:26.04
75 0 -23.4 -23.4 1.968 -2.091 0.0 0.0 0.0 36.7156674 -4.4912488 0.00 268.88 0.93 36.7156672 -4.4912536 0.00 270.05 1.00 0.000 38.027 15:47:26.15
75 0 -23.4 -23.4 2.583 -5.166 0.0 0.0 0.0 36.7156674 -4.4912488 0.00 268.88 0.93 36.7156672 -4.4912536 0.00 270.05 1.00 0.000 38.027 15:47:26.25
75 -1 -23.4 -23.4 1.476 -1.968 0.0 0.0 0.0 36.7156673 -4.4912508 0.00 268.88 0.81 36.7156672 -4.4912547 0.00 270.28 1.01 0.000 38.027 15:47:26.35
75 -1 -23.4 -23.4 1.230 -2.952 0.0 0.0 0.0 36.7156673 -4.4912508 0.00 268.88 0.81 36.7156672 -4.4912547 0.00 270.28 1.01 0.000 38.027 15:47:26.45
75 -1 -23.4 -23.4 2.214 -5.412 0.0 0.0 0.0 36.7156673 -4.4912521 0.00 277.05 1.27 36.7156672 -4.4912558 0.00 270.48 1.04 0.000 38.027 15:47:26.54
75 -1 -23.4 -23.4 1.353 -4.551 0.0 0.0 0.0 36.7156673 -4.4912521 0.00 277.05 1.27 36.7156672 -4.4912558 0.00 270.48 1.04 0.000 38.027 15:47:26.65
75 -1 -23.4 -23.4 2.214 -1.845 0.0 0.0 0.0 36.7156673 -4.4912521 0.00 277.05 1.27 36.7156672 -4.4912569 0.00 270.62 1.04 0.000 38.027 15:47:26.75
75 -1 -23.4 -23.4 1.353 -3.075 0.0 0.0 0.0 36.7156673 -4.4912542 0.00 277.05 0.77 36.7156672 -4.4912569 0.00 270.62 1.04 0.000 38.027 15:47:26.85
75 -1 -23.4 -23.4 4.305 -4.059 0.0 0.0 0.0 36.7156673 -4.4912542 0.00 277.05 0.77 36.7156673 -4.4912580 0.00 270.46 0.96 0.000 38.027 15:47:26.95
75 -1 -23.4 -23.4 -0.123 -5.166 0.0 0.0 0.0 36.7156674 -4.4912554 0.00 274.60 1.26 36.7156673 -4.4912580 0.00 270.46 0.96 0.000 38.027 15:47:27.04
75 -1 -23.4 -23.4 4.305 -4.674 0.0 0.0 0.0 36.7156674 -4.4912554 0.00 274.60 1.26 36.7156672 -4.4912592 0.00 270.30 1.01 0.000 38.027 15:47:27.15
75 -1 -23.4 -23.4 -0.123 -2.706 0.0 0.0 0.0 36.7156674 -4.4912554 0.00 274.60 1.26 36.7156672 -4.4912592 0.00 270.30 1.01 0.000 38.027 15:47:27.25
75 -1 -22.6 -22.6 2.952 -6.642 0.0 0.0 0.0 36.7156674 -4.4912554 0.00 274.60 1.26 36.7156672 -4.4912603 0.00 270.12 1.05 0.000 38.027 15:47:27.35
75 -1 -22.6 -22.6 1.968 -0.738 0.0 0.0 0.0 36.7156674 -4.4912554 0.00 274.60 1.26 36.7156672 -4.4912603 0.00 270.12 1.05 0.000 38.027 15:47:27.45
75 0 -22.6 -22.6 1.599 -8.610 0.0 0.0 0.0 36.7156672 -4.4912579 0.00 269.18 1.04 36.7156672 -4.4912615 0.00 269.87 1.02 0.000 38.027 15:47:27.54
75 0 -22.6 -22.6 0.369 -0.861 0.0 0.0 0.0 36.7156672 -4.4912579 0.00 269.18 1.04 36.7156672 -4.4912615 0.00 269.87 1.02 0.000 38.027 15:47:27.65
75 0 -22.6 -22.6 2.337 -2.337 0.0 0.0 0.0 36.7156674 -4.4912589 0.00 269.18 0.84 36.7156672 -4.4912626 0.00 269.63 1.03 0.000 38.027 15:47:27.75
75 0 -22.6 -22.6 2.706 -1.968 0.0 0.0 0.0 36.7156674 -4.4912589 0.00 269.18 0.84 36.7156672 -4.4912626 0.00 269.63 1.03 0.000 38.027 15:47:27.85
75 0 -22.6 -22.6 1.107 -0.615 0.0 0.0 0.0 36.7156674 -4.4912589 0.00 269.18 0.84 36.7156672 -4.4912637 0.00 269.49 1.00 0.000 38.027 15:47:27.95
75 0 -22.6 -22.6 6.027 -3.690 0.0 0.0 0.0 36.7156674 -4.4912589 0.00 269.18 0.84 36.7156672 -4.4912637 0.00 269.49 1.00 0.000 38.027 15:47:28.04
75 0 -22.6 -22.6 1.476 -0.738 0.0 0.0 0.0 36.7156673 -4.4912611 0.00 266.13 0.79 36.7156671 -4.4912648 0.00 269.48 0.98 0.000 38.027 15:47:28.15
75 0 -22.6 -22.6 5.289 -2.952 0.0 0.0 0.0 36.7156673 -4.4912611 0.00 266.13 0.79 36.7156671 -4.4912648 0.00 269.48 0.98 0.000 38.027 15:47:28.25
75 0 -22.6 -22.6 1.722 -0.369 0.0 0.0 0.0 36.7156673 -4.4912622 0.00 266.13 0.96 36.7156671 -4.4912659 0.00 269.41 1.00 0.000 38.027 15:47:28.35
75 0 -22.6 -22.6 3.813 -6.765 0.0 0.0 0.0 36.7156673 -4.4912622 0.00 266.13 0.96 36.7156671 -4.4912659 0.00 269.41 1.00 0.000 38.027 15:47:28.45
75 0 -22.6 -22.6 1.845 -0.861 0.0 0.0 0.0 36.7156673 -4.4912622 0.00 266.13 0.96 36.7156671 -4.4912671 0.00 269.41 1.01 0.000 38.027 15:47:28.54
75 0 -22.6 -22.6 2.337 -4.551 0.0 0.0 0.0 36.7156673 -4.4912622 0.00 266.13 0.96 36.7156671 -4.4912671 0.00 269.41 1.01 0.000 38.027 15:47:28.65
75 0 -22.6 -22.6 2.706 -2.952 0.0 0.0 0.0 36.7156672 -4.4912645 0.00 270.68 1.13 36.7156671 -4.4912683 0.00 269.53 1.01 0.000 38.027 15:47:28.75
75 0 -22.6 -22.6 1.599 -2.214 0.0 0.0 0.0 36.7156672 -4.4912656 0.00 270.68 0.92 36.7156671 -4.4912683 0.00 269.53 1.01 0.000 38.027 15:47:28.85
75 0 -22.6 -22.6 1.722 -2.706 0.0 0.0 0.0 36.7156672 -4.4912656 0.00 270.68 0.92 36.7156671 -4.4912694 0.00 269.64 1.02 0.000 38.027 15:47:28.95
75 0 -22.6 -22.6 1.968 -0.123 0.0 0.0 0.0 36.7156672 -4.4912656 0.00 270.68 0.92 36.7156671 -4.4912694 0.00 269.64 1.02 0.000 38.027 15:47:29.04
75 0 -22.6 -22.6 2.706 -2.091 0.0 0.0 0.0 36.7156672 -4.4912656 0.00 270.68 0.92 36.7156671 -4.4912706 0.00 269.68 0.99 0.000 38.027 15:47:29.15
75 0 -22.6 -22.6 2.706 -1.968 0.0 0.0 0.0 36.7156672 -4.4912656 0.00 270.68 0.92 36.7156671 -4.4912706 0.00 269.68 0.99 0.000 38.027 15:47:29.25
75 0 -22.6 -22.6 3.075 0.000 0.0 0.0 0.0 36.7156672 -4.4912680 0.00 274.70 1.38 36.7156671 -4.4912717 0.00 269.67 1.03 0.000 38.027 15:47:29.35
75 0 -22.6 -22.6 2.952 -2.583 0.0 0.0 0.0 36.7156672 -4.4912680 0.00 274.70 1.38 36.7156671 -4.4912717 0.00 269.67 1.03 0.000 38.027 15:47:29.45
75 0 -22.6 -22.6 5.904 -0.738 0.0 0.0 0.0 36.7156673 -4.4912690 0.00 274.70 0.66 36.7156671 -4.4912728 0.00 269.64 0.99 0.000 38.027 15:47:29.54
75 0 -22.6 -22.6 2.091 -0.246 0.0 0.0 0.0 36.7156673 -4.4912690 0.00 274.70 0.66 36.7156671 -4.4912728 0.00 269.64 0.99 0.000 38.027 15:47:29.65
75 0 -22.6 -22.6 6.888 -2.091 0.0 0.0 0.0 36.7156673 -4.4912690 0.00 274.70 0.66 36.7156671 -4.4912739 0.00 269.52 1.00 0.000 38.027 15:47:29.75
75 0 -22.6 -22.6 1.476 -0.123 0.0 0.0 0.0 36.7156673 -4.4912712 0.00 268.79 0.77 36.7156671 -4.4912739 0.00 269.52 1.00 0.000 38.027 15:47:29.85
75 0 -22.6 -22.6 4.920 -3.813 0.0 0.0 0.0 36.7156673 -4.4912712 0.00 268.79 0.77 36.7156671 -4.4912750 0.00 269.66 1.02 0.000 38.027 15:47:29.95
75 0 -22.6 -22.6 2.460 -0.615 0.0 0.0 0.0 36.7156673 -4.4912712 0.00 268.79 0.77 36.7156671 -4.4912750 0.00 269.66 1.02 0.000 38.027 15:47:30.04
75 0 -22.6 -22.6 2.583 -1.230 0.0 0.0 0.0 36.7156673 -4.4912724 0.00 270.74 1.23 36.7156671 -4.4912762 0.00 269.67 1.07 0.000 38.027 15:47:30.15
75 0 -22.6 -22.6 2.952 -3.321 0.0 0.0 0.0 36.7156673 -4.4912724 0.00 270.74 1.23 36.7156671 -4.4912762 0.00 269.67 1.07 0.000 38.027 15:47:30.25
75 0 -22.6 -22.6 1.599 -2.583 0.0 0.0 0.0 36.7156673 -4.4912724 0.00 270.74 1.23 36.7156671 -4.4912774 0.00 269.83 1.06 0.000 38.027 15:47:30.35
75 0 -22.6 -22.6 2.706 -6.273 0.0 0.0 0.0 36.7156673 -4.4912724 0.00 270.74 1.23 36.7156671 -4.4912774 0.00 269.83 1.06 0.000 38.027 15:47:30.45
75 0 -22.6 -22.6 -0.369 -2.214 0.0 0.0 0.0 36.7156672 -4.4912747 0.00 274.09 1.12 36.7156671 -4.4912786 0.00 270.05 1.08 0.000 38.027 15:47:30.54
75 0 -22.6 -22.6 2.583 -6.027 0.0 0.0 0.0 36.7156672 -4.4912747 0.00 274.09 1.12 36.7156671 -4.4912786 0.00 270.05 1.08 0.000 38.027 15:47:30.65
75 0 -22.6 -22.6 1.722 -1.107 0.0 0.0 0.0 36.7156672 -4.4912760 0.00 269.37 1.11 36.7156671 -4.4912799 0.00 270.19 1.09 0.000 38.027 15:47:30.75
75 0 -22.6 -22.6 2.214 -3.321 0.0 0.0 0.0 36.7156672 -4.4912760 0.00 269.37 1.11 36.7156671 -4.4912799 0.00 270.19 1.09 0.000 38.027 15:47:30.85
75 -1 -22.6 -22.6 1.353 -0.369 0.0 0.0 0.0 36.7156672 -4.4912760 0.00 269.37 1.11 36.7156671 -4.4912810 0.00 270.31 1.03 0.000 38.027 15:47:30.95
75 -1 -22.6 -22.6 1.353 -4.059 0.0 0.0 0.0 36.7156672 -4.4912760 0.00 269.37 1.11 36.7156671 -4.4912810 0.00 270.31 1.03 0.000 38.027 15:47:31.04
75 -1 -22.6 -22.6 3.444 -5.289 0.0 0.0 0.0 36.7156672 -4.4912782 0.00 276.40 0.97 36.7156671 -4.4912822 0.00 270.38 1.03 0.000 38.027 15:47:31.15
75 -1 -22.6 -22.6 0.000 -1.353 0.0 0.0 0.0 36.7156672 -4.4912782 0.00 276.40 0.97 36.7156671 -4.4912822 0.00 270.38 1.03 0.000 38.027 15:47:31.25
75 -1 -22.6 -22.6 5.412 -5.904 0.0 0.0 0.0 36.7156672 -4.4912793 0.00 276.40 0.89 36.7156671 -4.4912832 0.00 270.42 0.96 0.000 38.027 15:47:31.35
75 -1 -22.6 -22.6 -0.984 -0.738 0.0 0.0 0.0 36.7156672 -4.4912793 0.00 276.40 0.89 36.7156671 -4.4912832 0.00 270.42 0.96 0.000 38.027 15:47:31.45
0 0 -22.6 -22.6 4.428 -6.150 0.0 0.0 0.0 36.7156672 -4.4912793 0.00 276.40 0.89 36.7156671 -4.4912843 0.00 270.25 0.88 0.000 38.027 15:47:31.54
0 0 -22.6 -22.6 -43.173 55.227 0.0 0.0 0.0 36.7156672 -4.4912793 0.00 276.40 0.89 36.7156671 -4.4912843 0.00 270.25 0.88 0.000 38.027 15:47:31.65
0 0 -22.6 -22.6 -2.091 4.059 0.0 0.0 0.0 36.7156672 -4.4912816 0.00 268.46 1.40 36.7156671 -4.4912853 0.00 270.02 0.97 0.000 38.027 15:47:31.75
0 0 -22.6 -22.6 -0.123 2.214 0.0 0.0 0.0 36.7156672 -4.4912826 0.00 268.46 0.92 36.7156671 -4.4912853 0.00 270.02 0.97 0.000 38.027 15:47:31.85
0 0 -22.6 -22.6 3.321 -1.845 0.0 0.0 0.0 36.7156672 -4.4912826 0.00 268.46 0.92 36.7156672 -4.4912853 0.00 269.80 0.90 0.000 38.027 15:47:31.95
0 0 -22.6 -22.6 0.492 0.615 0.0 0.0 0.0 36.7156672 -4.4912826 0.00 268.46 0.92 36.7156672 -4.4912853 0.00 269.80 0.90 0.000 38.027 15:47:32.04
0 0 -22.6 -22.6 0.000 1.107 0.0 0.0 0.0 36.7156672 -4.4912826 0.00 268.46 0.92 36.7156671 -4.4912854 0.00 268.88 0.11 0.000 38.027 15:47:32.15
0 0 -22.6 -22.6 0.984 0.861 0.0 0.0 0.0 36.7156672 -4.4912826 0.00 268.46 0.92 36.7156671 -4.4912854 0.00 268.88 0.11 0.000 38.027 15:47:32.25
0 0 0.0 0.0 0.123 0.369 0.0 0.0 0.0 36.7156672 -4.4912828 0.00 268.46 0.20 36.7156671 -4.4912851 0.00 268.87 0.08 0.000 38.672 15:47:32.35
0 0 0.0 0.0 0.369 0.738 0.0 0.0 0.0 36.7156672 -4.4912828 0.00 268.46 0.20 36.7156671 -4.4912851 0.00 268.87 0.08 0.000 38.672 15:47:32.45
0 0 0.0 0.0 0.861 0.738 0.0 0.0 0.0 36.7156672 -4.4912826 0.00 268.46 0.36 36.7156671 -4.4912851 0.00 268.84 0.04 0.000 38.672 15:47:32.54
0 0 0.0 0.0 0.369 0.738 0.0 0.0 0.0 36.7156672 -4.4912826 0.00 268.46 0.36 36.7156671 -4.4912851 0.00 268.84 0.04 0.000 38.672 15:47:32.65
0 0 0.0 0.0 0.246 0.246 0.0 0.0 0.0 36.7156672 -4.4912826 0.00 268.46 0.36 36.7156671 -4.4912851 0.00 268.85 0.03 0.000 38.672 15:47:32.75
