75 -2 -23.4 -22.2 -1.107 -3.567 0.0 0.0 0.0 36.7156694 -4.4910319 0.00 269.59 0.94 36.7156695 -4.4910280 0.00 273.05 0.99 0.000 38.027 15:36:14.54
75 -2 -23.4 -22.2 -2.091 -8.364 0.0 0.0 0.0 36.7156694 -4.4910319 0.00 269.59 0.94 36.7156695 -4.4910280 0.00 273.05 0.99 0.000 38.027 15:36:14.65
75 0 -23.4 -22.2 0.369 -5.904 0.0 0.0 0.0 36.7156693 -4.4910330 0.00 269.19 0.94 36.7156695 -4.4910292 0.00 271.86 1.11 0.000 38.027 15:36:14.75
75 0 -23.4 -22.2 -1.230 -6.273 0.0 0.0 0.0 36.7156693 -4.4910330 0.00 269.19 0.94 36.7156695 -4.4910292 0.00 271.86 1.11 0.000 38.027 15:36:14.85
75 0 -23.4 -22.2 -0.984 -4.059 0.0 0.0 0.0 36.7156693 -4.4910341 0.00 268.84 0.98 36.7156695 -4.4910292 0.00 271.86 1.11 0.000 38.027 15:36:14.95
75 0 -23.4 -22.2 -0.615 -1.845 0.0 0.0 0.0 36.7156693 -4.4910341 0.00 268.84 0.98 36.7156695 -4.4910292 0.00 271.86 1.11 0.000 38.027 15:36:15.04
75 2 -23.4 -22.2 2.460 -6.765 0.0 0.0 0.0 36.7156693 -4.4910352 0.00 268.69 0.96 36.7156694 -4.4910315 0.00 270.52 1.16 0.000 38.027 15:36:15.15
75 2 -23.4 -22.2 1.722 -1.107 0.0 0.0 0.0 36.7156693 -4.4910352 0.00 268.69 0.96 36.7156694 -4.4910315 0.00 270.52 1.16 0.000 38.027 15:36:15.25
75 2 -23.4 -22.2 0.738 -5.043 0.0 0.0 0.0 36.7156693 -4.4910363 0.00 268.64 0.97 36.7156695 -4.4910326 0.00 270.52 0.78 0.000 38.027 15:36:15.35
75 2 -23.4 -22.2 5.289 -1.230 0.0 0.0 0.0 36.7156693 -4.4910363 0.00 268.64 0.97 36.7156695 -4.4910326 0.00 270.52 0.78 0.000 38.027 15:36:15.45
75 2 -23.4 -22.2 0.861 -2.214 0.0 0.0 0.0 36.7156693 -4.4910374 0.00 268.57 0.91 36.7156695 -4.4910326 0.00 270.52 0.78 0.000 38.027 15:36:15.54
75 2 -23.4 -22.2 1.968 -2.460 0.0 0.0 0.0 36.7156693 -4.4910374 0.00 268.57 0.91 36.7156695 -4.4910326 0.00 270.52 0.78 0.000 38.027 15:36:15.65
75 -1 -23.4 -22.2 0.615 -1.107 0.0 0.0 0.0 36.7156692 -4.4910385 0.00 268.80 0.92 36.7156694 -4.4910347 0.00 273.20 0.87 0.000 38.027 15:36:15.75
75 -1 -23.4 -22.2 -0.246 -4.059 0.0 0.0 0.0 36.7156692 -4.4910385 0.00 268.80 0.92 36.7156694 -4.4910347 0.00 273.20 0.87 0.000 38.027 15:36:15.85
75 -1 -23.4 -22.2 2.829 -2.091 0.0 0.0 0.0 36.7156692 -4.4910395 0.00 268.89 0.94 36.7156693 -4.4910360 0.00 273.77 1.22 0.000 38.027 15:36:15.95
75 -1 -23.4 -22.2 0.861 -4.797 0.0 0.0 0.0 36.7156692 -4.4910395 0.00 268.89 0.94 36.7156693 -4.4910360 0.00 273.77 1.22 0.000 38.027 15:36:16.06
75 -1 -23.4 -22.2 5.166 -1.476 0.0 0.0 0.0 36.7156692 -4.4910407 0.00 268.96 1.01 36.7156693 -4.4910360 0.00 273.77 1.22 0.000 38.027 15:36:16.15
75 -1 -23.4 -22.2 1.599 -3.444 0.0 0.0 0.0 36.7156692 -4.4910407 0.00 268.96 1.01 36.7156693 -4.4910360 0.00 273.77 1.22 0.000 38.027 15:36:16.26
75 -1 -23.4 -22.2 5.289 -2.091 0.0 0.0 0.0 36.7156692 -4.4910419 0.00 268.90 0.98 36.7156693 -4.4910381 0.00 274.12 1.22 0.000 38.027 15:36:16.35
75 -1 -23.4 -22.2 0.492 -3.198 0.0 0.0 0.0 36.7156692 -4.4910419 0.00 268.90 0.98 36.7156693 -4.4910381 0.00 274.12 1.22 0.000 38.027 15:36:16.45
75 -1 -23.4 -22.2 4.920 -3.567 0.0 0.0 0.0 36.7156692 -4.4910430 0.00 268.79 0.97 36.7156693 -4.4910393 0.00 274.35 1.04 0.000 38.027 15:36:16.56
75 -1 -23.4 -22.2 -0.123 -3.690 0.0 0.0 0.0 36.7156692 -4.4910430 0.00 268.79 0.97 36.7156693 -4.4910393 0.00 274.35 1.04 0.000 38.027 15:36:16.65
75 -4 -23.4 -22.2 0.246 -4.305 0.0 0.0 0.0 36.7156692 -4.4910442 0.00 268.69 1.05 36.7156693 -4.4910393 0.00 274.35 1.04 0.000 38.027 15:36:16.76
75 -4 -23.4 -22.2 1.599 -3.075 0.0 0.0 0.0 36.7156692 -4.4910442 0.00 268.69 1.05 36.7156693 -4.4910393 0.00 274.35 1.04 0.000 38.027 15:36:16.85
75 -3 -23.4 -22.2 -0.492 -4.797 0.0 0.0 0.0 36.7156691 -4.4910453 0.00 268.50 0.99 36.7156692 -4.4910414 0.00 274.35 0.73 0.000 38.027 15:36:16.95
75 -3 -23.4 -22.2 4.182 -4.674 0.0 0.0 0.0 36.7156691 -4.4910453 0.00 268.50 0.99 36.7156692 -4.4910414 0.00 274.35 0.73 0.000 38.027 15:36:17.06
75 -2 -23.4 -22.2 -0.984 -7.872 0.0 0.0 0.0 36.7156691 -4.4910464 0.00 268.30 0.94 36.7156692 -4.4910428 0.00 273.53 1.37 0.000 38.027 15:36:17.15
75 -2 -23.4 -22.2 2.460 -3.321 0.0 0.0 0.0 36.7156691 -4.4910464 0.00 268.30 0.94 36.7156692 -4.4910428 0.00 273.53 1.37 0.000 38.027 15:36:17.26
75 -2 -23.4 -22.2 -1.722 -6.765 0.0 0.0 0.0 36.7156690 -4.4910475 0.00 267.83 0.95 36.7156692 -4.4910428 0.00 273.53 1.37 0.000 38.027 15:36:17.35
75 -2 -23.4 -22.2 -2.214 -4.797 0.0 0.0 0.0 36.7156690 -4.4910475 0.00 267.83 0.95 36.7156692 -4.4910428 0.00 273.53 1.37 0.000 38.027 15:36:17.46
75 -2 -23.4 -22.2 -0.369 -5.043 0.0 0.0 0.0 36.7156690 -4.4910487 0.00 267.51 0.92 36.7156692 -4.4910450 0.00 273.53 0.91 0.000 38.027 15:36:17.56
75 -2 -23.4 -22.2 -2.706 -4.551 0.0 0.0 0.0 36.7156690 -4.4910487 0.00 267.51 0.92 36.7156692 -4.4910450 0.00 273.53 0.91 0.000 38.027 15:36:17.65
75 1 -23.4 -22.2 2.829 -2.583 0.0 0.0 0.0 36.7156690 -4.4910497 0.00 267.27 0.95 36.7156692 -4.4910461 0.00 270.99 0.98 0.000 38.027 15:36:17.76
75 1 -23.4 -22.2 1.845 -5.289 0.0 0.0 0.0 36.7156690 -4.4910497 0.00 267.27 0.95 36.7156692 -4.4910461 0.00 270.99 0.98 0.000 38.027 15:36:17.85
75 1 -23.4 -22.2 4.920 -0.246 0.0 0.0 0.0 36.7156689 -4.4910509 0.00 267.08 1.00 36.7156692 -4.4910461 0.00 270.99 0.98 0.000 38.027 15:36:17.96
75 1 -23.4 -22.2 0.738 -4.920 0.0 0.0 0.0 36.7156689 -4.4910509 0.00 267.08 1.00 36.7156692 -4.4910461 0.00 270.99 0.98 0.000 38.027 15:36:18.06
75 3 -23.4 -22.2 0.492 -2.214 0.0 0.0 0.0 36.7156688 -4.4910519 0.00 266.99 0.96 36.7156690 -4.4910483 0.00 269.90 1.02 0.000 38.027 15:36:18.15
75 3 -23.4 -22.2 3.813 -2.091 0.0 0.0 0.0 36.7156688 -4.4910519 0.00 266.99 0.96 36.7156690 -4.4910483 0.00 269.90 1.02 0.000 38.027 15:36:18.26
75 3 -23.4 -22.2 1.968 -2.337 0.0 0.0 0.0 36.7156688 -4.4910531 0.00 267.20 0.89 36.7156690 -4.4910494 0.00 269.90 0.96 0.000 38.027 15:36:18.35
75 3 -23.4 -22.2 6.642 0.861 0.0 0.0 0.0 36.7156688 -4.4910531 0.00 267.20 0.89 36.7156690 -4.4910494 0.00 269.90 0.96 0.000 38.027 15:36:18.46
75 3 -23.4 -22.2 3.936 -2.460 0.0 0.0 0.0 36.7156687 -4.4910542 0.00 267.22 0.91 36.7156690 -4.4910494 0.00 269.90 0.96 0.000 38.027 15:36:18.56
75 3 -23.4 -22.2 7.380 1.230 0.0 0.0 0.0 36.7156687 -4.4910542 0.00 267.22 0.91 36.7156690 -4.4910494 0.00 269.90 0.96 0.000 38.027 15:36:18.67
75 6 -23.4 -22.2 4.059 -1.599 0.0 0.0 0.0 36.7156687 -4.4910553 0.00 267.63 0.92 36.7156689 -4.4910517 0.00 267.98 1.14 0.000 38.027 15:36:18.76
75 6 -23.4 -22.2 6.642 1.599 0.0 0.0 0.0 36.7156687 -4.4910553 0.00 267.63 0.92 36.7156689 -4.4910517 0.00 267.98 1.14 0.000 38.027 15:36:18.85
75 6 -23.4 -22.2 7.872 0.615 0.0 0.0 0.0 36.7156687 -4.4910565 0.00 268.16 0.99 36.7156689 -4.4910528 0.00 267.98 0.86 0.000 38.027 15:36:18.96
75 6 -23.4 -22.2 4.428 -1.230 0.0 0.0 0.0 36.7156687 -4.4910565 0.00 268.16 0.99 36.7156689 -4.4910528 0.00 267.98 0.86 0.000 38.027 15:36:19.06
75 6 -23.4 -22.2 6.642 1.476 0.0 0.0 0.0 36.7156687 -4.4910576 0.00 268.73 1.02 36.7156689 -4.4910528 0.00 267.98 0.86 0.000 38.027 15:36:19.17
75 6 -23.4 -22.2 6.765 1.107 0.0 0.0 0.0 36.7156687 -4.4910576 0.00 268.73 1.02 36.7156689 -4.4910528 0.00 267.98 0.86 0.000 38.027 15:36:19.26
75 7 -23.4 -22.2 7.872 2.214 0.0 0.0 0.0 36.7156687 -4.4910587 0.00 269.49 1.00 36.7156687 -4.4910550 0.00 267.98 0.95 0.000 38.027 15:36:19.35
75 7 -21.4 -24.1 7.380 2.337 0.0 0.0 0.0 36.7156687 -4.4910587 0.00 269.49 1.00 36.7156687 -4.4910550 0.00 267.98 0.95 0.000 38.027 15:36:19.46
75 -1 -21.4 -24.1 10.455 4.797 0.0 0.0 0.0 36.7156688 -4.4910599 0.00 270.07 1.00 36.7156687 -4.4910561 0.00 274.77 1.00 0.000 38.027 15:36:19.56
75 -1 -21.4 -24.1 2.460 1.107 0.0 0.0 0.0 36.7156688 -4.4910599 0.00 270.07 1.00 36.7156687 -4.4910561 0.00 274.77 1.00 0.000 38.027 15:36:19.67
75 -1 -21.4 -24.1 6.519 2.706 0.0 0.0 0.0 36.7156688 -4.4910610 0.00 270.89 0.98 36.7156687 -4.4910561 0.00 274.77 1.00 0.000 38.027 15:36:19.76
75 -1 -21.4 -24.1 4.920 -0.738 0.0 0.0 0.0 36.7156688 -4.4910610 0.00 270.89 0.98 36.7156687 -4.4910561 0.00 274.77 1.00 0.000 38.027 15:36:19.85
75 -2 -21.4 -24.1 4.674 -1.845 0.0 0.0 0.0 36.7156688 -4.4910621 0.00 271.79 1.04 36.7156688 -4.4910583 0.00 276.62 1.18 0.000 38.027 15:36:19.96
75 -2 -21.4 -24.1 2.829 -0.861 0.0 0.0 0.0 36.7156688 -4.4910621 0.00 271.79 1.04 36.7156688 -4.4910583 0.00 276.62 1.18 0.000 38.027 15:36:20.06
75 -2 -21.4 -24.1 0.738 -4.182 0.0 0.0 0.0 36.7156688 -4.4910632 0.00 271.78 0.85 36.7156688 -4.4910594 0.00 276.62 0.83 0.000 38.027 15:36:20.17
75 -2 -21.4 -24.1 1.722 -2.706 0.0 0.0 0.0 36.7156688 -4.4910632 0.00 271.78 0.85 36.7156688 -4.4910594 0.00 276.62 0.83 0.000 38.027 15:36:20.26
75 -2 -21.4 -24.1 4.305 -2.952 0.0 0.0 0.0 36.7156689 -4.4910644 0.00 271.96 0.94 36.7156688 -4.4910594 0.00 276.62 0.83 0.000 38.027 15:36:20.37
75 -2 -21.4 -24.1 1.845 -3.567 0.0 0.0 0.0 36.7156689 -4.4910644 0.00 271.96 0.94 36.7156688 -4.4910594 0.00 276.62 0.83 0.000 38.027 15:36:20.46
75 1 -21.4 -24.1 1.599 -3.813 0.0 0.0 0.0 36.7156689 -4.4910655 0.00 272.01 0.94 36.7156688 -4.4910617 0.00 274.41 0.94 0.000 38.027 15:36:20.56
75 1 -21.4 -24.1 2.952 -4.059 0.0 0.0 0.0 36.7156689 -4.4910655 0.00 272.01 0.94 36.7156688 -4.4910617 0.00 274.41 0.94 0.000 38.027 15:36:20.67
75 2 -21.4 -24.1 3.813 -1.230 0.0 0.0 0.0 36.7156689 -4.4910667 0.00 271.89 1.05 36.7156688 -4.4910629 0.00 274.41 0.95 0.000 38.027 15:36:20.76
75 2 -21.4 -24.1 0.738 -2.460 0.0 0.0 0.0 36.7156689 -4.4910667 0.00 271.89 1.05 36.7156688 -4.4910629 0.00 274.41 0.95 0.000 38.027 15:36:20.87
75 2 -21.4 -24.1 3.075 0.000 0.0 0.0 0.0 36.7156689 -4.4910678 0.00 271.81 1.04 36.7156688 -4.4910629 0.00 274.41 0.95 0.000 38.027 15:36:20.96
75 2 -21.4 -24.1 1.476 -1.353 0.0 0.0 0.0 36.7156689 -4.4910678 0.00 271.81 1.04 36.7156688 -4.4910629 0.00 274.41 0.95 0.000 38.027 15:36:21.06
75 2 -21.4 -24.1 1.845 -2.706 0.0 0.0 0.0 36.7156689 -4.4910689 0.00 272.10 1.02 36.7156689 -4.4910652 0.00 276.27 1.03 0.000 38.027 15:36:21.17
75 2 -21.4 -24.1 5.289 0.123 0.0 0.0 0.0 36.7156689 -4.4910689 0.00 272.10 1.02 36.7156689 -4.4910652 0.00 276.27 1.03 0.000 38.027 15:36:21.26
75 -6 -21.4 -24.1 3.813 -2.214 0.0 0.0 0.0 36.7156690 -4.4910700 0.00 272.28 0.97 36.7156689 -4.4910663 0.00 274.98 0.99 0.000 38.027 15:36:21.37
75 -6 -21.4 -24.1 2.829 -3.567 0.0 0.0 0.0 36.7156690 -4.4910700 0.00 272.28 0.97 36.7156689 -4.4910663 0.00 274.98 0.99 0.000 38.027 15:36:21.46
75 -6 -21.4 -24.1 0.123 -5.904 0.0 0.0 0.0 36.7156690 -4.4910711 0.00 272.51 0.93 36.7156689 -4.4910663 0.00 274.98 0.99 0.000 38.027 15:36:21.57
75 -6 -21.4 -24.1 2.091 -1.968 0.0 0.0 0.0 36.7156690 -4.4910711 0.00 272.51 0.93 36.7156689 -4.4910663 0.00 274.98 0.99 0.000 38.027 15:36:21.67
75 -6 -21.4 -24.1 0.246 -5.289 0.0 0.0 0.0 36.7156690 -4.4910722 0.00 272.52 1.04 36.7156690 -4.4910684 0.00 274.98 0.78 0.000 38.027 15:36:21.76
75 -6 -21.4 -24.1 0.492 -3.198 0.0 0.0 0.0 36.7156690 -4.4910722 0.00 272.52 1.04 36.7156690 -4.4910684 0.00 274.98 0.78 0.000 38.027 15:36:21.87
75 -10 -21.4 -24.1 -0.984 -5.289 0.0 0.0 0.0 36.7156690 -4.4910734 0.00 272.18 0.94 36.7156691 -4.4910697 0.00 278.13 1.35 0.000 38.027 15:36:21.96
75 -10 -21.4 -24.1 -3.321 -8.118 0.0 0.0 0.0 36.7156690 -4.4910734 0.00 272.18 0.94 36.7156691 -4.4910697 0.00 278.13 1.35 0.000 38.027 15:36:22.07
75 -10 -21.4 -24.1 -0.738 -6.642 0.0 0.0 0.0 36.7156691 -4.4910745 0.00 271.63 0.94 36.7156691 -4.4910697 0.00 278.13 1.35 0.000 38.027 15:36:22.17
75 -10 -21.4 -24.1 -1.476 -11.070 0.0 0.0 0.0 36.7156691 -4.4910745 0.00 271.63 0.94 36.7156691 -4.4910697 0.00 278.13 1.35 0.000 38.027 15:36:22.26
75 -10 -21.4 -24.1 -2.214 -9.471 0.0 0.0 0.0 36.7156690 -4.4910755 0.00 271.10 0.92 36.7156691 -4.4910718 0.00 278.13 0.75 0.000 38.027 15:36:22.37
75 -10 -21.4 -24.1 -4.059 -11.685 0.0 0.0 0.0 36.7156690 -4.4910755 0.00 271.10 0.92 36.7156691 -4.4910718 0.00 278.13 0.75 0.000 38.027 15:36:22.46
75 1 -21.4 -24.1 -2.706 -8.118 0.0 0.0 0.0 36.7156690 -4.4910766 0.00 270.10 0.93 36.7156691 -4.4910729 0.00 269.06 1.01 0.000 38.027 15:36:22.57
75 1 -21.4 -24.1 -0.861 -4.182 0.0 0.0 0.0 36.7156690 -4.4910766 0.00 270.10 0.93 36.7156691 -4.4910729 0.00 269.06 1.01 0.000 38.027 15:36:22.67
75 1 -21.4 -24.1 -1.476 -5.043 0.0 0.0 0.0 36.7156689 -4.4910778 0.00 269.13 0.98 36.7156691 -4.4910729 0.00 269.06 1.01 0.000 38.027 15:36:22.76
75 1 -21.4 -24.1 -0.369 -4.797 0.0 0.0 0.0 36.7156689 -4.4910778 0.00 269.13 0.98 36.7156691 -4.4910729 0.00 269.06 1.01 0.000 38.027 15:36:22.87
75 -6 -21.4 -24.1 1.353 -4.920 0.0 0.0 0.0 36.7156689 -4.4910788 0.00 268.28 1.00 36.7156691 -4.4910751 0.00 275.06 0.83 0.000 38.027 15:36:22.96
75 -6 -21.4 -24.1 0.123 -5.166 0.0 0.0 0.0 36.7156689 -4.4910788 0.00 268.28 1.00 36.7156691 -4.4910751 0.00 275.06 0.83 0.000 38.027 15:36:23.07
75 -2 -21.4 -24.1 0.369 -4.797 0.0 0.0 0.0 36.7156689 -4.4910800 0.00 268.52 1.02 36.7156690 -4.4910763 0.00 271.45 1.02 0.000 38.027 15:36:23.17
75 -2 -21.4 -24.1 1.968 -2.583 0.0 0.0 0.0 36.7156689 -4.4910800 0.00 268.52 1.02 36.7156690 -4.4910763 0.00 271.45 1.02 0.000 38.027 15:36:23.26
75 -2 -21.4 -24.1 -0.492 -7.503 0.0 0.0 0.0 36.7156689 -4.4910811 0.00 268.55 0.99 36.7156690 -4.4910763 0.00 271.45 1.02 0.000 38.027 15:36:23.37
75 -2 -21.4 -24.1 -1.230 -4.797 0.0 0.0 0.0 36.7156689 -4.4910811 0.00 268.55 0.99 36.7156690 -4.4910786 0.00 272.36 1.15 0.000 38.027 15:36:23.46
75 -3 -21.4 -24.1 0.246 -4.059 0.0 0.0 0.0 36.7156688 -4.4910822 0.00 267.92 0.99 36.7156690 -4.4910786 0.00 272.36 1.15 0.000 38.027 15:36:23.57
75 -3 -21.4 -24.1 -1.107 -6.396 0.0 0.0 0.0 36.7156688 -4.4910822 0.00 267.92 0.99 36.7156689 -4.4910797 0.00 272.36 0.80 0.000 38.027 15:36:23.67
75 -3 -21.4 -24.1 -0.246 -5.043 0.0 0.0 0.0 36.7156688 -4.4910834 0.00 267.73 1.02 36.7156689 -4.4910797 0.00 272.36 0.80 0.000 38.027 15:36:23.78
75 -3 -21.4 -24.1 -0.615 -8.118 0.0 0.0 0.0 36.7156688 -4.4910834 0.00 267.73 1.02 36.7156689 -4.4910797 0.00 272.36 0.80 0.000 38.027 15:36:23.87
75 -3 -21.4 -24.1 0.369 -4.182 0.0 0.0 0.0 36.7156687 -4.4910845 0.00 267.50 1.02 36.7156689 -4.4910797 0.00 272.36 0.80 0.000 38.027 15:36:23.96
75 -3 -21.4 -24.1 -1.476 -7.380 0.0 0.0 0.0 36.7156687 -4.4910845 0.00 267.50 1.02 36.7156689 -4.4910821 0.00 268.84 1.05 0.000 38.027 15:36:24.07
75 2 -21.4 -24.1 -1.353 -6.150 0.0 0.0 0.0 36.7156687 -4.4910857 0.00 267.12 0.98 36.7156689 -4.4910821 0.00 268.84 1.05 0.000 38.027 15:36:24.17
75 2 -21.4 -24.1 2.091 -6.150 0.0 0.0 0.0 36.7156687 -4.4910857 0.00 267.12 0.98 36.7156688 -4.4910832 0.00 268.84 0.96 0.000 38.027 15:36:24.28
75 2 -21.4 -24.1 -0.861 -5.412 0.0 0.0 0.0 36.7156686 -4.4910868 0.00 266.77 0.95 36.7156688 -4.4910832 0.00 268.84 0.96 0.000 38.027 15:36:24.37
75 2 -22.6 -23.7 2.337 -2.214 0.0 0.0 0.0 36.7156686 -4.4910868 0.00 266.77 0.95 36.7156688 -4.4910832 0.00 268.84 0.96 0.000 38.242 15:36:24.46
75 2 -22.6 -23.7 2.337 -5.166 0.0 0.0 0.0 36.7156685 -4.4910880 0.00 266.47 0.98 36.7156688 -4.4910832 0.00 268.84 0.96 0.000 38.242 15:36:24.57
75 2 -22.6 -23.7 3.198 -0.738 0.0 0.0 0.0 36.7156685 -4.4910880 0.00 266.47 0.98 36.7156687 -4.4910854 0.00 266.02 1.07 0.000 38.242 15:36:24.67
75 6 -22.6 -23.7 2.214 -2.952 0.0 0.0 0.0 36.7156685 -4.4910891 0.00 266.66 0.99 36.7156687 -4.4910854 0.00 266.02 1.07 0.000 38.242 15:36:24.78
75 6 -22.6 -23.7 3.321 -1.107 0.0 0.0 0.0 36.7156685 -4.4910891 0.00 266.66 0.99 36.7156687 -4.4910865 0.00 266.02 0.88 0.000 38.242 15:36:24.87
75 6 -22.6 -23.7 5.781 0.000 0.0 0.0 0.0 36.7156684 -4.4910902 0.00 266.88 0.97 36.7156687 -4.4910865 0.00 266.02 0.88 0.000 38.242 15:36:24.98
75 6 -22.6 -23.7 5.658 -1.353 0.0 0.0 0.0 36.7156684 -4.4910902 0.00 266.88 0.97 36.7156687 -4.4910865 0.00 266.02 0.88 0.000 38.242 15:36:25.07
75 6 -22.6 -23.7 8.118 3.321 0.0 0.0 0.0 36.7156684 -4.4910913 0.00 266.97 1.02 36.7156687 -4.4910865 0.00 266.02 0.88 0.000 38.242 15:36:25.17
75 6 -22.6 -23.7 8.364 -0.615 0.0 0.0 0.0 36.7156684 -4.4910913 0.00 266.97 1.02 36.7156686 -4.4910887 0.00 265.35 1.04 0.000 38.242 15:36:25.28
75 7 -22.6 -23.7 8.733 3.321 0.0 0.0 0.0 36.7156684 -4.4910924 0.00 267.55 1.06 36.7156686 -4.4910887 0.00 265.35 1.04 0.000 38.242 15:36:25.37
75 7 -22.6 -23.7 6.519 2.829 0.0 0.0 0.0 36.7156684 -4.4910924 0.00 267.55 1.06 36.7156685 -4.4910897 0.00 265.35 0.87 0.000 38.242 15:36:25.48
75 8 -22.6 -23.7 8.979 1.107 0.0 0.0 0.0 36.7156684 -4.4910936 0.00 268.19 1.03 36.7156685 -4.4910897 0.00 265.35 0.87 0.000 38.242 15:36:25.57
75 8 -22.6 -23.7 6.888 3.444 0.0 0.0 0.0 36.7156684 -4.4910936 0.00 268.19 1.03 36.7156685 -4.4910897 0.00 265.35 0.87 0.000 38.242 15:36:25.68
75 8 -22.6 -23.7 10.701 2.583 0.0 0.0 0.0 36.7156684 -4.4910948 0.00 268.89 0.99 36.7156685 -4.4910897 0.00 265.35 0.87 0.000 38.242 15:36:25.78
75 8 -22.6 -23.7 8.979 4.182 0.0 0.0 0.0 36.7156684 -4.4910948 0.00 268.89 0.99 36.7156685 -4.4910921 0.00 272.89 1.03 0.000 38.242 15:36:25.87
75 -1 -22.6 -23.7 8.487 4.797 0.0 0.0 0.0 36.7156685 -4.4910959 0.00 269.86 0.94 36.7156685 -4.4910921 0.00 272.89 1.03 0.000 38.242 15:36:25.98
75 -1 -22.6 -23.7 11.439 3.075 0.0 0.0 0.0 36.7156685 -4.4910959 0.00 269.86 0.94 36.7156685 -4.4910933 0.00 272.89 0.97 0.000 38.242 15:36:26.07
75 -1 -22.6 -23.7 5.904 1.968 0.0 0.0 0.0 36.7156686 -4.4910970 0.00 270.70 0.96 36.7156685 -4.4910933 0.00 272.89 0.97 0.000 38.242 15:36:26.18
75 -1 -22.6 -23.7 4.305 0.615 0.0 0.0 0.0 36.7156686 -4.4910970 0.00 270.70 0.96 36.7156685 -4.4910933 0.00 272.89 0.97 0.000 38.242 15:36:26.28
75 -1 -22.6 -23.7 4.428 -1.353 0.0 0.0 0.0 36.7156686 -4.4910981 0.00 271.62 0.90 36.7156685 -4.4910933 0.00 272.89 0.97 0.000 38.242 15:36:26.39
75 -1 -22.6 -23.7 3.075 -1.476 0.0 0.0 0.0 36.7156686 -4.4910981 0.00 271.62 0.90 36.7156685 -4.4910953 0.00 272.89 0.73 0.000 38.242 15:36:26.48
75 -1 -22.6 -23.7 3.813 -1.845 0.0 0.0 0.0 36.7156686 -4.4910991 0.00 271.60 1.05 36.7156685 -4.4910953 0.00 272.89 0.73 0.000 38.242 15:36:26.57
75 -1 -22.6 -23.7 0.123 -3.444 0.0 0.0 0.0 36.7156686 -4.4910991 0.00 271.60 1.05 36.7156686 -4.4910965 0.00 274.06 1.13 0.000 38.242 15:36:26.68
75 -4 -22.6 -23.7 5.781 -0.492 0.0 0.0 0.0 36.7156686 -4.4911002 0.00 271.76 0.97 36.7156686 -4.4910965 0.00 274.06 1.13 0.000 38.242 15:36:26.78
75 -4 -22.6 -23.7 0.000 -5.043 0.0 0.0 0.0 36.7156686 -4.4911002 0.00 271.76 0.97 36.7156686 -4.4910965 0.00 274.06 1.13 0.000 38.242 15:36:26.89
75 -4 -22.6 -23.7 5.781 -2.214 0.0 0.0 0.0 36.7156686 -4.4911013 0.00 271.73 1.02 36.7156686 -4.4910965 0.00 274.06 1.13 0.000 38.242 15:36:26.98
75 -4 -22.6 -23.7 -2.829 -4.551 0.0 0.0 0.0 36.7156686 -4.4911013 0.00 271.73 1.02 36.7156685 -4.4910987 0.00 275.48 0.78 0.000 38.242 15:36:27.07
75 -5 -22.6 -23.7 0.246 -6.027 0.0 0.0 0.0 36.7156686 -4.4911025 0.00 271.62 0.97 36.7156685 -4.4910987 0.00 275.48 0.78 0.000 38.242 15:36:27.18
75 -5 -22.6 -23.7 0.369 -5.412 0.0 0.0 0.0 36.7156686 -4.4911025 0.00 271.62 0.97 36.7156685 -4.4910998 0.00 270.45 1.09 0.000 38.242 15:36:27.28
75 1 -22.6 -23.7 -2.091 -7.995 0.0 0.0 0.0 36.7156686 -4.4911038 0.00 271.37 1.03 36.7156685 -4.4910998 0.00 270.45 1.09 0.000 38.242 15:36:27.39
75 1 -22.6 -23.7 3.321 -3.075 0.0 0.0 0.0 36.7156686 -4.4911038 0.00 271.37 1.03 36.7156685 -4.4910998 0.00 270.45 1.09 0.000 38.242 15:36:27.48
75 1 -22.6 -23.7 -0.615 -8.118 0.0 0.0 0.0 36.7156686 -4.4911049 0.00 271.12 0.99 36.7156685 -4.4910998 0.00 270.45 1.09 0.000 38.242 15:36:27.57
75 1 -22.6 -23.7 5.043 -1.476 0.0 0.0 0.0 36.7156686 -4.4911049 0.00 271.12 0.99 36.7156686 -4.4911022 0.00 273.19 0.75 0.000 38.242 15:36:27.68
75 -3 -22.6 -23.7 -0.369 -5.535 0.0 0.0 0.0 36.7156686 -4.4911060 0.00 270.67 0.98 36.7156686 -4.4911022 0.00 273.19 0.75 0.000 38.242 15:36:27.78
75 -3 -22.6 -23.7 0.615 -3.567 0.0 0.0 0.0 36.7156686 -4.4911060 0.00 270.67 0.98 36.7156686 -4.4911034 0.00 273.07 1.14 0.000 38.242 15:36:27.89
75 -3 -22.6 -23.7 2.214 -6.027 0.0 0.0 0.0 36.7156686 -4.4911071 0.00 270.95 0.98 36.7156686 -4.4911034 0.00 273.07 1.14 0.000 38.242 15:36:27.98
75 -3 -22.6 -23.7 -1.845 -6.150 0.0 0.0 0.0 36.7156686 -4.4911071 0.00 270.95 0.98 36.7156686 -4.4911034 0.00 273.07 1.14 0.000 38.242 15:36:28.07
75 -3 -22.6 -23.7 3.690 -2.829 0.0 0.0 0.0 36.7156686 -4.4911082 0.00 271.14 0.92 36.7156686 -4.4911034 0.00 273.07 1.14 0.000 38.242 15:36:28.18
75 -3 -22.6 -23.7 -2.214 -7.257 0.0 0.0 0.0 36.7156686 -4.4911082 0.00 271.14 0.92 36.7156686 -4.4911055 0.00 273.07 0.72 0.000 38.242 15:36:28.28
75 -2 -22.6 -23.7 1.968 -1.968 0.0 0.0 0.0 36.7156686 -4.4911093 0.00 270.68 0.98 36.7156686 -4.4911055 0.00 273.07 0.72 0.000 38.242 15:36:28.39
75 -2 -22.6 -23.7 -1.107 -6.519 0.0 0.0 0.0 36.7156686 -4.4911093 0.00 270.68 0.98 36.7156686 -4.4911065 0.00 273.07 0.87 0.000 38.242 15:36:28.48
75 -2 -22.6 -23.7 -0.369 -5.289 0.0 0.0 0.0 36.7156686 -4.4911104 0.00 270.30 1.01 36.7156686 -4.4911065 0.00 273.07 0.87 0.000 38.242 15:36:28.59
75 -2 -22.6 -23.7 -0.123 -4.182 0.0 0.0 0.0 36.7156686 -4.4911104 0.00 270.30 1.01 36.7156686 -4.4911065 0.00 273.07 0.87 0.000 38.242 15:36:28.68
75 -2 -22.6 -23.7 -1.107 -6.273 0.0 0.0 0.0 36.7156686 -4.4911116 0.00 269.97 1.04 36.7156686 -4.4911065 0.00 273.07 0.87 0.000 38.242 15:36:28.78
75 -2 -22.6 -23.7 3.690 -1.968 0.0 0.0 0.0 36.7156686 -4.4911116 0.00 269.97 1.04 36.7156686 -4.4911088 0.00 275.70 0.88 0.000 38.242 15:36:28.89
75 -6 -22.6 -23.7 -2.952 -8.979 0.0 0.0 0.0 36.7156685 -4.4911127 0.00 269.86 1.04 36.7156686 -4.4911088 0.00 275.70 0.88 0.000 38.242 15:36:28.98
75 -6 -22.6 -23.7 2.091 -3.444 0.0 0.0 0.0 36.7156685 -4.4911127 0.00 269.86 1.04 36.7156686 -4.4911099 0.00 276.69 0.99 0.000 38.242 15:36:29.09
75 -7 -22.6 -23.7 -3.321 -8.241 0.0 0.0 0.0 36.7156685 -4.4911139 0.00 269.60 1.06 36.7156686 -4.4911099 0.00 276.69 0.99 0.000 38.242 15:36:29.18
75 -7 -22.6 -23.7 -2.337 -6.765 0.0 0.0 0.0 36.7156685 -4.4911139 0.00 269.60 1.06 36.7156686 -4.4911099 0.00 276.69 0.99 0.000 38.242 15:36:29.29
75 -7 -22.6 -23.7 0.123 -5.658 0.0 0.0 0.0 36.7156685 -4.4911151 0.00 269.37 1.02 36.7156686 -4.4911099 0.00 276.69 0.99 0.000 38.242 15:36:29.39
75 -7 -24.1 -21.4 -1.722 -8.241 0.0 0.0 0.0 36.7156685 -4.4911151 0.00 269.37 1.02 36.7156686 -4.4911124 0.00 277.30 1.07 0.000 38.242 15:36:29.48
75 -7 -24.1 -21.4 -1.722 -8.241 0.0 0.0 0.0 36.7156684 -4.4911161 0.00 268.68 0.96 36.7156686 -4.4911124 0.00 277.30 1.07 0.000 38.242 15:36:29.59
75 -7 -24.1 -21.4 -2.583 -7.995 0.0 0.0 0.0 36.7156684 -4.4911161 0.00 268.68 0.96 36.7156686 -4.4911135 0.00 277.30 0.87 0.000 38.242 15:36:29.68
75 -7 -24.1 -21.4 0.123 -7.257 0.0 0.0 0.0 36.7156684 -4.4911173 0.00 267.97 0.96 36.7156686 -4.4911135 0.00 277.30 0.87 0.000 38.242 15:36:29.79
75 -7 -24.1 -21.4 -4.551 -9.594 0.0 0.0 0.0 36.7156684 -4.4911173 0.00 267.97 0.96 36.7156686 -4.4911135 0.00 277.30 0.87 0.000 38.242 15:36:29.89
75 -7 -24.1 -21.4 -1.476 -7.503 0.0 0.0 0.0 36.7156683 -4.4911183 0.00 267.23 0.95 36.7156686 -4.4911135 0.00 277.30 0.87 0.000 38.242 15:36:29.98
75 -7 -24.1 -21.4 -6.888 -12.792 0.0 0.0 0.0 36.7156683 -4.4911183 0.00 267.23 0.95 36.7156685 -4.4911157 0.00 277.30 0.94 0.000 38.242 15:36:30.09
75 -7 -24.1 -21.4 -2.706 -8.364 0.0 0.0 0.0 36.7156682 -4.4911194 0.00 266.55 0.98 36.7156685 -4.4911157 0.00 277.30 0.94 0.000 38.242 15:36:30.18
75 -7 -24.1 -21.4 -2.706 -8.364 0.0 0.0 0.0 36.7156682 -4.4911194 0.00 266.55 0.98 36.7156685 -4.4911167 0.00 277.30 0.83 0.000 38.242 15:36:30.29
75 -6 -24.1 -21.4 -5.904 -12.177 0.0 0.0 0.0 36.7156681 -4.4911204 0.00 265.75 1.02 36.7156685 -4.4911167 0.00 277.30 0.83 0.000 38.242 15:36:30.39
75 -6 -24.1 -21.4 -3.321 -9.717 0.0 0.0 0.0 36.7156681 -4.4911204 0.00 265.75 1.02 36.7156685 -4.4911167 0.00 277.30 0.83 0.000 38.242 15:36:30.50
75 -6 -24.1 -21.4 -0.246 -7.380 0.0 0.0 0.0 36.7156680 -4.4911215 0.00 265.00 1.02 36.7156685 -4.4911167 0.00 277.30 0.83 0.000 38.242 15:36:30.59
75 -6 -24.1 -21.4 -1.968 -11.316 0.0 0.0 0.0 36.7156680 -4.4911215 0.00 265.00 1.02 36.7156683 -4.4911189 0.00 269.32 1.21 0.000 38.242 15:36:30.68
75 4 -24.1 -21.4 -0.369 -7.995 0.0 0.0 0.0 36.7156679 -4.4911226 0.00 264.23 1.03 36.7156683 -4.4911189 0.00 269.32 1.21 0.000 38.242 15:36:30.79
75 4 -24.1 -21.4 -0.369 -7.995 0.0 0.0 0.0 36.7156679 -4.4911226 0.00 264.23 1.03 36.7156682 -4.4911201 0.00 269.23 1.07 0.000 38.242 15:36:30.89
75 5 -24.1 -21.4 -0.492 -3.321 0.0 0.0 0.0 36.7156677 -4.4911238 0.00 263.61 1.01 36.7156682 -4.4911201 0.00 269.23 1.07 0.000 38.242 15:36:31.00
75 5 -24.1 -21.4 -0.492 -3.321 0.0 0.0 0.0 36.7156677 -4.4911238 0.00 263.61 1.01 36.7156682 -4.4911201 0.00 269.23 1.07 0.000 38.242 15:36:31.09
75 5 -24.1 -21.4 0.984 -0.861 0.0 0.0 0.0 36.7156676 -4.4911249 0.00 263.08 1.01 36.7156682 -4.4911201 0.00 269.23 1.07 0.000 38.242 15:36:31.20
75 5 -24.1 -21.4 0.984 -0.861 0.0 0.0 0.0 36.7156676 -4.4911249 0.00 263.08 1.01 36.7156682 -4.4911201 0.00 269.23 1.07 0.000 38.242 15:36:31.29
75 5 -24.1 -21.4 4.428 -3.198 0.0 0.0 0.0 36.7156676 -4.4911260 0.00 263.55 1.00 36.7156680 -4.4911223 0.00 263.32 1.01 0.000 38.242 15:36:31.39
75 5 -24.1 -21.4 4.428 0.123 0.0 0.0 0.0 36.7156676 -4.4911260 0.00 263.55 1.00 36.7156679 -4.4911234 0.00 263.32 0.90 0.000 38.242 15:36:31.50
75 10 -24.1 -21.4 3.936 -1.599 0.0 0.0 0.0 36.7156675 -4.4911271 0.00 263.90 1.10 36.7156679 -4.4911234 0.00 263.32 0.90 0.000 38.242 15:36:31.59
75 10 -24.1 -21.4 11.070 4.797 0.0 0.0 0.0 36.7156675 -4.4911271 0.00 263.90 1.10 36.7156679 -4.4911234 0.00 263.32 0.90 0.000 38.242 15:36:31.70
75 10 -24.1 -21.4 5.658 1.722 0.0 0.0 0.0 36.7156675 -4.4911282 0.00 264.54 1.04 36.7156679 -4.4911234 0.00 263.32 0.90 0.000 38.242 15:36:31.79
75 10 -24.1 -21.4 7.626 1.845 0.0 0.0 0.0 36.7156675 -4.4911282 0.00 264.54 1.04 36.7156676 -4.4911255 0.00 265.41 1.00 0.000 38.242 15:36:31.90
75 8 -24.1 -21.4 7.380 3.567 0.0 0.0 0.0 36.7156674 -4.4911294 0.00 265.37 0.96 36.7156676 -4.4911255 0.00 265.41 1.00 0.000 38.242 15:36:32.00
75 8 -24.1 -21.4 7.257 1.353 0.0 0.0 0.0 36.7156674 -4.4911294 0.00 265.37 0.96 36.7156676 -4.4911255 0.00 265.41 1.00 0.000 38.242 15:36:32.09
75 5 -24.1 -21.4 11.685 3.690 0.0 0.0 0.0 36.7156674 -4.4911305 0.00 266.48 0.96 36.7156675 -4.4911267 0.00 268.69 1.06 0.000 38.242 15:36:32.20
75 5 -24.1 -21.4 7.995 1.599 0.0 0.0 0.0 36.7156674 -4.4911305 0.00 266.48 0.96 36.7156675 -4.4911267 0.00 268.69 1.06 0.000 38.242 15:36:32.29
75 5 -24.1 -21.4 11.439 5.043 0.0 0.0 0.0 36.7156674 -4.4911315 0.00 267.53 0.98 36.7156675 -4.4911267 0.00 268.69 1.06 0.000 38.242 15:36:32.40
75 5 -24.1 -21.4 10.578 0.492 0.0 0.0 0.0 36.7156674 -4.4911315 0.00 267.53 0.98 36.7156675 -4.4911290 0.00 273.56 0.95 0.000 38.242 15:36:32.50
75 -1 -24.1 -21.4 8.733 4.059 0.0 0.0 0.0 36.7156674 -4.4911327 0.00 268.48 0.94 36.7156675 -4.4911290 0.00 273.56 0.95 0.000 38.242 15:36:32.59
75 -1 -24.1 -21.4 5.781 0.861 0.0 0.0 0.0 36.7156674 -4.4911327 0.00 268.48 0.94 36.7156675 -4.4911290 0.00 273.56 0.95 0.000 38.242 15:36:32.70
75 1 -24.1 -21.4 5.166 1.107 0.0 0.0 0.0 36.7156675 -4.4911338 0.00 269.25 0.97 36.7156675 -4.4911302 0.00 272.32 1.00 0.000 38.242 15:36:32.79
75 1 -24.1 -21.4 9.471 2.337 0.0 0.0 0.0 36.7156675 -4.4911338 0.00 269.25 0.97 36.7156675 -4.4911302 0.00 272.32 1.00 0.000 38.242 15:36:32.90
75 1 -24.1 -21.4 4.305 -1.476 0.0 0.0 0.0 36.7156675 -4.4911350 0.00 269.99 0.98 36.7156675 -4.4911302 0.00 272.32 1.00 0.000 38.242 15:36:33.00
75 1 -24.1 -21.4 7.872 1.845 0.0 0.0 0.0 36.7156675 -4.4911350 0.00 269.99 0.98 36.7156675 -4.4911323 0.00 272.32 0.82 0.000 38.242 15:36:33.09
75 1 -24.1 -21.4 4.797 -1.107 0.0 0.0 0.0 36.7156675 -4.4911361 0.00 270.13 1.10 36.7156675 -4.4911323 0.00 272.32 0.82 0.000 38.242 15:36:33.20
75 1 -24.1 -21.4 5.535 1.722 0.0 0.0 0.0 36.7156675 -4.4911361 0.00 270.13 1.10 36.7156675 -4.4911334 0.00 274.54 1.04 0.000 38.242 15:36:33.29
75 -1 -24.1 -21.4 4.551 1.476 0.0 0.0 0.0 36.7156675 -4.4911373 0.00 270.60 1.07 36.7156675 -4.4911334 0.00 274.54 1.04 0.000 38.242 15:36:33.40
75 -1 -24.1 -21.4 4.551 -2.460 0.0 0.0 0.0 36.7156675 -4.4911373 0.00 270.60 1.07 36.7156675 -4.4911334 0.00 274.54 1.04 0.000 38.242 15:36:33.50
75 -1 -24.1 -21.4 3.444 -2.583 0.0 0.0 0.0 36.7156675 -4.4911384 0.00 271.00 1.02 36.7156675 -4.4911334 0.00 274.54 1.04 0.000 38.242 15:36:33.60
75 -1 -24.1 -21.4 2.829 -2.583 0.0 0.0 0.0 36.7156675 -4.4911384 0.00 271.00 1.02 36.7156675 -4.4911358 0.00 274.42 0.99 0.000 38.242 15:36:33.70
75 -1 -24.1 -21.4 4.305 -1.722 0.0 0.0 0.0 36.7156675 -4.4911396 0.00 271.37 0.97 36.7156675 -4.4911358 0.00 274.42 0.99 0.000 38.242 15:36:33.79
75 -1 -24.1 -21.4 0.738 -4.551 0.0 0.0 0.0 36.7156675 -4.4911396 0.00 271.37 0.97 36.7156676 -4.4911369 0.00 274.42 0.95 0.000 38.242 15:36:33.90
75 -1 -24.1 -21.4 1.230 -1.353 0.0 0.0 0.0 36.7156676 -4.4911407 0.00 271.41 0.91 36.7156676 -4.4911369 0.00 274.42 0.95 0.000 38.242 15:36:34.00
75 -1 -24.1 -21.4 2.337 -4.674 0.0 0.0 0.0 36.7156676 -4.4911407 0.00 271.41 0.91 36.7156676 -4.4911369 0.00 274.42 0.95 0.000 38.242 15:36:34.10
75 -1 -24.1 -21.4 2.829 -1.107 0.0 0.0 0.0 36.7156676 -4.4911417 0.00 271.41 0.87 36.7156676 -4.4911369 0.00 274.42 0.95 0.000 38.242 15:36:34.20
75 -1 -24.1 -21.4 -0.738 -4.059 0.0 0.0 0.0 36.7156676 -4.4911417 0.00 271.41 0.87 36.7156676 -4.4911392 0.00 277.63 1.01 0.000 38.242 15:36:34.31
75 -4 -24.1 -21.4 -0.123 -4.551 0.0 0.0 0.0 36.7156676 -4.4911428 0.00 271.29 0.98 36.7156676 -4.4911392 0.00 277.63 1.01 0.000 38.242 15:36:34.40
75 -4 -24.5 -22.6 1.353 -3.444 0.0 0.0 0.0 36.7156676 -4.4911428 0.00 271.29 0.98 36.7156676 -4.4911392 0.00 277.63 1.01 0.000 38.457 15:36:34.50
75 -4 -24.5 -22.6 0.369 -6.150 0.0 0.0 0.0 36.7156675 -4.4911440 0.00 271.14 1.03 36.7156676 -4.4911403 0.00 277.63 0.92 0.000 38.457 15:36:34.60
75 -4 -24.5 -22.6 1.353 -1.722 0.0 0.0 0.0 36.7156675 -4.4911440 0.00 271.14 1.03 36.7156676 -4.4911403 0.00 277.63 0.92 0.000 38.457 15:36:34.70
75 -4 -24.5 -22.6 0.123 -9.225 0.0 0.0 0.0 36.7156675 -4.4911451 0.00 270.96 1.02 36.7156676 -4.4911403 0.00 277.63 0.92 0.000 38.457 15:36:34.81
75 -4 -24.5 -22.6 -0.615 -8.118 0.0 0.0 0.0 36.7156675 -4.4911451 0.00 270.96 1.02 36.7156675 -4.4911425 0.00 270.87 0.95 0.000 38.457 15:36:34.90
75 5 -24.5 -22.6 1.230 -5.781 0.0 0.0 0.0 36.7156675 -4.4911462 0.00 270.60 0.94 36.7156675 -4.4911425 0.00 270.87 0.95 0.000 38.457 15:36:35.00
75 5 -24.5 -22.6 3.444 -5.904 0.0 0.0 0.0 36.7156675 -4.4911462 0.00 270.60 0.94 36.7156675 -4.4911425 0.00 270.87 0.95 0.000 38.457 15:36:35.10
75 5 -24.5 -22.6 2.829 -1.968 0.0 0.0 0.0 36.7156675 -4.4911473 0.00 270.29 0.94 36.7156675 -4.4911435 0.00 270.87 0.83 0.000 38.457 15:36:35.20
75 5 -24.5 -22.6 3.690 -5.289 0.0 0.0 0.0 36.7156675 -4.4911473 0.00 270.29 0.94 36.7156675 -4.4911435 0.00 270.87 0.83 0.000 38.457 15:36:35.31
75 5 -24.5 -22.6 4.674 2.337 0.0 0.0 0.0 36.7156675 -4.4911484 0.00 270.14 0.93 36.7156675 -4.4911435 0.00 270.87 0.83 0.000 38.457 15:36:35.40
75 5 -24.5 -22.6 0.492 -3.198 0.0 0.0 0.0 36.7156675 -4.4911484 0.00 270.14 0.93 36.7156676 -4.4911457 0.00 272.25 1.07 0.000 38.457 15:36:35.50
75 4 -24.5 -22.6 4.920 -1.230 0.0 0.0 0.0 36.7156675 -4.4911494 0.00 270.63 0.96 36.7156676 -4.4911457 0.00 272.25 1.07 0.000 38.457 15:36:35.60
75 4 -24.5 -22.6 4.674 -1.230 0.0 0.0 0.0 36.7156675 -4.4911494 0.00 270.63 0.96 36.7156676 -4.4911468 0.00 277.34 1.02 0.000 38.457 15:36:35.70
75 -2 -24.5 -22.6 7.872 -0.861 0.0 0.0 0.0 36.7156676 -4.4911505 0.00 271.15 1.04 36.7156676 -4.4911468 0.00 277.34 1.02 0.000 38.457 15:36:35.81
75 -2 -24.5 -22.6 4.551 0.246 0.0 0.0 0.0 36.7156676 -4.4911505 0.00 271.15 1.04 36.7156676 -4.4911468 0.00 277.34 1.02 0.000 38.457 15:36:35.90
75 -2 -24.5 -22.6 4.551 -3.321 0.0 0.0 0.0 36.7156676 -4.4911517 0.00 271.78 1.10 36.7156676 -4.4911468 0.00 277.34 1.02 0.000 38.457 15:36:36.01
75 -2 -24.5 -22.6 5.289 0.984 0.0 0.0 0.0 36.7156676 -4.4911517 0.00 271.78 1.10 36.7156676 -4.4911491 0.00 271.35 1.01 0.000 38.457 15:36:36.10
75 6 -24.5 -22.6 1.353 -4.797 0.0 0.0 0.0 36.7156677 -4.4911529 0.00 272.22 1.03 36.7156676 -4.4911491 0.00 271.35 1.01 0.000 38.457 15:36:36.20
75 6 -24.5 -22.6 5.904 -0.615 0.0 0.0 0.0 36.7156677 -4.4911529 0.00 272.22 1.03 36.7156676 -4.4911491 0.00 271.35 1.01 0.000 38.457 15:36:36.31
75 0 -24.5 -22.6 4.428 0.369 0.0 0.0 0.0 36.7156677 -4.4911540 0.00 272.22 0.93 36.7156677 -4.4911502 0.00 276.95 1.02 0.000 38.457 15:36:36.40
75 0 -24.5 -22.6 3.075 -3.321 0.0 0.0 0.0 36.7156677 -4.4911540 0.00 272.22 0.93 36.7156677 -4.4911502 0.00 276.95 1.02 0.000 38.457 15:36:36.51
75 0 -24.5 -22.6 5.781 1.107 0.0 0.0 0.0 36.7156678 -4.4911552 0.00 272.23 0.93 36.7156677 -4.4911502 0.00 276.95 1.02 0.000 38.457 15:36:36.60
75 0 -24.5 -22.6 3.813 -2.214 0.0 0.0 0.0 36.7156678 -4.4911552 0.00 272.23 0.93 36.7156677 -4.4911502 0.00 276.95 1.02 0.000 38.457 15:36:36.70
75 0 -24.5 -22.6 3.813 1.107 0.0 0.0 0.0 36.7156678 -4.4911563 0.00 272.91 0.95 36.7156678 -4.4911527 0.00 272.04 0.96 0.000 38.457 15:36:36.81
75 0 -24.5 -22.6 1.107 -3.813 0.0 0.0 0.0 36.7156678 -4.4911563 0.00 272.91 0.95 36.7156678 -4.4911537 0.00 272.04 0.80 0.000 38.457 15:36:36.90
75 -2 -24.5 -22.6 4.059 -2.214 0.0 0.0 0.0 36.7156679 -4.4911574 0.00 272.95 0.96 36.7156678 -4.4911537 0.00 272.04 0.80 0.000 38.457 15:36:37.01
75 -2 -24.5 -22.6 2.829 -2.214 0.0 0.0 0.0 36.7156679 -4.4911574 0.00 272.95 0.96 36.7156678 -4.4911537 0.00 272.04 0.80 0.000 38.457 15:36:37.10
75 -2 -24.5 -22.6 1.230 -5.904 0.0 0.0 0.0 36.7156679 -4.4911584 0.00 273.03 0.96 36.7156678 -4.4911537 0.00 272.04 0.80 0.000 38.457 15:36:37.21
75 -2 -24.5 -22.6 3.567 -1.845 0.0 0.0 0.0 36.7156679 -4.4911584 0.00 273.03 0.96 36.7156679 -4.4911559 0.00 274.78 1.04 0.000 38.457 15:36:37.31
75 -5 -24.5 -22.6 -0.123 -5.043 0.0 0.0 0.0 36.7156680 -4.4911596 0.00 273.19 0.98 36.7156679 -4.4911559 0.00 274.78 1.04 0.000 38.457 15:36:37.40
75 -5 -24.5 -22.6 -0.123 -3.444 0.0 0.0 0.0 36.7156680 -4.4911596 0.00 273.19 0.98 36.7156679 -4.4911559 0.00 274.78 1.04 0.000 38.457 15:36:37.51
75 -7 -24.5 -22.6 -0.369 -5.289 0.0 0.0 0.0 36.7156680 -4.4911607 0.00 273.34 0.98 36.7156679 -4.4911571 0.00 275.74 1.03 0.000 38.457 15:36:37.60
75 -7 -24.5 -22.6 -3.567 -8.610 0.0 0.0 0.0 36.7156680 -4.4911607 0.00 273.34 0.98 36.7156679 -4.4911571 0.00 275.74 1.03 0.000 38.457 15:36:37.71
75 -7 -24.5 -22.6 -0.123 -6.765 0.0 0.0 0.0 36.7156680 -4.4911618 0.00 273.18 0.93 36.7156679 -4.4911571 0.00 275.74 1.03 0.000 38.457 15:36:37.81
75 -7 -24.5 -22.6 -1.722 -11.193 0.0 0.0 0.0 36.7156680 -4.4911618 0.00 273.18 0.93 36.7156681 -4.4911593 0.00 278.94 1.03 0.000 38.457 15:36:37.90
75 -11 -24.5 -22.6 -0.369 -4.305 0.0 0.0 0.0 36.7156681 -4.4911630 0.00 272.65 0.91 36.7156681 -4.4911593 0.00 278.94 1.03 0.000 38.457 15:36:38.01
75 -11 -24.5 -22.6 -4.428 -10.332 0.0 0.0 0.0 36.7156681 -4.4911640 0.00 271.86 0.93 36.7156681 -4.4911605 0.00 284.69 1.06 0.000 38.457 15:36:38.10
75 -17 -24.5 -22.6 -3.813 -9.225 0.0 0.0 0.0 36.7156681 -4.4911640 0.00 271.86 0.93 36.7156681 -4.4911605 0.00 284.69 1.06 0.000 38.457 15:36:38.21
75 -17 -24.5 -22.6 -4.797 -9.594 0.0 0.0 0.0 36.7156680 -4.4911652 0.00 271.12 0.96 36.7156681 -4.4911605 0.00 284.69 1.06 0.000 38.457 15:36:38.31
75 -17 -24.5 -22.6 -4.428 -12.546 0.0 0.0 0.0 36.7156680 -4.4911652 0.00 271.12 0.96 36.7156681 -4.4911605 0.00 284.69 1.06 0.000 38.457 15:36:38.42
75 -17 -24.5 -22.6 -2.706 -9.471 0.0 0.0 0.0 36.7156679 -4.4911663 0.00 269.94 0.84 36.7156682 -4.4911627 0.00 275.86 1.08 0.000 38.457 15:36:38.51
75 -7 -24.5 -22.6 -6.027 -11.316 0.0 0.0 0.0 36.7156679 -4.4911663 0.00 269.94 0.84 36.7156682 -4.4911627 0.00 275.86 1.08 0.000 38.457 15:36:38.60
75 -7 -24.5 -22.6 2.706 -8.118 0.0 0.0 0.0 36.7156678 -4.4911673 0.00 268.41 0.93 36.7156681 -4.4911638 0.00 275.86 0.93 0.000 38.457 15:36:38.71
75 -7 -24.5 -22.6 -4.674 -11.931 0.0 0.0 0.0 36.7156678 -4.4911673 0.00 268.41 0.93 36.7156681 -4.4911638 0.00 275.86 0.93 0.000 38.457 15:36:38.81
75 -7 -24.5 -22.6 -5.535 -10.455 0.0 0.0 0.0 36.7156677 -4.4911685 0.00 267.06 0.94 36.7156681 -4.4911638 0.00 275.86 0.93 0.000 38.457 15:36:38.92
75 -7 -24.5 -22.6 -3.936 -10.947 0.0 0.0 0.0 36.7156677 -4.4911685 0.00 267.06 0.94 36.7156681 -4.4911638 0.00 275.86 0.93 0.000 38.457 15:36:39.01
75 -7 -24.5 -22.6 -5.289 -11.193 0.0 0.0 0.0 36.7156676 -4.4911696 0.00 266.41 0.96 36.7156679 -4.4911660 0.00 267.68 1.09 0.000 38.457 15:36:39.12
75 3 -24.5 -22.6 -2.952 -9.840 0.0 0.0 0.0 36.7156676 -4.4911696 0.00 266.41 0.96 36.7156679 -4.4911660 0.00 267.68 1.09 0.000 38.457 15:36:39.21
75 3 -24.5 -22.6 0.615 -11.316 0.0 0.0 0.0 36.7156675 -4.4911706 0.00 265.60 1.03 36.7156679 -4.4911672 0.00 268.88 1.00 0.000 38.457 15:36:39.31
75 2 -24.5 -22.6 1.476 -9.102 0.0 0.0 0.0 36.7156675 -4.4911706 0.00 265.60 1.03 36.7156679 -4.4911672 0.00 268.88 1.00 0.000 38.457 15:36:39.42
75 2 -25.3 -24.1 -5.166 -12.669 0.0 0.0 0.0 36.7156673 -4.4911719 0.00 264.99 1.10 36.7156679 -4.4911672 0.00 268.88 1.00 0.000 38.027 15:36:39.51
75 2 -25.3 -24.1 -0.246 0.000 0.0 0.0 0.0 36.7156673 -4.4911719 0.00 264.99 1.10 36.7156679 -4.4911672 0.00 268.88 1.00 0.000 38.027 15:36:39.62
75 2 -25.3 -24.1 -2.583 -5.166 0.0 0.0 0.0 36.7156672 -4.4911730 0.00 264.73 0.98 36.7156677 -4.4911694 0.00 261.68 1.21 0.000 38.027 15:36:39.71
75 11 -25.3 -24.1 -1.599 -5.289 0.0 0.0 0.0 36.7156672 -4.4911730 0.00 264.73 0.98 36.7156677 -4.4911694 0.00 261.68 1.21 0.000 38.027 15:36:39.82
75 11 -25.3 -24.1 7.011 0.984 0.0 0.0 0.0 36.7156671 -4.4911742 0.00 264.50 0.97 36.7156677 -4.4911706 0.00 273.29 0.98 0.000 38.027 15:36:39.92
75 -3 -25.3 -24.1 1.230 -5.535 0.0 0.0 0.0 36.7156671 -4.4911742 0.00 264.50 0.97 36.7156677 -4.4911706 0.00 273.29 0.98 0.000 38.027 15:36:40.01
75 -3 -25.3 -24.1 4.428 -3.075 0.0 0.0 0.0 36.7156671 -4.4911753 0.00 264.71 1.09 36.7156677 -4.4911706 0.00 273.29 0.98 0.000 38.027 15:36:40.12
75 -3 -25.3 -24.1 3.813 -2.829 0.0 0.0 0.0 36.7156671 -4.4911753 0.00 264.71 1.09 36.7156677 -4.4911706 0.00 273.29 0.98 0.000 38.027 15:36:40.21
75 -3 -25.3 -24.1 4.428 1.476 0.0 0.0 0.0 36.7156670 -4.4911765 0.00 265.58 0.98 36.7156674 -4.4911727 0.00 267.75 1.08 0.000 38.027 15:36:40.32
75 4 -25.3 -24.1 2.091 -4.182 0.0 0.0 0.0 36.7156670 -4.4911765 0.00 265.58 0.98 36.7156674 -4.4911727 0.00 267.75 1.08 0.000 38.027 15:36:40.42
75 4 -25.3 -24.1 5.412 0.369 0.0 0.0 0.0 36.7156670 -4.4911776 0.00 265.16 1.04 36.7156673 -4.4911739 0.00 267.15 1.07 0.000 38.027 15:36:40.51
75 5 -25.3 -24.1 1.599 0.000 0.0 0.0 0.0 36.7156670 -4.4911776 0.00 265.16 1.04 36.7156673 -4.4911739 0.00 267.15 1.07 0.000 38.027 15:36:40.62
75 5 -25.3 -24.1 6.150 -0.738 0.0 0.0 0.0 36.7156669 -4.4911787 0.00 265.10 1.07 36.7156673 -4.4911739 0.00 267.15 1.07 0.000 38.027 15:36:40.71
75 5 -25.3 -24.1 6.273 1.845 0.0 0.0 0.0 36.7156669 -4.4911787 0.00 265.10 1.07 36.7156673 -4.4911739 0.00 267.15 1.07 0.000 38.027 15:36:40.82
75 5 -25.3 -24.1 5.535 -1.845 0.0 0.0 0.0 36.7156669 -4.4911799 0.00 265.53 1.05 36.7156672 -4.4911762 0.00 267.76 1.11 0.000 38.027 15:36:40.92
75 5 -25.3 -24.1 10.086 3.936 0.0 0.0 0.0 36.7156669 -4.4911799 0.00 265.53 1.05 36.7156672 -4.4911762 0.00 267.76 1.11 0.000 38.027 15:36:41.03
75 5 -25.3 -24.1 8.856 2.706 0.0 0.0 0.0 36.7156668 -4.4911810 0.00 266.17 1.04 36.7156671 -4.4911773 0.00 267.76 0.91 0.000 38.027 15:36:41.12
75 5 -25.3 -24.1 8.118 3.198 0.0 0.0 0.0 36.7156668 -4.4911810 0.00 266.17 1.04 36.7156671 -4.4911773 0.00 267.76 0.91 0.000 38.027 15:36:41.21
75 5 -25.3 -24.1 7.872 2.214 0.0 0.0 0.0 36.7156668 -4.4911822 0.00 266.81 1.04 36.7156671 -4.4911773 0.00 267.76 0.91 0.000 38.027 15:36:41.32
75 5 -25.3 -24.1 8.856 1.230 0.0 0.0 0.0 36.7156668 -4.4911822 0.00 266.81 1.04 36.7156671 -4.4911773 0.00 267.76 0.91 0.000 38.027 15:36:41.42
75 5 -25.3 -24.1 10.947 4.674 0.0 0.0 0.0 36.7156668 -4.4911833 0.00 267.52 1.08 36.7156670 -4.4911795 0.00 270.73 1.12 0.000 38.027 15:36:41.53
75 2 -25.3 -24.1 7.626 1.476 0.0 0.0 0.0 36.7156668 -4.4911833 0.00 267.52 1.08 36.7156670 -4.4911795 0.00 270.73 1.12 0.000 38.027 15:36:41.62
75 2 -25.3 -24.1 7.380 2.952 0.0 0.0 0.0 36.7156669 -4.4911845 0.00 268.26 1.00 36.7156669 -4.4911805 0.00 270.73 0.82 0.000 38.027 15:36:41.71
75 3 -25.3 -24.1 6.396 0.369 0.0 0.0 0.0 36.7156669 -4.4911845 0.00 268.26 1.00 36.7156669 -4.4911805 0.00 270.73 0.82 0.000 38.027 15:36:41.82
75 3 -25.3 -24.1 10.578 3.813 0.0 0.0 0.0 36.7156669 -4.4911857 0.00 269.02 1.05 36.7156669 -4.4911805 0.00 270.73 0.82 0.000 38.027 15:36:41.92
75 3 -25.3 -24.1 3.936 1.845 0.0 0.0 0.0 36.7156669 -4.4911857 0.00 269.02 1.05 36.7156669 -4.4911805 0.00 270.73 0.82 0.000 38.027 15:36:42.03
75 3 -25.3 -24.1 7.011 0.861 0.0 0.0 0.0 36.7156669 -4.4911868 0.00 269.41 1.00 36.7156669 -4.4911827 0.00 273.11 0.99 0.000 38.027 15:36:42.12
75 0 -25.3 -24.1 10.332 1.599 0.0 0.0 0.0 36.7156669 -4.4911868 0.00 269.41 1.00 36.7156669 -4.4911827 0.00 273.11 0.99 0.000 38.027 15:36:42.23
75 0 -25.3 -24.1 4.305 -2.829 0.0 0.0 0.0 36.7156669 -4.4911880 0.00 270.04 1.04 36.7156669 -4.4911839 0.00 270.92 1.08 0.000 38.027 15:36:42.32
75 3 -25.3 -24.1 6.150 2.460 0.0 0.0 0.0 36.7156669 -4.4911880 0.00 270.04 1.04 36.7156669 -4.4911839 0.00 270.92 1.08 0.000 38.027 15:36:42.42
75 3 -25.3 -24.1 4.305 -1.968 0.0 0.0 0.0 36.7156669 -4.4911891 0.00 270.61 1.07 36.7156669 -4.4911839 0.00 270.92 1.08 0.000 38.027 15:36:42.53
75 3 -25.3 -24.1 5.658 0.123 0.0 0.0 0.0 36.7156669 -4.4911891 0.00 270.61 1.07 36.7156669 -4.4911839 0.00 270.92 1.08 0.000 38.027 15:36:42.62
75 3 -25.3 -24.1 2.829 0.246 0.0 0.0 0.0 36.7156669 -4.4911902 0.00 270.94 1.17 36.7156668 -4.4911862 0.00 270.66 0.89 0.000 38.027 15:36:42.73
75 4 -25.3 -24.1 4.428 2.091 0.0 0.0 0.0 36.7156669 -4.4911902 0.00 270.94 1.17 36.7156668 -4.4911862 0.00 270.66 0.89 0.000 38.027 15:36:42.82
75 4 -25.3 -24.1 2.583 0.984 0.0 0.0 0.0 36.7156669 -4.4911913 0.00 271.69 0.96 36.7156668 -4.4911874 0.00 273.72 1.05 0.000 38.027 15:36:42.92
75 1 -25.3 -24.1 5.043 -2.091 0.0 0.0 0.0 36.7156669 -4.4911913 0.00 271.69 0.96 36.7156668 -4.4911874 0.00 273.72 1.05 0.000 38.027 15:36:43.03
75 1 -25.3 -24.1 7.134 1.230 0.0 0.0 0.0 36.7156669 -4.4911924 0.00 272.36 0.90 36.7156668 -4.4911874 0.00 273.72 1.05 0.000 38.027 15:36:43.12
75 1 -25.3 -24.1 4.182 -0.369 0.0 0.0 0.0 36.7156669 -4.4911924 0.00 272.36 0.90 36.7156668 -4.4911874 0.00 273.72 1.05 0.000 38.027 15:36:43.23
75 1 -25.3 -24.1 4.305 -0.738 0.0 0.0 0.0 36.7156670 -4.4911935 0.00 272.94 0.91 36.7156669 -4.4911897 0.00 270.28 0.93 0.000 38.027 15:36:43.32
75 5 -25.3 -24.1 4.551 0.984 0.0 0.0 0.0 36.7156670 -4.4911935 0.00 272.94 0.91 36.7156669 -4.4911897 0.00 270.28 0.93 0.000 38.027 15:36:43.42
75 5 -25.3 -24.1 4.305 -1.107 0.0 0.0 0.0 36.7156671 -4.4911946 0.00 273.31 0.93 36.7156670 -4.4911908 0.00 270.28 0.93 0.000 38.027 15:36:43.53
75 5 -25.3 -24.1 6.519 0.123 0.0 0.0 0.0 36.7156671 -4.4911946 0.00 273.31 0.93 36.7156670 -4.4911908 0.00 270.28 0.93 0.000 38.027 15:36:43.62
75 5 -25.3 -24.1 5.043 0.000 0.0 0.0 0.0 36.7156672 -4.4911956 0.00 273.73 0.92 36.7156670 -4.4911908 0.00 270.28 0.93 0.000 38.027 15:36:43.73
75 5 -25.3 -24.1 8.364 3.075 0.0 0.0 0.0 36.7156672 -4.4911956 0.00 273.73 0.92 36.7156670 -4.4911908 0.00 270.28 0.93 0.000 38.027 15:36:43.82
75 5 -25.3 -24.1 9.840 2.952 0.0 0.0 0.0 36.7156673 -4.4911967 0.00 274.42 0.99 36.7156671 -4.4911930 0.00 278.58 1.01 0.000 38.027 15:36:43.93
75 5 -25.3 -24.1 9.963 1.845 0.0 0.0 0.0 36.7156673 -4.4911967 0.00 274.42 0.99 36.7156671 -4.4911930 0.00 278.58 1.01 0.000 38.027 15:36:44.03
75 5 -25.3 -24.1 8.733 2.829 0.0 0.0 0.0 36.7156674 -4.4911979 0.00 275.14 0.99 36.7156671 -4.4911941 0.00 277.80 1.04 0.000 38.027 15:36:44.12
75 -9 -25.3 -24.1 6.642 1.722 0.0 0.0 0.0 36.7156674 -4.4911979 0.00 275.14 0.99 36.7156671 -4.4911941 0.00 277.80 1.04 0.000 38.027 15:36:44.23
75 -9 -25.3 -24.1 7.626 -2.337 0.0 0.0 0.0 36.7156675 -4.4911990 0.00 275.86 0.96 36.7156671 -4.4911941 0.00 277.80 1.04 0.000 38.027 15:36:44.32
75 -9 -25.3 -24.1 2.829 -3.075 0.0 0.0 0.0 36.7156675 -4.4911990 0.00 275.86 0.96 36.7156671 -4.4911941 0.00 277.80 1.04 0.000 38.027 15:36:44.43
75 -9 -24.1 -21.4 4.428 -2.583 0.0 0.0 0.0 36.7156676 -4.4912001 0.00 276.41 1.04 36.7156674 -4.4911963 0.00 274.91 0.96 0.000 38.027 15:36:44.53
75 -6 -24.1 -21.4 -0.615 -4.059 0.0 0.0 0.0 36.7156676 -4.4912001 0.00 276.41 1.04 36.7156674 -4.4911963 0.00 274.91 0.96 0.000 38.027 15:36:44.64
75 -6 -24.1 -21.4 -2.337 -3.075 0.0 0.0 0.0 36.7156677 -4.4912013 0.00 275.69 0.96 36.7156674 -4.4911974 0.00 274.91 0.91 0.000 38.027 15:36:44.73
75 -6 -24.1 -21.4 0.615 -5.289 0.0 0.0 0.0 36.7156677 -4.4912013 0.00 275.69 0.96 36.7156674 -4.4911974 0.00 274.91 0.91 0.000 38.027 15:36:44.82
75 -6 -24.1 -21.4 -1.722 -7.257 0.0 0.0 0.0 36.7156678 -4.4912024 0.00 275.01 1.04 36.7156674 -4.4911974 0.00 274.91 0.91 0.000 38.027 15:36:44.93
75 -6 -24.1 -21.4 1.599 -5.904 0.0 0.0 0.0 36.7156678 -4.4912024 0.00 275.01 1.04 36.7156674 -4.4911974 0.00 274.91 0.91 0.000 38.027 15:36:45.03
75 -6 -24.1 -21.4 -3.690 -10.209 0.0 0.0 0.0 36.7156678 -4.4912036 0.00 274.45 1.07 36.7156676 -4.4911997 0.00 277.33 0.95 0.000 38.027 15:36:45.14
75 -10 -24.1 -21.4 1.968 -3.936 0.0 0.0 0.0 36.7156678 -4.4912036 0.00 274.45 1.07 36.7156676 -4.4911997 0.00 277.33 0.95 0.000 38.027 15:36:45.23
75 -10 -24.1 -21.4 -5.412 -10.824 0.0 0.0 0.0 36.7156678 -4.4912047 0.00 273.87 1.08 36.7156677 -4.4912007 0.00 277.33 0.88 0.000 38.027 15:36:45.34
75 -10 -24.1 -21.4 -2.214 -8.610 0.0 0.0 0.0 36.7156678 -4.4912047 0.00 273.87 1.08 36.7156677 -4.4912007 0.00 277.33 0.88 0.000 38.027 15:36:45.43
75 -10 -24.1 -21.4 -2.091 -8.487 0.0 0.0 0.0 36.7156678 -4.4912058 0.00 273.31 0.99 36.7156677 -4.4912007 0.00 277.33 0.88 0.000 38.027 15:36:45.53
75 -10 -24.1 -21.4 -3.321 -10.701 0.0 0.0 0.0 36.7156678 -4.4912058 0.00 273.31 0.99 36.7156677 -4.4912007 0.00 277.33 0.88 0.000 38.027 15:36:45.64
75 -10 -24.1 -21.4 -1.353 -8.610 0.0 0.0 0.0 36.7156678 -4.4912069 0.00 272.40 0.92 36.7156678 -4.4912031 0.00 275.45 0.87 0.000 38.027 15:36:45.73
75 -8 -24.1 -21.4 -3.936 -11.316 0.0 0.0 0.0 36.7156678 -4.4912069 0.00 272.40 0.92 36.7156679 -4.4912043 0.00 278.54 1.04 0.000 38.027 15:36:45.84
75 -8 -24.1 -21.4 -2.706 -8.241 0.0 0.0 0.0 36.7156677 -4.4912080 0.00 271.33 0.96 36.7156679 -4.4912043 0.00 278.54 1.04 0.000 38.027 15:36:45.93
75 -11 -24.1 -21.4 -6.396 -10.578 0.0 0.0 0.0 36.7156677 -4.4912080 0.00 271.33 0.96 36.7156679 -4.4912043 0.00 278.54 1.04 0.000 38.027 15:36:46.04
75 -11 -24.1 -21.4 -3.936 -9.348 0.0 0.0 0.0 36.7156677 -4.4912091 0.00 270.38 0.91 36.7156679 -4.4912043 0.00 278.54 1.04 0.000 38.027 15:36:46.14
75 -11 -24.1 -21.4 -3.813 -9.102 0.0 0.0 0.0 36.7156677 -4.4912091 0.00 270.38 0.91 36.7156679 -4.4912043 0.00 278.54 1.04 0.000 38.027 15:36:46.23
75 -11 -24.1 -21.4 -4.428 -11.316 0.0 0.0 0.0 36.7156676 -4.4912102 0.00 269.66 0.95 36.7156678 -4.4912066 0.00 273.84 0.98 0.000 38.027 15:36:46.34
75 -6 -24.1 -21.4 -3.813 -7.872 0.0 0.0 0.0 36.7156676 -4.4912102 0.00 269.66 0.95 36.7156678 -4.4912066 0.00 273.84 0.98 0.000 38.027 15:36:46.43
75 -6 -24.1 -21.4 -2.829 -12.054 0.0 0.0 0.0 36.7156675 -4.4912113 0.00 268.57 0.98 36.7156677 -4.4912077 0.00 265.41 0.98 0.000 38.027 15:36:46.54
75 4 -24.1 -21.4 -4.551 -10.578 0.0 0.0 0.0 36.7156675 -4.4912113 0.00 268.57 0.98 36.7156677 -4.4912077 0.00 265.41 0.98 0.000 38.027 15:36:46.64
75 4 -24.1 -21.4 1.107 -5.166 0.0 0.0 0.0 36.7156674 -4.4912125 0.00 267.61 1.06 36.7156677 -4.4912077 0.00 265.41 0.98 0.000 38.027 15:36:46.73
75 4 -24.1 -21.4 -0.369 -4.182 0.0 0.0 0.0 36.7156674 -4.4912125 0.00 267.61 1.06 36.7156676 -4.4912099 0.00 265.41 0.95 0.000 38.027 15:36:46.84
75 4 -24.1 -21.4 -0.738 -3.075 0.0 0.0 0.0 36.7156674 -4.4912136 0.00 267.01 0.96 36.7156676 -4.4912099 0.00 265.41 0.95 0.000 38.027 15:36:46.93
75 4 -24.1 -21.4 2.583 -3.567 0.0 0.0 0.0 36.7156674 -4.4912136 0.00 267.01 0.96 36.7156676 -4.4912099 0.00 265.41 0.95 0.000 38.027 15:36:47.04
75 4 -24.1 -21.4 4.428 -0.984 0.0 0.0 0.0 36.7156674 -4.4912148 0.00 267.30 0.92 36.7156675 -4.4912112 0.00 270.68 1.28 0.000 38.027 15:36:47.14
75 -2 -24.1 -21.4 3.198 -4.182 0.0 0.0 0.0 36.7156674 -4.4912148 0.00 267.30 0.92 36.7156675 -4.4912112 0.00 270.68 1.28 0.000 38.027 15:36:47.23
75 -2 -24.1 -21.4 5.043 -2.214 0.0 0.0 0.0 36.7156673 -4.4912159 0.00 267.60 1.00 36.7156675 -4.4912112 0.00 270.68 1.28 0.000 38.027 15:36:47.34
75 -2 -24.1 -21.4 0.369 -3.936 0.0 0.0 0.0 36.7156673 -4.4912159 0.00 267.60 1.00 36.7156675 -4.4912112 0.00 270.68 1.28 0.000 38.027 15:36:47.43
75 -2 -24.1 -21.4 3.075 -1.230 0.0 0.0 0.0 36.7156672 -4.4912171 0.00 267.83 1.04 36.7156675 -4.4912133 0.00 270.68 0.77 0.000 38.027 15:36:47.54
75 -2 -24.1 -21.4 1.845 -2.829 0.0 0.0 0.0 36.7156672 -4.4912171 0.00 267.83 1.04 36.7156675 -4.4912133 0.00 270.68 0.77 0.000 38.027 15:36:47.64
75 -2 -24.1 -21.4 2.952 -3.321 0.0 0.0 0.0 36.7156672 -4.4912182 0.00 267.67 1.06 36.7156675 -4.4912144 0.00 270.68 0.95 0.000 38.027 15:36:47.75
75 -2 -24.1 -21.4 2.706 -2.337 0.0 0.0 0.0 36.7156672 -4.4912182 0.00 267.67 1.06 36.7156675 -4.4912144 0.00 270.68 0.95 0.000 38.027 15:36:47.84
75 -2 -24.1 -21.4 1.722 -3.690 0.0 0.0 0.0 36.7156672 -4.4912193 0.00 267.51 0.99 36.7156675 -4.4912144 0.00 270.68 0.95 0.000 38.027 15:36:47.93
75 -2 -24.1 -21.4 3.075 -1.107 0.0 0.0 0.0 36.7156672 -4.4912193 0.00 267.51 0.99 36.7156674 -4.4912167 0.00 269.63 1.03 0.000 38.027 15:36:48.04
75 -2 -24.1 -21.4 1.230 -4.182 0.0 0.0 0.0 36.7156672 -4.4912205 0.00 267.34 1.00 36.7156674 -4.4912167 0.00 269.63 1.03 0.000 38.027 15:36:48.14
75 0 -24.1 -21.4 2.952 -1.476 0.0 0.0 0.0 36.7156672 -4.4912205 0.00 267.34 1.00 36.7156674 -4.4912167 0.00 269.63 1.03 0.000 38.027 15:36:48.25
75 0 -24.1 -21.4 0.000 -4.674 0.0 0.0 0.0 36.7156671 -4.4912216 0.00 267.22 0.97 36.7156674 -4.4912177 0.00 269.63 0.70 0.000 38.027 15:36:48.34
75 0 -24.1 -21.4 3.075 -2.337 0.0 0.0 0.0 36.7156671 -4.4912216 0.00 267.22 0.97 36.7156674 -4.4912177 0.00 269.63 0.70 0.000 38.027 15:36:48.43
75 0 -24.1 -21.4 0.000 -3.321 0.0 0.0 0.0 36.7156670 -4.4912227 0.00 267.09 1.04 36.7156674 -4.4912177 0.00 269.63 0.70 0.000 38.027 15:36:48.54
75 0 -24.1 -21.4 0.738 -5.043 0.0 0.0 0.0 36.7156670 -4.4912227 0.00 267.09 1.04 36.7156674 -4.4912177 0.00 269.63 0.70 0.000 38.027 15:36:48.64
75 0 -24.1 -21.4 3.567 -1.722 0.0 0.0 0.0 36.7156670 -4.4912238 0.00 267.05 1.03 36.7156673 -4.4912199 0.00 268.22 0.95 0.000 38.027 15:36:48.75
75 1 -24.1 -21.4 2.214 -5.412 0.0 0.0 0.0 36.7156670 -4.4912238 0.00 267.05 1.03 36.7156673 -4.4912199 0.00 268.22 0.95 0.000 38.027 15:36:48.84
75 1 -24.1 -21.4 4.920 -1.107 0.0 0.0 0.0 36.7156670 -4.4912250 0.00 267.13 1.05 36.7156673 -4.4912211 0.00 269.31 1.07 0.000 38.027 15:36:48.95
75 0 -24.1 -21.4 0.123 -5.043 0.0 0.0 0.0 36.7156670 -4.4912250 0.00 267.13 1.05 36.7156673 -4.4912211 0.00 269.31 1.07 0.000 38.027 15:36:49.04
75 0 -24.1 -21.4 2.583 -2.091 0.0 0.0 0.0 36.7156670 -4.4912261 0.00 267.17 1.05 36.7156673 -4.4912211 0.00 269.31 1.07 0.000 38.027 15:36:49.14
75 0 -24.1 -21.4 4.920 -0.492 0.0 0.0 0.0 36.7156670 -4.4912261 0.00 267.17 1.05 36.7156673 -4.4912211 0.00 269.31 1.07 0.000 38.027 15:36:49.25
75 0 -24.1 -21.4 2.706 -3.936 0.0 0.0 0.0 36.7156669 -4.4912273 0.00 267.20 0.99 36.7156673 -4.4912234 0.00 271.48 1.00 0.000 38.027 15:36:49.34
75 -2 -24.1 -21.4 4.797 0.492 0.0 0.0 0.0 36.7156669 -4.4912273 0.00 267.20 0.99 36.7156673 -4.4912234 0.00 271.48 1.00 0.000 38.027 15:36:49.45
75 -2 -23.4 -22.2 2.091 -4.182 0.0 0.0 0.0 36.7156669 -4.4912284 0.00 267.20 0.93 36.7156672 -4.4912246 0.00 266.80 1.15 0.000 38.457 15:36:49.54
75 3 -23.4 -22.2 8.733 3.198 0.0 0.0 0.0 36.7156669 -4.4912284 0.00 267.20 0.93 36.7156672 -4.4912246 0.00 266.80 1.15 0.000 38.457 15:36:49.64
75 3 -23.4 -22.2 3.690 -1.968 0.0 0.0 0.0 36.7156669 -4.4912294 0.00 267.17 0.96 36.7156672 -4.4912246 0.00 266.80 1.15 0.000 38.457 15:36:49.75
75 3 -23.4 -22.2 6.150 1.107 0.0 0.0 0.0 36.7156669 -4.4912294 0.00 267.17 0.96 36.7156671 -4.4912268 0.00 269.93 0.98 0.000 38.457 15:36:49.84
75 3 -23.4 -22.2 4.305 -0.861 0.0 0.0 0.0 36.7156668 -4.4912305 0.00 267.10 1.00 36.7156671 -4.4912268 0.00 269.93 0.98 0.000 38.457 15:36:49.95
75 0 -23.4 -22.2 5.043 -1.599 0.0 0.0 0.0 36.7156668 -4.4912305 0.00 267.10 1.00 36.7156671 -4.4912268 0.00 269.93 0.98 0.000 38.457 15:36:50.04
75 0 -23.4 -22.2 2.091 0.615 0.0 0.0 0.0 36.7156668 -4.4912316 0.00 267.52 0.99 36.7156671 -4.4912279 0.00 265.82 1.04 0.000 38.457 15:36:50.15
75 5 -23.4 -22.2 6.396 -0.861 0.0 0.0 0.0 36.7156668 -4.4912316 0.00 267.52 0.99 36.7156671 -4.4912279 0.00 265.82 1.04 0.000 38.457 15:36:50.25
75 5 -23.4 -22.2 7.011 2.460 0.0 0.0 0.0 36.7156668 -4.4912327 0.00 267.95 0.99 36.7156671 -4.4912279 0.00 265.82 1.04 0.000 38.457 15:36:50.34
75 5 -23.4 -22.2 3.198 -1.968 0.0 0.0 0.0 36.7156668 -4.4912327 0.00 267.95 0.99 36.7156671 -4.4912279 0.00 265.82 1.04 0.000 38.457 15:36:50.45
75 5 -23.4 -22.2 7.503 3.444 0.0 0.0 0.0 36.7156668 -4.4912338 0.00 268.22 1.01 36.7156670 -4.4912302 0.00 266.81 1.12 0.000 38.457 15:36:50.54
75 4 -23.4 -22.2 5.535 -1.353 0.0 0.0 0.0 36.7156668 -4.4912338 0.00 268.22 1.01 36.7156670 -4.4912302 0.00 266.81 1.12 0.000 38.457 15:36:50.65
75 4 -23.4 -22.2 8.487 1.107 0.0 0.0 0.0 36.7156668 -4.4912350 0.00 268.89 1.04 36.7156670 -4.4912312 0.00 266.81 0.80 0.000 38.457 15:36:50.75
75 4 -23.4 -22.2 5.535 0.861 0.0 0.0 0.0 36.7156668 -4.4912350 0.00 268.89 1.04 36.7156670 -4.4912312 0.00 266.81 0.80 0.000 38.457 15:36:50.85
75 4 -23.4 -22.2 3.936 -1.353 0.0 0.0 0.0 36.7156669 -4.4912361 0.00 269.59 1.02 36.7156670 -4.4912312 0.00 266.81 0.80 0.000 38.457 15:36:50.95
75 4 -23.4 -22.2 8.856 2.952 0.0 0.0 0.0 36.7156669 -4.4912361 0.00 269.59 1.02 36.7156670 -4.4912312 0.00 266.81 0.80 0.000 38.457 15:36:51.04
75 -4 -23.4 -22.2 3.075 -0.984 0.0 0.0 0.0 36.7156669 -4.4912373 0.00 270.19 1.02 36.7156669 -4.4912334 0.00 273.53 0.79 0.000 38.457 15:36:51.15
75 -4 -23.4 -22.2 3.690 -0.123 0.0 0.0 0.0 36.7156669 -4.4912373 0.00 270.19 1.02 36.7156669 -4.4912334 0.00 273.53 0.79 0.000 38.457 15:36:51.25
75 -7 -23.4 -22.2 1.968 -3.567 0.0 0.0 0.0 36.7156669 -4.4912384 0.00 270.85 0.96 36.7156669 -4.4912347 0.00 276.61 1.22 0.000 38.457 15:36:51.35
75 -7 -23.4 -22.2 0.492 -2.337 0.0 0.0 0.0 36.7156669 -4.4912384 0.00 270.85 0.96 36.7156669 -4.4912347 0.00 276.61 1.22 0.000 38.457 15:36:51.45
75 -7 -23.4 -22.2 3.198 -2.829 0.0 0.0 0.0 36.7156669 -4.4912395 0.00 271.36 0.96 36.7156669 -4.4912347 0.00 276.61 1.22 0.000 38.457 15:36:51.56
75 -7 -23.4 -22.2 -1.599 -8.733 0.0 0.0 0.0 36.7156669 -4.4912395 0.00 271.36 0.96 36.7156669 -4.4912347 0.00 276.61 1.22 0.000 38.457 15:36:51.65
75 -7 -23.4 -22.2 2.706 -5.781 0.0 0.0 0.0 36.7156669 -4.4912405 0.00 271.39 1.00 36.7156669 -4.4912368 0.00 276.61 0.88 0.000 38.457 15:36:51.75
75 -7 -23.4 -22.2 -4.428 -9.348 0.0 0.0 0.0 36.7156669 -4.4912405 0.00 271.39 1.00 36.7156669 -4.4912379 0.00 273.56 0.98 0.000 38.457 15:36:51.85
75 -4 -23.4 -22.2 -0.615 -5.043 0.0 0.0 0.0 36.7156668 -4.4912416 0.00 270.85 1.01 36.7156669 -4.4912379 0.00 273.56 0.98 0.000 38.457 15:36:51.95
75 -4 -23.4 -22.2 -4.674 -8.733 0.0 0.0 0.0 36.7156668 -4.4912416 0.00 270.85 1.01 36.7156669 -4.4912379 0.00 273.56 0.98 0.000 38.457 15:36:52.06
75 -4 -23.4 -22.2 -3.321 -8.487 0.0 0.0 0.0 36.7156667 -4.4912428 0.00 270.15 1.03 36.7156669 -4.4912379 0.00 273.56 0.98 0.000 38.457 15:36:52.15
75 -4 -23.4 -22.2 -1.599 -6.888 0.0 0.0 0.0 36.7156667 -4.4912428 0.00 270.15 1.03 36.7156669 -4.4912379 0.00 273.56 0.98 0.000 38.457 15:36:52.25
75 -2 -23.4 -22.2 -2.583 -8.364 0.0 0.0 0.0 36.7156667 -4.4912440 0.00 269.39 1.00 36.7156669 -4.4912402 0.00 272.55 1.00 0.000 38.457 15:36:52.35
75 -2 -23.4 -22.2 0.984 -5.412 0.0 0.0 0.0 36.7156667 -4.4912440 0.00 269.39 1.00 36.7156669 -4.4912402 0.00 272.55 1.00 0.000 38.457 15:36:52.45
75 -2 -23.4 -22.2 -1.968 -9.963 0.0 0.0 0.0 36.7156667 -4.4912452 0.00 268.95 1.06 36.7156668 -4.4912412 0.00 272.55 0.91 0.000 38.457 15:36:52.56
75 -2 -23.4 -22.2 2.706 -5.781 0.0 0.0 0.0 36.7156667 -4.4912452 0.00 268.95 1.06 36.7156668 -4.4912412 0.00 272.55 0.91 0.000 38.457 15:36:52.65
75 -2 -23.4 -22.2 -2.583 -7.995 0.0 0.0 0.0 36.7156667 -4.4912463 0.00 268.53 1.01 36.7156668 -4.4912412 0.00 272.55 0.91 0.000 38.457 15:36:52.76
75 -2 -23.4 -22.2 2.460 -4.920 0.0 0.0 0.0 36.7156667 -4.4912463 0.00 268.53 1.01 36.7156668 -4.4912436 0.00 271.25 0.99 0.000 38.457 15:36:52.85
75 0 -23.4 -22.2 -0.861 -6.642 0.0 0.0 0.0 36.7156666 -4.4912474 0.00 268.38 1.02 36.7156668 -4.4912436 0.00 271.25 0.99 0.000 38.457 15:36:52.95
75 0 -23.4 -22.2 -1.107 -4.551 0.0 0.0 0.0 36.7156666 -4.4912474 0.00 268.38 1.02 36.7156668 -4.4912436 0.00 271.25 0.99 0.000 38.457 15:36:53.06
75 0 -23.4 -22.2 0.123 -5.043 0.0 0.0 0.0 36.7156666 -4.4912485 0.00 268.11 1.01 36.7156668 -4.4912446 0.00 271.25 0.87 0.000 38.457 15:36:53.15
75 0 -23.4 -22.2 1.107 -4.182 0.0 0.0 0.0 36.7156666 -4.4912485 0.00 268.11 1.01 36.7156668 -4.4912446 0.00 271.25 0.87 0.000 38.457 15:36:53.26
75 -1 -23.4 -22.2 2.091 -4.551 0.0 0.0 0.0 36.7156666 -4.4912496 0.00 267.90 1.04 36.7156668 -4.4912446 0.00 271.25 0.87 0.000 38.457 15:36:53.35
75 -1 -23.4 -22.2 -2.091 -2.952 0.0 0.0 0.0 36.7156666 -4.4912496 0.00 267.90 1.04 36.7156668 -4.4912446 0.00 271.25 0.87 0.000 38.457 15:36:53.45
75 -2 -23.4 -22.2 2.952 -1.230 0.0 0.0 0.0 36.7156665 -4.4912508 0.00 267.86 1.04 36.7156667 -4.4912470 0.00 272.52 0.97 0.000 38.457 15:36:53.56
75 -2 -23.4 -22.2 -0.369 -5.043 0.0 0.0 0.0 36.7156665 -4.4912508 0.00 267.86 1.04 36.7156667 -4.4912470 0.00 272.52 0.97 0.000 38.457 15:36:53.65
75 -2 -23.4 -22.2 1.476 -3.198 0.0 0.0 0.0 36.7156664 -4.4912519 0.00 267.87 1.05 36.7156667 -4.4912480 0.00 272.52 0.90 0.000 38.457 15:36:53.76
75 -2 -23.4 -22.2 2.583 -6.273 0.0 0.0 0.0 36.7156664 -4.4912519 0.00 267.87 1.05 36.7156667 -4.4912480 0.00 272.52 0.90 0.000 38.457 15:36:53.85
75 -2 -23.4 -22.2 0.369 -3.813 0.0 0.0 0.0 36.7156664 -4.4912530 0.00 267.80 1.01 36.7156667 -4.4912480 0.00 272.52 0.90 0.000 38.457 15:36:53.96
75 -2 -23.4 -22.2 0.246 -5.658 0.0 0.0 0.0 36.7156664 -4.4912530 0.00 267.80 1.01 36.7156667 -4.4912480 0.00 272.52 0.90 0.000 38.457 15:36:54.06
75 4 -23.4 -22.2 -0.738 -5.412 0.0 0.0 0.0 36.7156663 -4.4912541 0.00 267.63 1.00 36.7156666 -4.4912503 0.00 267.39 0.97 0.000 38.457 15:36:54.15
75 4 -23.4 -22.2 4.674 -0.984 0.0 0.0 0.0 36.7156663 -4.4912541 0.00 267.63 1.00 36.7156666 -4.4912503 0.00 267.39 0.97 0.000 38.457 15:36:54.26
75 4 -23.4 -22.2 3.567 -4.305 0.0 0.0 0.0 36.7156662 -4.4912552 0.00 267.56 0.99 36.7156665 -4.4912514 0.00 267.39 0.92 0.000 38.457 15:36:54.35
75 4 -23.0 -24.1 2.460 -0.615 0.0 0.0 0.0 36.7156662 -4.4912552 0.00 267.56 0.99 36.7156665 -4.4912514 0.00 267.39 0.92 0.000 38.457 15:36:54.46
75 4 -23.0 -24.1 3.075 -3.567 0.0 0.0 0.0 36.7156662 -4.4912562 0.00 267.39 0.96 36.7156665 -4.4912514 0.00 267.39 0.92 0.000 38.457 15:36:54.56
75 4 -23.0 -24.1 6.027 1.353 0.0 0.0 0.0 36.7156662 -4.4912562 0.00 267.39 0.96 36.7156665 -4.4912514 0.00 267.39 0.92 0.000 38.457 15:36:54.65
75 4 -23.0 -24.1 2.460 -2.091 0.0 0.0 0.0 36.7156662 -4.4912574 0.00 267.76 1.09 36.7156665 -4.4912535 0.00 267.39 0.86 0.000 38.457 15:36:54.76
75 4 -23.0 -24.1 5.658 0.492 0.0 0.0 0.0 36.7156662 -4.4912574 0.00 267.76 1.09 36.7156665 -4.4912535 0.00 267.39 0.86 0.000 38.457 15:36:54.85
75 -3 -23.0 -24.1 6.642 -0.492 0.0 0.0 0.0 36.7156662 -4.4912585 0.00 268.20 1.11 36.7156665 -4.4912548 0.00 273.14 1.31 0.000 38.457 15:36:54.96
75 -3 -23.0 -24.1 2.952 -4.182 0.0 0.0 0.0 36.7156662 -4.4912585 0.00 268.20 1.11 36.7156665 -4.4912548 0.00 273.14 1.31 0.000 38.457 15:36:55.06
75 -3 -23.0 -24.1 3.075 -1.599 0.0 0.0 0.0 36.7156662 -4.4912597 0.00 268.62 1.18 36.7156665 -4.4912548 0.00 273.14 1.31 0.000 38.457 15:36:55.17
75 -3 -23.0 -24.1 2.829 -4.797 0.0 0.0 0.0 36.7156662 -4.4912597 0.00 268.62 1.18 36.7156665 -4.4912548 0.00 273.14 1.31 0.000 38.457 15:36:55.26
75 -1 -23.0 -24.1 4.551 -1.845 0.0 0.0 0.0 36.7156662 -4.4912608 0.00 269.11 1.07 36.7156664 -4.4912570 0.00 272.00 1.09 0.000 38.457 15:36:55.35
75 -1 -23.0 -24.1 1.599 -4.797 0.0 0.0 0.0 36.7156662 -4.4912608 0.00 269.11 1.07 36.7156664 -4.4912570 0.00 272.00 1.09 0.000 38.457 15:36:55.46
75 -1 -23.0 -24.1 2.214 -0.492 0.0 0.0 0.0 36.7156662 -4.4912620 0.00 268.84 1.07 36.7156664 -4.4912581 0.00 272.00 0.96 0.000 38.457 15:36:55.56
75 -1 -23.0 -24.1 0.123 -3.075 0.0 0.0 0.0 36.7156662 -4.4912620 0.00 268.84 1.07 36.7156664 -4.4912581 0.00 272.00 0.96 0.000 38.457 15:36:55.67
75 -1 -23.0 -24.1 2.460 -4.674 0.0 0.0 0.0 36.7156662 -4.4912632 0.00 268.66 1.04 36.7156664 -4.4912581 0.00 272.00 0.96 0.000 38.457 15:36:55.76
75 -1 -23.0 -24.1 3.321 -0.369 0.0 0.0 0.0 36.7156662 -4.4912632 0.00 268.66 1.04 36.7156664 -4.4912581 0.00 272.00 0.96 0.000 38.457 15:36:55.85
75 2 -23.0 -24.1 1.107 -5.412 0.0 0.0 0.0 36.7156661 -4.4912643 0.00 268.52 1.04 36.7156664 -4.4912604 0.00 269.25 1.03 0.000 38.457 15:36:55.96
75 2 -23.0 -24.1 5.412 0.000 0.0 0.0 0.0 36.7156661 -4.4912643 0.00 268.52 1.04 36.7156664 -4.4912604 0.00 269.25 1.03 0.000 38.457 15:36:56.06
75 3 -23.0 -24.1 2.214 -3.198 0.0 0.0 0.0 36.7156661 -4.4912654 0.00 268.42 1.07 36.7156663 -4.4912615 0.00 269.25 0.85 0.000 38.457 15:36:56.17
75 3 -23.0 -24.1 5.289 0.246 0.0 0.0 0.0 36.7156661 -4.4912654 0.00 268.42 1.07 36.7156663 -4.4912615 0.00 269.25 0.85 0.000 38.457 15:36:56.26
75 3 -23.0 -24.1 4.182 -0.246 0.0 0.0 0.0 36.7156660 -4.4912665 0.00 268.31 1.04 36.7156663 -4.4912615 0.00 269.25 0.85 0.000 38.457 15:36:56.37
75 3 -23.0 -24.1 4.428 -2.091 0.0 0.0 0.0 36.7156660 -4.4912665 0.00 268.31 1.04 36.7156663 -4.4912615 0.00 269.25 0.85 0.000 38.457 15:36:56.46
75 3 -23.0 -24.1 3.813 -0.492 0.0 0.0 0.0 36.7156660 -4.4912676 0.00 268.50 1.00 36.7156662 -4.4912638 0.00 268.92 0.98 0.000 38.457 15:36:56.56
75 3 -23.0 -24.1 4.182 -1.968 0.0 0.0 0.0 36.7156660 -4.4912676 0.00 268.50 1.00 36.7156662 -4.4912638 0.00 268.92 0.98 0.000 38.457 15:36:56.67
75 4 -23.0 -24.1 5.412 2.091 0.0 0.0 0.0 36.7156660 -4.4912687 0.00 268.97 0.93 36.7156662 -4.4912650 0.00 268.44 1.13 0.000 38.457 15:36:56.76
75 4 -23.0 -24.1 1.722 -2.829 0.0 0.0 0.0 36.7156660 -4.4912687 0.00 268.97 0.93 36.7156662 -4.4912650 0.00 268.44 1.13 0.000 38.457 15:36:56.87
75 4 -23.0 -24.1 6.027 1.353 0.0 0.0 0.0 36.7156660 -4.4912698 0.00 269.43 0.93 36.7156662 -4.4912650 0.00 268.44 1.13 0.000 38.457 15:36:56.96
75 4 -23.0 -24.1 4.182 -0.123 0.0 0.0 0.0 36.7156660 -4.4912698 0.00 269.43 0.93 36.7156662 -4.4912650 0.00 268.44 1.13 0.000 38.457 15:36:57.07
75 -3 -23.0 -24.1 4.674 -1.476 0.0 0.0 0.0 36.7156661 -4.4912710 0.00 269.96 0.96 36.7156661 -4.4912672 0.00 274.81 1.18 0.000 38.457 15:36:57.17
75 -3 -23.0 -24.1 3.813 -1.107 0.0 0.0 0.0 36.7156661 -4.4912710 0.00 269.96 0.96 36.7156661 -4.4912672 0.00 274.81 1.18 0.000 38.457 15:36:57.26
75 -3 -23.0 -24.1 -1.107 -3.690 0.0 0.0 0.0 36.7156661 -4.4912721 0.00 270.49 1.09 36.7156662 -4.4912683 0.00 274.81 0.91 0.000 38.457 15:36:57.37
75 -3 -23.0 -24.1 5.904 -0.246 0.0 0.0 0.0 36.7156661 -4.4912721 0.00 270.49 1.09 36.7156662 -4.4912683 0.00 274.81 0.91 0.000 38.457 15:36:57.46
75 -3 -23.0 -24.1 0.615 -4.428 0.0 0.0 0.0 36.7156661 -4.4912732 0.00 271.03 1.12 36.7156662 -4.4912683 0.00 274.81 0.91 0.000 38.457 15:36:57.57
75 -3 -23.0 -24.1 1.599 -2.460 0.0 0.0 0.0 36.7156661 -4.4912732 0.00 271.03 1.12 36.7156662 -4.4912683 0.00 274.81 0.91 0.000 38.457 15:36:57.67
75 3 -23.0 -24.1 1.476 -2.337 0.0 0.0 0.0 36.7156662 -4.4912744 0.00 270.78 1.10 36.7156662 -4.4912704 0.00 269.41 0.77 0.000 38.457 15:36:57.76
75 3 -23.0 -24.1 3.075 -3.198 0.0 0.0 0.0 36.7156662 -4.4912744 0.00 270.78 1.10 36.7156662 -4.4912704 0.00 269.41 0.77 0.000 38.457 15:36:57.87
75 -3 -23.0 -24.1 6.273 0.123 0.0 0.0 0.0 36.7156662 -4.4912755 0.00 270.53 1.02 36.7156661 -4.4912717 0.00 275.45 1.28 0.000 38.457 15:36:57.96
75 -3 -23.0 -24.1 -1.722 -7.011 0.0 0.0 0.0 36.7156662 -4.4912755 0.00 270.53 1.02 36.7156661 -4.4912717 0.00 275.45 1.28 0.000 38.457 15:36:58.07
75 -3 -23.0 -24.1 2.952 -2.706 0.0 0.0 0.0 36.7156662 -4.4912766 0.00 270.34 0.91 36.7156661 -4.4912717 0.00 275.45 1.28 0.000 38.457 15:36:58.17
75 -3 -23.0 -24.1 -0.369 -3.444 0.0 0.0 0.0 36.7156662 -4.4912766 0.00 270.34 0.91 36.7156661 -4.4912717 0.00 275.45 1.28 0.000 38.457 15:36:58.26
75 10 -23.0 -24.1 0.984 -3.567 0.0 0.0 0.0 36.7156662 -4.4912778 0.00 270.53 0.98 36.7156661 -4.4912740 0.00 264.13 1.21 0.000 38.457 15:36:58.37
75 10 -23.0 -24.1 5.166 1.722 0.0 0.0 0.0 36.7156662 -4.4912778 0.00 270.53 0.98 36.7156663 -4.4912748 0.00 264.13 0.75 0.000 38.457 15:36:58.46
75 10 -23.0 -24.1 2.337 -3.690 0.0 0.0 0.0 36.7156662 -4.4912790 0.00 270.37 1.09 36.7156663 -4.4912748 0.00 264.13 0.75 0.000 38.457 15:36:58.57
75 10 -23.0 -24.1 5.904 3.198 0.0 0.0 0.0 36.7156662 -4.4912790 0.00 270.37 1.09 36.7156663 -4.4912748 0.00 264.13 0.75 0.000 38.457 15:36:58.67
75 10 -23.0 -24.1 4.428 -1.968 0.0 0.0 0.0 36.7156662 -4.4912801 0.00 270.18 1.04 36.7156663 -4.4912748 0.00 264.13 0.75 0.000 38.457 15:36:58.78
75 10 -23.0 -24.1 7.872 3.690 0.0 0.0 0.0 36.7156662 -4.4912801 0.00 270.18 1.04 36.7156663 -4.4912748 0.00 264.13 0.75 0.000 38.457 15:36:58.87
75 8 -23.0 -24.1 7.257 -0.369 0.0 0.0 0.0 36.7156663 -4.4912813 0.00 271.04 1.01 36.7156661 -4.4912773 0.00 266.08 0.81 0.000 38.457 15:36:58.96
75 8 -23.0 -24.1 11.931 5.904 0.0 0.0 0.0 36.7156664 -4.4912825 0.00 272.06 0.98 36.7156662 -4.4912786 0.00 280.98 1.27 0.000 38.457 15:36:59.07
75 -9 -23.0 -24.1 8.979 5.658 0.0 0.0 0.0 36.7156664 -4.4912825 0.00 272.06 0.98 36.7156662 -4.4912786 0.00 280.98 1.27 0.000 38.457 15:36:59.17
75 -9 -23.0 -24.1 0.738 -2.952 0.0 0.0 0.0 36.7156665 -4.4912835 0.00 273.15 0.99 36.7156662 -4.4912786 0.00 280.98 1.27 0.000 38.457 15:36:59.28
75 -9 -23.0 -24.1 8.118 1.107 0.0 0.0 0.0 36.7156665 -4.4912835 0.00 273.15 0.99 36.7156662 -4.4912786 0.00 280.98 1.27 0.000 38.457 15:36:59.37
75 -9 -24.9 -21.8 0.000 -4.059 0.0 0.0 0.0 36.7156665 -4.4912835 0.00 273.15 0.99 36.7156663 -4.4912804 0.00 280.98 0.48 0.000 38.242 15:36:59.46
75 -9 -24.9 -21.8 4.551 -2.460 0.0 0.0 0.0 36.7156665 -4.4912845 0.00 273.98 0.98 36.7156663 -4.4912804 0.00 280.98 0.48 0.000 38.242 15:36:59.57
75 -9 -24.9 -21.8 -4.182 -7.011 0.0 0.0 0.0 36.7156665 -4.4912845 0.00 273.98 0.98 36.7156663 -4.4912815 0.00 348.63 0.99 0.000 38.242 15:36:59.67
