75 -1 -23.7 -23.0 -0.123 -6.150 0.0 0.0 0.0 36.7156702 -4.4910240 0.00 275.61 0.98 36.7156701 -4.4910277 0.00 270.17 1.00 0.000 38.027 15:56:12.09
75 -1 -23.7 -23.0 2.337 -3.075 0.0 0.0 0.0 36.7156702 -4.4910240 0.00 275.61 0.98 36.7156701 -4.4910277 0.00 270.17 1.00 0.000 38.027 15:56:12.18
75 -1 -23.7 -23.0 1.230 -7.011 0.0 0.0 0.0 36.7156702 -4.4910240 0.00 275.61 0.98 36.7156701 -4.4910288 0.00 270.04 1.02 0.000 38.027 15:56:12.29
75 -1 -23.7 -23.0 2.091 -0.984 0.0 0.0 0.0 36.7156702 -4.4910240 0.00 275.61 0.98 36.7156701 -4.4910288 0.00 270.04 1.02 0.000 38.027 15:56:12.39
75 -1 -23.7 -23.0 0.861 -7.995 0.0 0.0 0.0 36.7156702 -4.4910263 0.00 270.06 0.93 36.7156701 -4.4910300 0.00 269.94 0.99 0.000 38.027 15:56:12.48
75 0 -23.7 -23.0 0.738 -1.230 0.0 0.0 0.0 36.7156702 -4.4910263 0.00 270.06 0.93 36.7156701 -4.4910300 0.00 269.94 0.99 0.000 38.027 15:56:12.59
75 0 -23.7 -23.0 4.920 -4.428 0.0 0.0 0.0 36.7156702 -4.4910275 0.00 268.75 1.00 36.7156701 -4.4910312 0.00 269.76 0.98 0.000 38.027 15:56:12.68
75 0 -23.7 -23.0 0.369 -3.813 0.0 0.0 0.0 36.7156702 -4.4910275 0.00 268.75 1.00 36.7156701 -4.4910312 0.00 269.76 0.98 0.000 38.027 15:56:12.79
75 0 -23.7 -23.0 5.166 -2.091 0.0 0.0 0.0 36.7156702 -4.4910275 0.00 268.75 1.00 36.7156701 -4.4910323 0.00 269.57 0.95 0.000 38.027 15:56:12.89
75 0 -23.7 -23.0 0.615 -6.642 0.0 0.0 0.0 36.7156702 -4.4910275 0.00 268.75 1.00 36.7156701 -4.4910323 0.00 269.57 0.95 0.000 38.027 15:56:13.00
75 0 -23.7 -23.0 2.952 -0.861 0.0 0.0 0.0 36.7156702 -4.4910297 0.00 273.01 0.87 36.7156700 -4.4910334 0.00 269.60 0.97 0.000 38.027 15:56:13.09
75 0 -23.7 -23.0 2.829 -3.813 0.0 0.0 0.0 36.7156702 -4.4910297 0.00 273.01 0.87 36.7156700 -4.4910334 0.00 269.60 0.97 0.000 38.027 15:56:13.18
75 0 -23.7 -23.0 1.722 0.000 0.0 0.0 0.0 36.7156701 -4.4910309 0.00 266.48 1.08 36.7156700 -4.4910345 0.00 269.56 0.96 0.000 38.027 15:56:13.29
75 0 -23.7 -23.0 4.920 -3.690 0.0 0.0 0.0 36.7156701 -4.4910309 0.00 266.48 1.08 36.7156700 -4.4910345 0.00 269.56 0.96 0.000 38.027 15:56:13.39
75 0 -23.7 -23.0 2.583 -4.305 0.0 0.0 0.0 36.7156701 -4.4910309 0.00 266.48 1.08 36.7156700 -4.4910356 0.00 269.57 0.96 0.000 38.027 15:56:13.50
75 1 -23.7 -23.0 4.674 -0.615 0.0 0.0 0.0 36.7156701 -4.4910309 0.00 266.48 1.08 36.7156700 -4.4910356 0.00 269.57 0.96 0.000 38.027 15:56:13.59
75 1 -23.7 -23.0 0.861 -3.321 0.0 0.0 0.0 36.7156701 -4.4910332 0.00 270.58 1.09 36.7156700 -4.4910367 0.00 269.61 0.95 0.000 38.027 15:56:13.70
75 0 -23.7 -23.0 4.059 -1.353 0.0 0.0 0.0 36.7156701 -4.4910341 0.00 270.58 0.71 36.7156700 -4.4910367 0.00 269.61 0.95 0.000 38.027 15:56:13.79
75 0 -23.4 -22.6 1.845 -5.781 0.0 0.0 0.0 36.7156701 -4.4910341 0.00 270.58 0.71 36.7156700 -4.4910378 0.00 269.55 0.99 0.000 37.812 15:56:13.89
75 1 -23.4 -22.6 3.198 -0.492 0.0 0.0 0.0 36.7156701 -4.4910341 0.00 270.58 0.71 36.7156700 -4.4910378 0.00 269.55 0.99 0.000 37.812 15:56:14.00
75 1 -23.4 -22.6 6.027 -1.476 0.0 0.0 0.0 36.7156701 -4.4910341 0.00 270.58 0.71 36.7156700 -4.4910390 0.00 269.74 0.98 0.000 37.812 15:56:14.09
75 1 -23.4 -22.6 1.845 0.000 0.0 0.0 0.0 36.7156701 -4.4910364 0.00 272.44 1.07 36.7156700 -4.4910390 0.00 269.74 0.98 0.000 37.812 15:56:14.20
75 1 -23.4 -22.6 6.519 -3.567 0.0 0.0 0.0 36.7156701 -4.4910364 0.00 272.44 1.07 36.7156700 -4.4910401 0.00 269.71 1.01 0.000 37.812 15:56:14.29
75 0 -23.4 -22.6 2.214 -0.615 0.0 0.0 0.0 36.7156701 -4.4910375 0.00 272.41 1.02 36.7156700 -4.4910401 0.00 269.71 1.01 0.000 37.812 15:56:14.39
75 0 -23.4 -22.6 5.535 -0.984 0.0 0.0 0.0 36.7156701 -4.4910375 0.00 272.41 1.02 36.7156699 -4.4910413 0.00 269.90 1.02 0.000 37.812 15:56:14.50
75 0 -23.4 -22.6 3.936 -4.305 0.0 0.0 0.0 36.7156701 -4.4910375 0.00 272.41 1.02 36.7156699 -4.4910413 0.00 269.90 1.02 0.000 37.812 15:56:14.59
75 0 -23.4 -22.6 0.738 1.353 0.0 0.0 0.0 36.7156701 -4.4910375 0.00 272.41 1.02 36.7156700 -4.4910424 0.00 270.13 1.01 0.000 37.812 15:56:14.70
75 0 -23.4 -22.6 6.888 -2.952 0.0 0.0 0.0 36.7156701 -4.4910398 0.00 270.18 0.93 36.7156700 -4.4910424 0.00 270.13 1.01 0.000 37.812 15:56:14.79
75 0 -23.4 -22.6 0.492 -0.246 0.0 0.0 0.0 36.7156701 -4.4910398 0.00 270.18 0.93 36.7156700 -4.4910436 0.00 270.19 1.01 0.000 37.812 15:56:14.89
75 0 -23.4 -22.6 5.904 -1.968 0.0 0.0 0.0 36.7156701 -4.4910409 0.00 270.18 0.95 36.7156700 -4.4910436 0.00 270.19 1.01 0.000 37.812 15:56:15.00
75 0 -23.4 -22.6 0.738 -3.321 0.0 0.0 0.0 36.7156701 -4.4910409 0.00 270.18 0.95 36.7156700 -4.4910447 0.00 270.24 1.02 0.000 37.812 15:56:15.09
75 0 -23.4 -22.6 5.535 -1.353 0.0 0.0 0.0 36.7156701 -4.4910409 0.00 270.18 0.95 36.7156700 -4.4910447 0.00 270.24 1.02 0.000 37.812 15:56:15.20
75 0 -23.4 -22.6 1.353 -2.583 0.0 0.0 0.0 36.7156701 -4.4910409 0.00 270.18 0.95 36.7156700 -4.4910459 0.00 270.33 0.96 0.000 37.812 15:56:15.29
75 0 -23.4 -22.6 2.706 -1.722 0.0 0.0 0.0 36.7156701 -4.4910409 0.00 270.18 0.95 36.7156700 -4.4910459 0.00 270.33 0.96 0.000 37.812 15:56:15.40
75 0 -23.4 -22.6 3.567 -1.476 0.0 0.0 0.0 36.7156701 -4.4910432 0.00 270.61 1.01 36.7156700 -4.4910469 0.00 270.33 0.99 0.000 37.812 15:56:15.50
75 0 -23.4 -22.6 2.460 -0.492 0.0 0.0 0.0 36.7156702 -4.4910443 0.00 270.61 0.94 36.7156700 -4.4910469 0.00 270.33 0.99 0.000 37.812 15:56:15.59
75 0 -23.4 -22.6 3.936 -2.091 0.0 0.0 0.0 36.7156702 -4.4910443 0.00 270.61 0.94 36.7156700 -4.4910481 0.00 270.33 0.93 0.000 37.812 15:56:15.70
75 0 -23.4 -22.6 3.444 -0.738 0.0 0.0 0.0 36.7156702 -4.4910443 0.00 270.61 0.94 36.7156700 -4.4910481 0.00 270.33 0.93 0.000 37.812 15:56:15.79
75 0 -23.4 -22.6 3.813 -3.321 0.0 0.0 0.0 36.7156702 -4.4910443 0.00 270.61 0.94 36.7156700 -4.4910491 0.00 270.31 0.96 0.000 37.812 15:56:15.90
75 -1 -23.4 -22.6 5.166 -1.722 0.0 0.0 0.0 36.7156702 -4.4910465 0.00 271.48 0.87 36.7156700 -4.4910491 0.00 270.31 0.96 0.000 37.812 15:56:16.00
75 -1 -23.4 -22.6 2.214 -3.690 0.0 0.0 0.0 36.7156702 -4.4910465 0.00 271.48 0.87 36.7156700 -4.4910503 0.00 270.38 0.98 0.000 37.812 15:56:16.09
75 -1 -23.4 -22.6 2.460 -0.123 0.0 0.0 0.0 36.7156702 -4.4910465 0.00 271.48 0.87 36.7156700 -4.4910503 0.00 270.38 0.98 0.000 37.812 15:56:16.20
75 -1 -23.4 -22.6 5.412 -3.567 0.0 0.0 0.0 36.7156702 -4.4910476 0.00 271.48 0.82 36.7156700 -4.4910514 0.00 270.47 1.00 0.000 37.812 15:56:16.29
75 -1 -23.4 -22.6 2.091 -0.492 0.0 0.0 0.0 36.7156702 -4.4910476 0.00 271.48 0.82 36.7156700 -4.4910514 0.00 270.47 1.00 0.000 37.812 15:56:16.40
75 -1 -23.4 -22.6 5.166 -4.797 0.0 0.0 0.0 36.7156702 -4.4910476 0.00 271.48 0.82 36.7156700 -4.4910525 0.00 270.43 1.00 0.000 37.812 15:56:16.50
75 -1 -23.4 -22.6 0.492 -1.107 0.0 0.0 0.0 36.7156702 -4.4910476 0.00 271.48 0.82 36.7156700 -4.4910525 0.00 270.43 1.00 0.000 37.812 15:56:16.59
75 -1 -23.4 -22.6 3.321 -4.059 0.0 0.0 0.0 36.7156702 -4.4910499 0.00 275.11 1.05 36.7156700 -4.4910536 0.00 270.41 1.01 0.000 37.812 15:56:16.70
75 -1 -23.4 -22.6 -0.492 -5.781 0.0 0.0 0.0 36.7156702 -4.4910511 0.00 271.70 1.04 36.7156700 -4.4910536 0.00 270.41 1.01 0.000 37.812 15:56:16.79
75 -1 -23.4 -22.6 1.968 -2.214 0.0 0.0 0.0 36.7156702 -4.4910511 0.00 271.70 1.04 36.7156700 -4.4910548 0.00 270.29 1.02 0.000 37.812 15:56:16.90
75 0 -23.4 -22.6 -1.599 -5.658 0.0 0.0 0.0 36.7156702 -4.4910511 0.00 271.70 1.04 36.7156700 -4.4910548 0.00 270.29 1.02 0.000 37.812 15:56:17.00
75 0 -23.4 -22.6 4.428 -0.369 0.0 0.0 0.0 36.7156702 -4.4910511 0.00 271.70 1.04 36.7156700 -4.4910559 0.00 270.02 0.96 0.000 37.812 15:56:17.10
75 0 -23.4 -22.6 0.861 -5.166 0.0 0.0 0.0 36.7156702 -4.4910511 0.00 271.70 1.04 36.7156700 -4.4910559 0.00 270.02 0.96 0.000 37.812 15:56:17.20
75 0 -23.4 -22.6 0.861 -3.198 0.0 0.0 0.0 36.7156702 -4.4910533 0.00 272.78 1.07 36.7156700 -4.4910570 0.00 269.82 1.04 0.000 37.812 15:56:17.29
75 0 -23.4 -22.6 2.214 -5.166 0.0 0.0 0.0 36.7156702 -4.4910544 0.00 272.78 0.95 36.7156700 -4.4910570 0.00 269.82 1.04 0.000 37.812 15:56:17.40
75 0 -23.4 -22.6 0.123 -0.492 0.0 0.0 0.0 36.7156702 -4.4910544 0.00 272.78 0.95 36.7156700 -4.4910581 0.00 269.89 0.98 0.000 37.812 15:56:17.50
75 0 -23.4 -22.6 4.428 -4.551 0.0 0.0 0.0 36.7156702 -4.4910544 0.00 272.78 0.95 36.7156700 -4.4910581 0.00 269.89 0.98 0.000 37.812 15:56:17.60
75 0 -23.4 -22.6 0.738 -2.583 0.0 0.0 0.0 36.7156702 -4.4910544 0.00 272.78 0.95 36.7156700 -4.4910591 0.00 269.93 0.98 0.000 37.812 15:56:17.70
75 0 -23.4 -22.6 4.920 -2.706 0.0 0.0 0.0 36.7156701 -4.4910566 0.00 272.78 0.93 36.7156700 -4.4910591 0.00 269.93 0.98 0.000 37.812 15:56:17.81
75 0 -23.4 -22.6 1.845 -1.968 0.0 0.0 0.0 36.7156701 -4.4910566 0.00 272.78 0.93 36.7156700 -4.4910603 0.00 269.89 0.90 0.000 37.812 15:56:17.90
75 0 -23.4 -22.6 3.936 -2.706 0.0 0.0 0.0 36.7156701 -4.4910578 0.00 270.01 1.12 36.7156700 -4.4910603 0.00 269.89 0.90 0.000 37.812 15:56:18.00
75 0 -23.4 -22.6 0.246 -4.182 0.0 0.0 0.0 36.7156701 -4.4910578 0.00 270.01 1.12 36.7156700 -4.4910614 0.00 269.94 0.95 0.000 37.812 15:56:18.10
75 0 -23.4 -22.6 2.337 -3.936 0.0 0.0 0.0 36.7156701 -4.4910578 0.00 270.01 1.12 36.7156700 -4.4910614 0.00 269.94 0.95 0.000 37.812 15:56:18.20
75 0 -23.4 -22.6 1.230 -2.214 0.0 0.0 0.0 36.7156701 -4.4910578 0.00 270.01 1.12 36.7156700 -4.4910625 0.00 270.01 1.00 0.000 37.812 15:56:18.31
75 0 -23.4 -22.6 1.476 -3.075 0.0 0.0 0.0 36.7156701 -4.4910578 0.00 270.01 1.12 36.7156700 -4.4910625 0.00 270.01 1.00 0.000 37.812 15:56:18.40
75 0 -23.4 -22.6 3.075 -3.567 0.0 0.0 0.0 36.7156702 -4.4910600 0.00 277.44 0.88 36.7156699 -4.4910637 0.00 270.02 1.03 0.000 37.812 15:56:18.50
75 0 -23.4 -22.6 1.353 -1.599 0.0 0.0 0.0 36.7156701 -4.4910611 0.00 270.96 0.97 36.7156699 -4.4910637 0.00 270.02 1.03 0.000 37.812 15:56:18.60
75 0 -23.4 -22.6 2.091 -4.059 0.0 0.0 0.0 36.7156701 -4.4910611 0.00 270.96 0.97 36.7156700 -4.4910648 0.00 270.05 0.98 0.000 37.812 15:56:18.70
75 -2 -23.4 -22.6 2.952 -2.460 0.0 0.0 0.0 36.7156701 -4.4910611 0.00 270.96 0.97 36.7156700 -4.4910648 0.00 270.05 0.98 0.000 37.812 15:56:18.81
75 -2 -23.0 -23.0 1.599 -5.535 0.0 0.0 0.0 36.7156701 -4.4910611 0.00 270.96 0.97 36.7156699 -4.4910659 0.00 270.07 0.93 0.000 38.027 15:56:18.90
75 -2 -23.0 -23.0 2.337 -0.861 0.0 0.0 0.0 36.7156701 -4.4910634 0.00 270.87 1.06 36.7156699 -4.4910659 0.00 270.07 0.93 0.000 38.027 15:56:19.00
75 -2 -23.0 -23.0 3.198 -5.904 0.0 0.0 0.0 36.7156701 -4.4910634 0.00 270.87 1.06 36.7156699 -4.4910670 0.00 270.18 0.91 0.000 38.027 15:56:19.10
75 -2 -23.0 -23.0 0.984 -1.845 0.0 0.0 0.0 36.7156701 -4.4910634 0.00 270.87 1.06 36.7156699 -4.4910670 0.00 270.18 0.91 0.000 38.027 15:56:19.20
75 -2 -23.0 -23.0 3.321 -3.321 0.0 0.0 0.0 36.7156701 -4.4910644 0.00 270.87 0.82 36.7156699 -4.4910682 0.00 270.06 0.85 0.000 38.027 15:56:19.31
75 -2 -23.0 -23.0 -0.369 -2.706 0.0 0.0 0.0 36.7156701 -4.4910644 0.00 270.87 0.82 36.7156699 -4.4910682 0.00 270.06 0.85 0.000 38.027 15:56:19.40
75 -2 -23.0 -23.0 3.813 -1.599 0.0 0.0 0.0 36.7156701 -4.4910644 0.00 270.87 0.82 36.7156700 -4.4910693 0.00 269.97 1.00 0.000 38.027 15:56:19.51
75 -2 -23.0 -23.0 -0.738 -5.412 0.0 0.0 0.0 36.7156701 -4.4910644 0.00 270.87 0.82 36.7156700 -4.4910693 0.00 269.97 1.00 0.000 38.027 15:56:19.60
75 -2 -23.0 -23.0 5.166 -2.829 0.0 0.0 0.0 36.7156701 -4.4910667 0.00 272.14 0.96 36.7156699 -4.4910704 0.00 269.82 0.98 0.000 38.027 15:56:19.70
75 -2 -23.0 -23.0 0.246 -4.551 0.0 0.0 0.0 36.7156701 -4.4910679 0.00 270.38 0.98 36.7156699 -4.4910704 0.00 269.82 0.98 0.000 38.027 15:56:19.81
75 -2 -23.0 -23.0 4.551 -3.813 0.0 0.0 0.0 36.7156701 -4.4910679 0.00 270.38 0.98 36.7156699 -4.4910715 0.00 269.59 1.03 0.000 38.027 15:56:19.90
75 -2 -23.0 -23.0 -1.476 -4.428 0.0 0.0 0.0 36.7156701 -4.4910679 0.00 270.38 0.98 36.7156699 -4.4910715 0.00 269.59 1.03 0.000 38.027 15:56:20.01
75 -2 -23.0 -23.0 0.000 -3.075 0.0 0.0 0.0 36.7156701 -4.4910679 0.00 270.38 0.98 36.7156699 -4.4910727 0.00 269.39 0.93 0.000 38.027 15:56:20.10
75 -1 -23.0 -23.0 5.166 -3.936 0.0 0.0 0.0 36.7156701 -4.4910679 0.00 270.38 0.98 36.7156699 -4.4910727 0.00 269.39 0.93 0.000 38.027 15:56:20.20
75 -1 -23.0 -23.0 0.000 -2.952 0.0 0.0 0.0 36.7156701 -4.4910701 0.00 271.65 0.90 36.7156699 -4.4910737 0.00 269.22 0.90 0.000 38.027 15:56:20.31
75 -1 -23.0 -23.0 5.166 -3.813 0.0 0.0 0.0 36.7156701 -4.4910701 0.00 271.65 0.90 36.7156699 -4.4910737 0.00 269.22 0.90 0.000 38.027 15:56:20.40
75 -1 -23.0 -23.0 0.000 -2.091 0.0 0.0 0.0 36.7156700 -4.4910712 0.00 271.65 0.97 36.7156699 -4.4910748 0.00 269.03 0.91 0.000 38.027 15:56:20.51
75 -1 -23.0 -23.0 4.428 -4.182 0.0 0.0 0.0 36.7156700 -4.4910712 0.00 271.65 0.97 36.7156699 -4.4910748 0.00 269.03 0.91 0.000 38.027 15:56:20.60
75 -1 -23.0 -23.0 -0.615 -4.428 0.0 0.0 0.0 36.7156700 -4.4910712 0.00 271.65 0.97 36.7156698 -4.4910759 0.00 268.74 0.96 0.000 38.027 15:56:20.71
75 -1 -23.0 -23.0 1.722 -4.305 0.0 0.0 0.0 36.7156700 -4.4910735 0.00 271.60 1.13 36.7156698 -4.4910759 0.00 268.74 0.96 0.000 38.027 15:56:20.81
75 -1 -23.0 -23.0 0.861 -4.305 0.0 0.0 0.0 36.7156700 -4.4910735 0.00 271.60 1.13 36.7156698 -4.4910770 0.00 268.54 0.97 0.000 38.027 15:56:20.90
75 0 -23.0 -23.0 1.845 -2.829 0.0 0.0 0.0 36.7156700 -4.4910746 0.00 271.60 0.87 36.7156698 -4.4910770 0.00 268.54 0.97 0.000 38.027 15:56:21.01
75 0 -23.0 -23.0 2.214 -5.658 0.0 0.0 0.0 36.7156700 -4.4910746 0.00 271.60 0.87 36.7156698 -4.4910781 0.00 268.37 0.93 0.000 38.027 15:56:21.10
75 0 -23.0 -23.0 0.369 -2.583 0.0 0.0 0.0 36.7156700 -4.4910746 0.00 271.60 0.87 36.7156698 -4.4910781 0.00 268.37 0.93 0.000 38.027 15:56:21.21
75 0 -23.0 -23.0 5.535 -5.289 0.0 0.0 0.0 36.7156700 -4.4910746 0.00 271.60 0.87 36.7156698 -4.4910792 0.00 268.29 0.94 0.000 38.027 15:56:21.31
75 0 -23.0 -23.0 1.107 -1.107 0.0 0.0 0.0 36.7156700 -4.4910746 0.00 271.60 0.87 36.7156698 -4.4910792 0.00 268.29 0.94 0.000 38.027 15:56:21.42
75 0 -23.0 -23.0 3.198 -4.305 0.0 0.0 0.0 36.7156699 -4.4910767 0.00 268.47 0.79 36.7156698 -4.4910803 0.00 268.21 0.92 0.000 38.027 15:56:21.51
75 0 -23.0 -23.0 4.182 -0.984 0.0 0.0 0.0 36.7156699 -4.4910767 0.00 268.47 0.79 36.7156698 -4.4910803 0.00 268.21 0.92 0.000 38.027 15:56:21.60
75 0 -23.0 -23.0 5.166 -2.460 0.0 0.0 0.0 36.7156699 -4.4910779 0.00 272.64 1.11 36.7156697 -4.4910814 0.00 268.11 0.96 0.000 38.027 15:56:21.71
75 0 -23.0 -23.0 2.214 -1.845 0.0 0.0 0.0 36.7156699 -4.4910779 0.00 272.64 1.11 36.7156697 -4.4910814 0.00 268.11 0.96 0.000 38.027 15:56:21.81
75 0 -23.0 -23.0 5.043 0.369 0.0 0.0 0.0 36.7156699 -4.4910779 0.00 272.64 1.11 36.7156697 -4.4910826 0.00 267.98 0.99 0.000 38.027 15:56:21.92
75 0 -23.0 -23.0 3.813 -1.353 0.0 0.0 0.0 36.7156699 -4.4910779 0.00 272.64 1.11 36.7156697 -4.4910826 0.00 267.98 0.99 0.000 38.027 15:56:22.01
75 0 -23.0 -23.0 5.289 -0.738 0.0 0.0 0.0 36.7156698 -4.4910801 0.00 272.64 0.92 36.7156697 -4.4910837 0.00 267.95 0.99 0.000 38.027 15:56:22.10
75 0 -23.0 -23.0 1.353 -2.337 0.0 0.0 0.0 36.7156698 -4.4910801 0.00 272.64 0.92 36.7156697 -4.4910837 0.00 267.95 0.99 0.000 38.027 15:56:22.21
75 0 -23.0 -23.0 0.984 -0.615 0.0 0.0 0.0 36.7156698 -4.4910812 0.00 273.37 1.01 36.7156696 -4.4910849 0.00 267.89 0.96 0.000 38.027 15:56:22.31
75 0 -23.0 -23.0 1.968 -4.305 0.0 0.0 0.0 36.7156698 -4.4910812 0.00 273.37 1.01 36.7156696 -4.4910849 0.00 267.89 0.96 0.000 38.027 15:56:22.42
75 0 -23.0 -23.0 3.936 -1.353 0.0 0.0 0.0 36.7156698 -4.4910812 0.00 273.37 1.01 36.7156696 -4.4910860 0.00 267.97 0.99 0.000 38.027 15:56:22.51
75 0 -23.0 -23.0 2.337 -3.075 0.0 0.0 0.0 36.7156698 -4.4910812 0.00 273.37 1.01 36.7156696 -4.4910860 0.00 267.97 0.99 0.000 38.027 15:56:22.62
75 0 -23.0 -23.0 2.460 -0.984 0.0 0.0 0.0 36.7156698 -4.4910835 0.00 270.05 1.02 36.7156695 -4.4910872 0.00 268.01 0.98 0.000 38.027 15:56:22.71
75 0 -23.0 -23.0 4.059 -3.444 0.0 0.0 0.0 36.7156697 -4.4910846 0.00 264.34 0.98 36.7156695 -4.4910872 0.00 268.01 0.98 0.000 38.027 15:56:22.81
75 0 -23.0 -23.0 0.369 -1.476 0.0 0.0 0.0 36.7156697 -4.4910846 0.00 264.34 0.98 36.7156695 -4.4910883 0.00 268.19 1.00 0.000 38.027 15:56:22.92
75 0 -23.0 -23.0 6.642 -5.412 0.0 0.0 0.0 36.7156697 -4.4910846 0.00 264.34 0.98 36.7156695 -4.4910883 0.00 268.19 1.00 0.000 38.027 15:56:23.01
75 0 -23.0 -23.0 2.214 0.615 0.0 0.0 0.0 36.7156697 -4.4910846 0.00 264.34 0.98 36.7156695 -4.4910895 0.00 268.28 0.97 0.000 38.027 15:56:23.12
75 0 -23.0 -23.0 4.428 -5.289 0.0 0.0 0.0 36.7156697 -4.4910846 0.00 264.34 0.98 36.7156695 -4.4910895 0.00 268.28 0.97 0.000 38.027 15:56:23.21
75 0 -23.0 -23.0 2.706 -1.476 0.0 0.0 0.0 36.7156697 -4.4910869 0.00 272.47 0.90 36.7156695 -4.4910906 0.00 268.32 0.96 0.000 38.027 15:56:23.32
75 0 -23.0 -23.0 2.337 -0.738 0.0 0.0 0.0 36.7156697 -4.4910869 0.00 272.47 0.90 36.7156695 -4.4910906 0.00 268.32 0.96 0.000 38.027 15:56:23.42
75 0 -23.0 -23.0 2.583 -4.797 0.0 0.0 0.0 36.7156697 -4.4910880 0.00 271.02 1.01 36.7156694 -4.4910917 0.00 268.38 0.98 0.000 38.027 15:56:23.51
75 0 -23.0 -23.0 2.091 -0.246 0.0 0.0 0.0 36.7156697 -4.4910880 0.00 271.02 1.01 36.7156694 -4.4910917 0.00 268.38 0.98 0.000 38.027 15:56:23.62
75 0 -23.0 -23.0 1.599 -2.829 0.0 0.0 0.0 36.7156697 -4.4910880 0.00 271.02 1.01 36.7156694 -4.4910928 0.00 268.37 0.96 0.000 38.027 15:56:23.71
75 0 -23.0 -23.0 5.658 0.369 0.0 0.0 0.0 36.7156696 -4.4910902 0.00 267.22 0.87 36.7156694 -4.4910928 0.00 268.37 0.96 0.000 38.027 15:56:23.82
75 0 -22.2 -22.6 4.428 -3.444 0.0 0.0 0.0 36.7156696 -4.4910902 0.00 267.22 0.87 36.7156694 -4.4910940 0.00 268.34 1.01 0.000 38.457 15:56:23.92
75 0 -22.2 -22.6 1.476 1.230 0.0 0.0 0.0 36.7156696 -4.4910902 0.00 267.22 0.87 36.7156694 -4.4910940 0.00 268.34 1.01 0.000 38.457 15:56:24.01
75 0 -22.2 -22.6 1.845 -3.444 0.0 0.0 0.0 36.7156695 -4.4910914 0.00 269.06 1.02 36.7156694 -4.4910951 0.00 268.34 0.92 0.000 38.457 15:56:24.12
75 0 -22.2 -22.6 1.968 -0.492 0.0 0.0 0.0 36.7156695 -4.4910914 0.00 269.06 1.02 36.7156694 -4.4910951 0.00 268.34 0.92 0.000 38.457 15:56:24.21
75 0 -22.2 -22.6 1.968 -2.583 0.0 0.0 0.0 36.7156695 -4.4910914 0.00 269.06 1.02 36.7156694 -4.4910962 0.00 268.31 0.97 0.000 38.457 15:56:24.32
75 1 -22.2 -22.6 1.107 0.246 0.0 0.0 0.0 36.7156695 -4.4910914 0.00 269.06 1.02 36.7156694 -4.4910962 0.00 268.31 0.97 0.000 38.457 15:56:24.42
75 1 -22.2 -22.6 7.626 1.722 0.0 0.0 0.0 36.7156695 -4.4910937 0.00 269.21 1.00 36.7156693 -4.4910973 0.00 268.35 0.94 0.000 38.457 15:56:24.53
75 1 -22.2 -22.6 1.968 -1.107 0.0 0.0 0.0 36.7156695 -4.4910937 0.00 269.21 1.00 36.7156693 -4.4910973 0.00 268.35 0.94 0.000 38.457 15:56:24.62
75 1 -22.2 -22.6 5.535 1.599 0.0 0.0 0.0 36.7156695 -4.4910947 0.00 269.21 0.89 36.7156693 -4.4910984 0.00 268.47 0.98 0.000 38.457 15:56:24.71
75 1 -22.2 -22.6 2.706 -1.968 0.0 0.0 0.0 36.7156695 -4.4910947 0.00 269.21 0.89 36.7156693 -4.4910984 0.00 268.47 0.98 0.000 38.457 15:56:24.82
75 1 -22.2 -22.6 7.995 0.000 0.0 0.0 0.0 36.7156695 -4.4910947 0.00 269.21 0.89 36.7156693 -4.4910995 0.00 268.68 0.97 0.000 38.457 15:56:24.92
75 1 -22.2 -22.6 2.214 -1.107 0.0 0.0 0.0 36.7156694 -4.4910970 0.00 271.42 0.97 36.7156693 -4.4910995 0.00 268.68 0.97 0.000 38.457 15:56:25.03
75 1 -22.2 -22.6 6.888 0.861 0.0 0.0 0.0 36.7156694 -4.4910970 0.00 271.42 0.97 36.7156693 -4.4911006 0.00 268.90 0.97 0.000 38.457 15:56:25.12
75 1 -22.2 -22.6 1.845 -1.722 0.0 0.0 0.0 36.7156694 -4.4910970 0.00 271.42 0.97 36.7156693 -4.4911006 0.00 268.90 0.97 0.000 38.457 15:56:25.23
75 1 -22.2 -22.6 3.690 -0.615 0.0 0.0 0.0 36.7156693 -4.4910981 0.00 266.49 0.99 36.7156692 -4.4911018 0.00 269.15 0.97 0.000 38.457 15:56:25.32
75 0 -22.2 -22.6 1.968 -1.476 0.0 0.0 0.0 36.7156693 -4.4910981 0.00 266.49 0.99 36.7156692 -4.4911018 0.00 269.15 0.97 0.000 38.457 15:56:25.42
75 0 -22.2 -22.6 0.369 -0.369 0.0 0.0 0.0 36.7156693 -4.4910981 0.00 266.49 0.99 36.7156692 -4.4911030 0.00 269.52 0.98 0.000 38.457 15:56:25.53
75 0 -22.2 -22.6 5.781 -2.337 0.0 0.0 0.0 36.7156693 -4.4910981 0.00 266.49 0.99 36.7156692 -4.4911030 0.00 269.52 0.98 0.000 38.457 15:56:25.62
75 0 -22.2 -22.6 0.123 -0.369 0.0 0.0 0.0 36.7156693 -4.4911004 0.00 269.47 1.01 36.7156692 -4.4911042 0.00 270.01 1.09 0.000 38.457 15:56:25.73
75 -1 -22.2 -22.6 5.166 -4.059 0.0 0.0 0.0 36.7156694 -4.4911015 0.00 275.06 1.02 36.7156692 -4.4911042 0.00 270.01 1.09 0.000 38.457 15:56:25.82
75 -1 -22.2 -22.6 0.123 -3.567 0.0 0.0 0.0 36.7156694 -4.4911015 0.00 275.06 1.02 36.7156693 -4.4911053 0.00 270.39 1.04 0.000 38.457 15:56:25.93
75 -1 -22.2 -22.6 0.738 -4.428 0.0 0.0 0.0 36.7156694 -4.4911015 0.00 275.06 1.02 36.7156693 -4.4911053 0.00 270.39 1.04 0.000 38.457 15:56:26.03
75 -1 -22.2 -22.6 2.583 -5.289 0.0 0.0 0.0 36.7156694 -4.4911015 0.00 275.06 1.02 36.7156692 -4.4911064 0.00 270.73 1.02 0.000 38.457 15:56:26.12
75 -2 -22.2 -22.6 1.353 -2.706 0.0 0.0 0.0 36.7156694 -4.4911015 0.00 275.06 1.02 36.7156692 -4.4911064 0.00 270.73 1.02 0.000 38.457 15:56:26.23
75 -2 -22.2 -22.6 2.583 -5.904 0.0 0.0 0.0 36.7156693 -4.4911038 0.00 271.99 0.99 36.7156693 -4.4911075 0.00 270.61 0.96 0.000 38.457 15:56:26.32
75 -1 -22.2 -22.6 0.369 -1.107 0.0 0.0 0.0 36.7156693 -4.4911038 0.00 271.99 0.99 36.7156693 -4.4911075 0.00 270.61 0.96 0.000 38.457 15:56:26.43
75 -1 -22.2 -22.6 0.738 -7.626 0.0 0.0 0.0 36.7156693 -4.4911049 0.00 271.99 0.93 36.7156692 -4.4911085 0.00 270.50 0.92 0.000 38.457 15:56:26.53
75 -1 -22.2 -22.6 0.369 -0.123 0.0 0.0 0.0 36.7156693 -4.4911049 0.00 271.99 0.93 36.7156692 -4.4911085 0.00 270.50 0.92 0.000 38.457 15:56:26.64
75 -1 -22.2 -22.6 2.952 -3.690 0.0 0.0 0.0 36.7156693 -4.4911049 0.00 271.99 0.93 36.7156692 -4.4911095 0.00 270.21 0.93 0.000 38.457 15:56:26.73
75 -1 -22.2 -22.6 2.091 -3.690 0.0 0.0 0.0 36.7156693 -4.4911070 0.00 271.99 0.93 36.7156692 -4.4911095 0.00 270.21 0.93 0.000 38.457 15:56:26.82
75 -1 -22.2 -22.6 2.214 -3.075 0.0 0.0 0.0 36.7156693 -4.4911070 0.00 271.99 0.93 36.7156692 -4.4911106 0.00 270.02 0.96 0.000 38.457 15:56:26.93
75 -1 -22.2 -22.6 -1.107 -4.920 0.0 0.0 0.0 36.7156693 -4.4911070 0.00 271.99 0.93 36.7156692 -4.4911106 0.00 270.02 0.96 0.000 38.457 15:56:27.03
75 -1 -22.2 -22.6 3.567 -2.091 0.0 0.0 0.0 36.7156693 -4.4911081 0.00 271.47 1.12 36.7156692 -4.4911117 0.00 269.81 0.97 0.000 38.457 15:56:27.14
75 0 -22.2 -22.6 0.861 -6.273 0.0 0.0 0.0 36.7156693 -4.4911081 0.00 271.47 1.12 36.7156692 -4.4911117 0.00 269.81 0.97 0.000 38.457 15:56:27.23
75 0 -22.2 -22.6 2.091 -2.829 0.0 0.0 0.0 36.7156693 -4.4911081 0.00 271.47 1.12 36.7156691 -4.4911129 0.00 269.73 1.04 0.000 38.457 15:56:27.34
75 0 -22.2 -22.6 0.984 -5.535 0.0 0.0 0.0 36.7156693 -4.4911081 0.00 271.47 1.12 36.7156691 -4.4911129 0.00 269.73 1.04 0.000 38.457 15:56:27.43
75 0 -22.2 -22.6 0.984 -2.214 0.0 0.0 0.0 36.7156693 -4.4911105 0.00 272.91 1.11 36.7156691 -4.4911141 0.00 269.53 1.04 0.000 38.457 15:56:27.53
75 0 -22.2 -22.6 4.674 -1.107 0.0 0.0 0.0 36.7156693 -4.4911105 0.00 272.91 1.11 36.7156691 -4.4911141 0.00 269.53 1.04 0.000 38.457 15:56:27.64
75 0 -22.2 -22.6 0.984 -3.444 0.0 0.0 0.0 36.7156693 -4.4911117 0.00 271.39 1.06 36.7156691 -4.4911153 0.00 269.52 0.99 0.000 38.457 15:56:27.73
75 0 -22.2 -22.6 3.198 0.123 0.0 0.0 0.0 36.7156693 -4.4911117 0.00 271.39 1.06 36.7156691 -4.4911153 0.00 269.52 0.99 0.000 38.457 15:56:27.84
75 0 -22.2 -22.6 0.246 -3.690 0.0 0.0 0.0 36.7156693 -4.4911117 0.00 271.39 1.06 36.7156691 -4.4911164 0.00 269.47 0.95 0.000 38.457 15:56:27.93
75 0 -22.2 -22.6 3.567 -3.444 0.0 0.0 0.0 36.7156693 -4.4911117 0.00 271.39 1.06 36.7156691 -4.4911164 0.00 269.47 0.95 0.000 38.457 15:56:28.04
75 0 -22.2 -22.6 3.321 -3.936 0.0 0.0 0.0 36.7156693 -4.4911139 0.00 271.39 0.93 36.7156691 -4.4911175 0.00 269.49 0.90 0.000 38.457 15:56:28.14
75 0 -22.2 -22.6 3.444 -0.369 0.0 0.0 0.0 36.7156693 -4.4911150 0.00 271.39 0.94 36.7156691 -4.4911175 0.00 269.49 0.90 0.000 38.457 15:56:28.23
75 0 -22.2 -22.6 3.690 -0.984 0.0 0.0 0.0 36.7156693 -4.4911150 0.00 271.39 0.94 36.7156691 -4.4911185 0.00 269.28 0.89 0.000 38.457 15:56:28.34
75 0 -22.2 -22.6 4.059 -0.738 0.0 0.0 0.0 36.7156693 -4.4911150 0.00 271.39 0.94 36.7156691 -4.4911185 0.00 269.28 0.89 0.000 38.457 15:56:28.43
75 0 -22.2 -22.6 2.460 -2.214 0.0 0.0 0.0 36.7156693 -4.4911150 0.00 271.39 0.94 36.7156691 -4.4911196 0.00 269.29 0.84 0.000 38.457 15:56:28.54
75 0 -22.2 -22.6 0.984 -0.123 0.0 0.0 0.0 36.7156693 -4.4911171 0.00 271.39 0.90 36.7156691 -4.4911196 0.00 269.29 0.84 0.000 38.457 15:56:28.64
75 0 -22.2 -22.6 4.059 -4.674 0.0 0.0 0.0 36.7156693 -4.4911171 0.00 271.39 0.90 36.7156691 -4.4911207 0.00 269.25 0.91 0.000 38.457 15:56:28.75
75 0 -22.2 -22.6 2.337 0.492 0.0 0.0 0.0 36.7156692 -4.4911181 0.00 271.39 0.93 36.7156691 -4.4911207 0.00 269.25 0.91 0.000 38.457 15:56:28.84
75 0 -22.2 -22.6 8.364 -3.567 0.0 0.0 0.0 36.7156692 -4.4911181 0.00 271.39 0.93 36.7156691 -4.4911218 0.00 269.26 0.97 0.000 38.242 15:56:28.93
75 0 -22.2 -22.6 1.353 -0.984 0.0 0.0 0.0 36.7156692 -4.4911181 0.00 271.39 0.93 36.7156691 -4.4911218 0.00 269.26 0.97 0.000 38.242 15:56:29.04
75 0 -22.2 -22.6 5.781 -1.845 0.0 0.0 0.0 36.7156692 -4.4911181 0.00 271.39 0.93 36.7156691 -4.4911230 0.00 269.33 1.07 0.000 38.242 15:56:29.14
75 1 -22.2 -22.6 1.353 -3.075 0.0 0.0 0.0 36.7156693 -4.4911203 0.00 275.42 0.95 36.7156691 -4.4911230 0.00 269.33 1.07 0.000 38.242 15:56:29.25
75 1 -22.2 -22.6 2.214 -1.107 0.0 0.0 0.0 36.7156693 -4.4911203 0.00 275.42 0.95 36.7156691 -4.4911242 0.00 269.49 1.04 0.000 38.242 15:56:29.34
75 0 -22.2 -22.6 3.936 -5.781 0.0 0.0 0.0 36.7156692 -4.4911215 0.00 267.06 1.11 36.7156691 -4.4911242 0.00 269.49 1.04 0.000 38.242 15:56:29.43
75 0 -22.2 -22.6 2.091 -1.968 0.0 0.0 0.0 36.7156692 -4.4911215 0.00 267.06 1.11 36.7156691 -4.4911253 0.00 269.79 1.02 0.000 38.242 15:56:29.54
75 0 -22.2 -22.6 4.059 -3.690 0.0 0.0 0.0 36.7156692 -4.4911215 0.00 267.06 1.11 36.7156691 -4.4911253 0.00 269.79 1.02 0.000 38.242 15:56:29.64
75 0 -22.2 -22.6 -0.246 0.123 0.0 0.0 0.0 36.7156692 -4.4911215 0.00 267.06 1.11 36.7156690 -4.4911265 0.00 270.07 1.02 0.000 38.242 15:56:29.75
75 0 -22.2 -22.6 5.166 -3.813 0.0 0.0 0.0 36.7156691 -4.4911238 0.00 268.59 0.72 36.7156690 -4.4911265 0.00 270.07 1.02 0.000 38.242 15:56:29.84
75 0 -22.2 -22.6 0.984 -4.059 0.0 0.0 0.0 36.7156691 -4.4911238 0.00 268.59 0.72 36.7156690 -4.4911276 0.00 270.23 0.97 0.000 38.242 15:56:29.95
75 0 -22.2 -22.6 2.337 -1.599 0.0 0.0 0.0 36.7156692 -4.4911249 0.00 272.57 1.07 36.7156690 -4.4911276 0.00 270.23 0.97 0.000 38.242 15:56:30.04
75 0 -22.2 -22.6 3.936 -5.166 0.0 0.0 0.0 36.7156692 -4.4911249 0.00 272.57 1.07 36.7156690 -4.4911287 0.00 270.31 0.93 0.000 38.242 15:56:30.15
75 0 -22.2 -22.6 2.583 -0.984 0.0 0.0 0.0 36.7156692 -4.4911249 0.00 272.57 1.07 36.7156690 -4.4911287 0.00 270.31 0.93 0.000 38.242 15:56:30.25
75 0 -22.2 -22.6 0.984 -4.920 0.0 0.0 0.0 36.7156692 -4.4911249 0.00 272.57 1.07 36.7156691 -4.4911298 0.00 270.41 0.92 0.000 38.242 15:56:30.34
75 -1 -22.2 -22.6 -1.476 -0.246 0.0 0.0 0.0 36.7156692 -4.4911272 0.00 271.96 0.94 36.7156691 -4.4911298 0.00 270.41 0.92 0.000 38.242 15:56:30.45
75 -1 -22.2 -22.6 5.166 -3.567 0.0 0.0 0.0 36.7156692 -4.4911272 0.00 271.96 0.94 36.7156691 -4.4911308 0.00 270.49 0.97 0.000 38.242 15:56:30.54
75 -1 -22.2 -22.6 1.968 -1.722 0.0 0.0 0.0 36.7156692 -4.4911283 0.00 273.17 0.99 36.7156691 -4.4911308 0.00 270.49 0.97 0.000 38.242 15:56:30.65
75 -1 -22.2 -22.6 3.936 -2.460 0.0 0.0 0.0 36.7156692 -4.4911283 0.00 273.17 0.99 36.7156691 -4.4911319 0.00 270.48 0.95 0.000 38.242 15:56:30.75
75 -1 -22.2 -22.6 3.198 -3.075 0.0 0.0 0.0 36.7156692 -4.4911283 0.00 273.17 0.99 36.7156691 -4.4911319 0.00 270.48 0.95 0.000 38.242 15:56:30.85
75 -1 -22.2 -22.6 2.460 -1.845 0.0 0.0 0.0 36.7156692 -4.4911283 0.00 273.17 0.99 36.7156690 -4.4911331 0.00 270.37 0.97 0.000 38.242 15:56:30.95
75 -1 -22.2 -22.6 2.460 -4.920 0.0 0.0 0.0 36.7156692 -4.4911305 0.00 270.99 1.00 36.7156690 -4.4911331 0.00 270.37 0.97 0.000 38.242 15:56:31.04
75 0 -22.2 -22.6 1.353 -3.075 0.0 0.0 0.0 36.7156692 -4.4911305 0.00 270.99 1.00 36.7156691 -4.4911342 0.00 270.20 0.95 0.000 38.242 15:56:31.15
75 0 -22.2 -22.6 1.722 -4.797 0.0 0.0 0.0 36.7156692 -4.4911317 0.00 269.46 0.98 36.7156691 -4.4911342 0.00 270.20 0.95 0.000 38.242 15:56:31.25
75 0 -22.2 -22.6 2.337 -2.583 0.0 0.0 0.0 36.7156692 -4.4911317 0.00 269.46 0.98 36.7156691 -4.4911354 0.00 270.04 1.05 0.000 38.242 15:56:31.35
75 0 -22.2 -22.6 -0.246 -4.182 0.0 0.0 0.0 36.7156692 -4.4911317 0.00 269.46 0.98 36.7156691 -4.4911354 0.00 270.04 1.05 0.000 38.242 15:56:31.45
75 0 -22.2 -22.6 2.091 -2.583 0.0 0.0 0.0 36.7156692 -4.4911317 0.00 269.46 0.98 36.7156691 -4.4911366 0.00 269.76 1.05 0.000 38.242 15:56:31.54
75 0 -22.2 -22.6 4.797 -1.722 0.0 0.0 0.0 36.7156692 -4.4911341 0.00 271.28 1.09 36.7156691 -4.4911366 0.00 269.76 1.05 0.000 38.242 15:56:31.65
75 0 -22.2 -22.6 2.460 -1.353 0.0 0.0 0.0 36.7156692 -4.4911341 0.00 271.28 1.09 36.7156690 -4.4911377 0.00 269.78 1.02 0.000 38.242 15:56:31.75
75 0 -22.2 -22.6 3.936 -3.321 0.0 0.0 0.0 36.7156692 -4.4911352 0.00 271.28 0.95 36.7156690 -4.4911377 0.00 269.78 1.02 0.000 38.242 15:56:31.85
75 0 -22.2 -22.6 0.369 -0.738 0.0 0.0 0.0 36.7156692 -4.4911352 0.00 271.28 0.95 36.7156690 -4.4911389 0.00 269.79 0.97 0.000 38.242 15:56:31.95
75 0 -22.2 -22.6 4.551 -3.690 0.0 0.0 0.0 36.7156692 -4.4911352 0.00 271.28 0.95 36.7156690 -4.4911389 0.00 269.79 0.97 0.000 38.242 15:56:32.04
75 0 -22.2 -22.6 0.246 -3.075 0.0 0.0 0.0 36.7156692 -4.4911352 0.00 271.28 0.95 36.7156691 -4.4911400 0.00 269.89 0.95 0.000 38.242 15:56:32.15
75 0 -22.2 -22.6 4.305 -0.984 0.0 0.0 0.0 36.7156692 -4.4911374 0.00 271.28 0.95 36.7156691 -4.4911400 0.00 269.89 0.95 0.000 38.242 15:56:32.25
75 0 -22.2 -22.6 2.829 -5.289 0.0 0.0 0.0 36.7156692 -4.4911374 0.00 271.28 0.95 36.7156691 -4.4911411 0.00 269.87 0.82 0.000 38.242 15:56:32.35
75 0 -22.2 -22.6 1.599 -1.599 0.0 0.0 0.0 36.7156692 -4.4911385 0.00 271.28 0.94 36.7156691 -4.4911411 0.00 269.87 0.82 0.000 38.242 15:56:32.45
75 0 -22.2 -22.6 2.583 -6.027 0.0 0.0 0.0 36.7156692 -4.4911385 0.00 271.28 0.94 36.7156690 -4.4911421 0.00 269.88 0.90 0.000 38.242 15:56:32.54
75 0 -22.2 -22.6 1.599 -1.107 0.0 0.0 0.0 36.7156692 -4.4911385 0.00 271.28 0.94 36.7156690 -4.4911421 0.00 269.88 0.90 0.000 38.242 15:56:32.65
75 0 -22.2 -22.6 4.920 -0.861 0.0 0.0 0.0 36.7156692 -4.4911385 0.00 271.28 0.94 36.7156690 -4.4911432 0.00 269.82 1.01 0.000 38.242 15:56:32.75
75 0 -22.2 -22.6 0.000 -1.230 0.0 0.0 0.0 36.7156691 -4.4911407 0.00 271.70 0.90 36.7156690 -4.4911432 0.00 269.82 1.01 0.000 38.242 15:56:32.85
75 0 -22.2 -22.6 2.583 -1.353 0.0 0.0 0.0 36.7156691 -4.4911407 0.00 271.70 0.90 36.7156690 -4.4911443 0.00 269.87 1.01 0.000 38.242 15:56:32.95
75 0 -22.2 -22.6 0.861 -3.321 0.0 0.0 0.0 36.7156692 -4.4911417 0.00 271.70 0.96 36.7156690 -4.4911443 0.00 269.87 1.01 0.000 38.242 15:56:33.04
75 0 -22.2 -22.6 4.305 -0.492 0.0 0.0 0.0 36.7156692 -4.4911417 0.00 271.70 0.96 36.7156690 -4.4911454 0.00 269.81 0.94 0.000 38.242 15:56:33.15
75 0 -22.2 -22.6 3.813 -4.551 0.0 0.0 0.0 36.7156692 -4.4911417 0.00 271.70 0.96 36.7156690 -4.4911454 0.00 269.81 0.94 0.000 38.242 15:56:33.25
75 0 -22.2 -22.6 2.583 -0.861 0.0 0.0 0.0 36.7156692 -4.4911417 0.00 271.70 0.96 36.7156690 -4.4911465 0.00 269.78 0.91 0.000 38.242 15:56:33.35
75 0 -22.2 -22.6 5.412 -5.535 0.0 0.0 0.0 36.7156691 -4.4911440 0.00 268.28 0.93 36.7156690 -4.4911465 0.00 269.78 0.91 0.000 38.242 15:56:33.45
75 0 -22.2 -22.6 1.476 -0.738 0.0 0.0 0.0 36.7156691 -4.4911440 0.00 268.28 0.93 36.7156690 -4.4911476 0.00 269.85 0.96 0.000 38.242 15:56:33.54
75 0 -22.2 -22.6 5.166 -3.444 0.0 0.0 0.0 36.7156691 -4.4911452 0.00 270.27 1.15 36.7156690 -4.4911476 0.00 269.85 0.96 0.000 38.242 15:56:33.65
75 0 -22.2 -22.6 1.599 -0.738 0.0 0.0 0.0 36.7156691 -4.4911452 0.00 270.27 1.15 36.7156690 -4.4911487 0.00 269.98 0.94 0.000 38.242 15:56:33.75
75 0 -23.4 -23.4 5.412 0.246 0.0 0.0 0.0 36.7156691 -4.4911452 0.00 270.27 1.15 36.7156690 -4.4911487 0.00 269.98 0.94 0.000 38.242 15:56:33.85
75 0 -23.4 -23.4 1.230 -3.690 0.0 0.0 0.0 36.7156691 -4.4911452 0.00 270.27 1.15 36.7156690 -4.4911498 0.00 270.00 0.98 0.000 38.242 15:56:33.95
75 0 -23.4 -23.4 2.460 0.984 0.0 0.0 0.0 36.7156691 -4.4911473 0.00 273.55 0.98 36.7156690 -4.4911498 0.00 270.00 0.98 0.000 38.242 15:56:34.04
75 0 -23.4 -23.4 2.214 -3.567 0.0 0.0 0.0 36.7156691 -4.4911473 0.00 273.55 0.98 36.7156690 -4.4911509 0.00 270.05 1.00 0.000 38.242 15:56:34.15
75 0 -23.4 -23.4 1.353 -0.861 0.0 0.0 0.0 36.7156691 -4.4911484 0.00 268.76 1.08 36.7156690 -4.4911509 0.00 270.05 1.00 0.000 38.242 15:56:34.25
75 -2 -23.4 -23.4 5.535 -1.845 0.0 0.0 0.0 36.7156691 -4.4911484 0.00 268.76 1.08 36.7156690 -4.4911521 0.00 270.09 1.02 0.000 38.242 15:56:34.35
75 -2 -23.4 -23.4 1.476 -2.952 0.0 0.0 0.0 36.7156691 -4.4911484 0.00 268.76 1.08 36.7156690 -4.4911521 0.00 270.09 1.02 0.000 38.242 15:56:34.45
75 -2 -23.4 -23.4 2.829 -4.059 0.0 0.0 0.0 36.7156691 -4.4911484 0.00 268.76 1.08 36.7156690 -4.4911532 0.00 270.17 0.97 0.000 38.242 15:56:34.54
75 -2 -23.4 -23.4 1.353 -3.690 0.0 0.0 0.0 36.7156691 -4.4911508 0.00 271.14 1.03 36.7156690 -4.4911532 0.00 270.17 0.97 0.000 38.242 15:56:34.65
75 -2 -23.4 -23.4 3.321 -3.690 0.0 0.0 0.0 36.7156691 -4.4911508 0.00 271.14 1.03 36.7156690 -4.4911544 0.00 270.18 0.92 0.000 38.242 15:56:34.75
75 -2 -23.4 -23.4 1.845 -1.968 0.0 0.0 0.0 36.7156690 -4.4911518 0.00 271.14 0.86 36.7156690 -4.4911544 0.00 270.18 0.92 0.000 38.242 15:56:34.85
75 -2 -23.4 -23.4 4.182 -3.813 0.0 0.0 0.0 36.7156690 -4.4911518 0.00 271.14 0.86 36.7156690 -4.4911555 0.00 270.05 0.95 0.000 38.242 15:56:34.95
75 -2 -23.4 -23.4 1.722 -2.952 0.0 0.0 0.0 36.7156690 -4.4911518 0.00 271.14 0.86 36.7156690 -4.4911555 0.00 270.05 0.95 0.000 38.242 15:56:35.04
75 -2 -23.4 -23.4 -0.369 -3.567 0.0 0.0 0.0 36.7156690 -4.4911518 0.00 271.14 0.86 36.7156690 -4.4911566 0.00 269.98 0.96 0.000 38.242 15:56:35.15
75 -2 -23.4 -23.4 2.829 -3.690 0.0 0.0 0.0 36.7156691 -4.4911541 0.00 271.32 0.95 36.7156690 -4.4911566 0.00 269.98 0.96 0.000 38.242 15:56:35.25
75 -1 -23.4 -23.4 0.861 -3.075 0.0 0.0 0.0 36.7156691 -4.4911541 0.00 271.32 0.95 36.7156689 -4.4911577 0.00 269.88 0.99 0.000 38.242 15:56:35.35
75 -1 -23.4 -23.4 1.353 -3.690 0.0 0.0 0.0 36.7156690 -4.4911552 0.00 271.32 0.93 36.7156689 -4.4911577 0.00 269.88 0.99 0.000 38.242 15:56:35.45
75 -1 -23.4 -23.4 2.460 -2.214 0.0 0.0 0.0 36.7156690 -4.4911552 0.00 271.32 0.93 36.7156689 -4.4911588 0.00 269.71 0.96 0.000 38.242 15:56:35.54
75 -1 -23.4 -23.4 2.337 -5.535 0.0 0.0 0.0 36.7156690 -4.4911552 0.00 271.32 0.93 36.7156689 -4.4911588 0.00 269.71 0.96 0.000 38.242 15:56:35.65
75 -1 -23.4 -23.4 0.246 -2.091 0.0 0.0 0.0 36.7156690 -4.4911552 0.00 271.32 0.93 36.7156689 -4.4911600 0.00 269.55 0.99 0.000 38.242 15:56:35.75
75 -1 -23.4 -23.4 1.353 -8.610 0.0 0.0 0.0 36.7156690 -4.4911575 0.00 267.41 1.04 36.7156689 -4.4911600 0.00 269.55 0.99 0.000 38.242 15:56:35.85
75 -1 -23.4 -23.4 -0.492 -1.722 0.0 0.0 0.0 36.7156690 -4.4911575 0.00 267.41 1.04 36.7156689 -4.4911611 0.00 269.41 1.00 0.000 38.242 15:56:35.95
75 -1 -23.4 -23.4 1.476 -4.551 0.0 0.0 0.0 36.7156690 -4.4911586 0.00 276.01 0.99 36.7156689 -4.4911611 0.00 269.41 1.00 0.000 38.242 15:56:36.04
75 -1 -23.4 -23.4 1.353 -4.305 0.0 0.0 0.0 36.7156690 -4.4911586 0.00 276.01 0.99 36.7156689 -4.4911623 0.00 269.22 0.99 0.000 38.242 15:56:36.15
75 -1 -23.4 -23.4 3.936 -2.214 0.0 0.0 0.0 36.7156690 -4.4911586 0.00 276.01 0.99 36.7156689 -4.4911623 0.00 269.22 0.99 0.000 38.242 15:56:36.25
75 0 -23.4 -23.4 0.615 -5.658 0.0 0.0 0.0 36.7156690 -4.4911586 0.00 276.01 0.99 36.7156688 -4.4911635 0.00 269.03 0.98 0.000 38.242 15:56:36.35
75 0 -23.4 -23.4 4.551 -1.353 0.0 0.0 0.0 36.7156690 -4.4911609 0.00 270.92 0.85 36.7156688 -4.4911635 0.00 269.03 0.98 0.000 38.242 15:56:36.45
75 0 -23.4 -23.4 0.246 -5.043 0.0 0.0 0.0 36.7156690 -4.4911609 0.00 270.92 0.85 36.7156688 -4.4911646 0.00 268.79 1.00 0.000 38.242 15:56:36.54
75 0 -23.4 -23.4 1.968 -1.353 0.0 0.0 0.0 36.7156690 -4.4911620 0.00 270.92 0.88 36.7156688 -4.4911646 0.00 268.79 1.00 0.000 38.242 15:56:36.65
75 0 -23.4 -23.4 1.476 -4.182 0.0 0.0 0.0 36.7156690 -4.4911620 0.00 270.92 0.88 36.7156688 -4.4911657 0.00 268.60 0.96 0.000 38.242 15:56:36.75
75 0 -23.4 -23.4 2.583 -1.722 0.0 0.0 0.0 36.7156690 -4.4911620 0.00 270.92 0.88 36.7156688 -4.4911657 0.00 268.60 0.96 0.000 38.242 15:56:36.85
75 0 -23.4 -23.4 2.829 -3.075 0.0 0.0 0.0 36.7156690 -4.4911620 0.00 270.92 0.88 36.7156688 -4.4911668 0.00 268.55 0.97 0.000 38.242 15:56:36.95
75 0 -23.4 -23.4 1.968 -1.968 0.0 0.0 0.0 36.7156689 -4.4911642 0.00 271.21 1.03 36.7156688 -4.4911668 0.00 268.55 0.97 0.000 38.242 15:56:37.04
75 0 -23.4 -23.4 5.658 -1.353 0.0 0.0 0.0 36.7156689 -4.4911642 0.00 271.21 1.03 36.7156687 -4.4911679 0.00 268.58 0.93 0.000 38.242 15:56:37.15
75 0 -23.4 -23.4 1.230 -2.583 0.0 0.0 0.0 36.7156689 -4.4911653 0.00 271.21 0.88 36.7156687 -4.4911679 0.00 268.58 0.93 0.000 38.242 15:56:37.25
75 0 -23.4 -23.4 4.182 -3.690 0.0 0.0 0.0 36.7156689 -4.4911653 0.00 271.21 0.88 36.7156687 -4.4911689 0.00 268.57 0.92 0.000 38.242 15:56:37.35
75 0 -23.4 -23.4 0.492 -1.599 0.0 0.0 0.0 36.7156689 -4.4911653 0.00 271.21 0.88 36.7156687 -4.4911689 0.00 268.57 0.92 0.000 38.242 15:56:37.45
75 0 -23.4 -23.4 4.182 -4.797 0.0 0.0 0.0 36.7156689 -4.4911653 0.00 271.21 0.88 36.7156687 -4.4911700 0.00 268.65 0.93 0.000 38.242 15:56:37.54
75 0 -23.4 -23.4 0.738 -4.059 0.0 0.0 0.0 36.7156688 -4.4911675 0.00 269.14 1.03 36.7156687 -4.4911700 0.00 268.65 0.93 0.000 38.242 15:56:37.65
75 0 -23.4 -23.4 2.337 -5.412 0.0 0.0 0.0 36.7156688 -4.4911675 0.00 269.14 1.03 36.7156686 -4.4911711 0.00 268.95 0.96 0.000 38.242 15:56:37.75
75 0 -23.4 -23.4 1.107 -5.043 0.0 0.0 0.0 36.7156688 -4.4911686 0.00 269.14 0.88 36.7156686 -4.4911711 0.00 268.95 0.96 0.000 38.242 15:56:37.85
75 0 -23.4 -23.4 2.337 -3.936 0.0 0.0 0.0 36.7156688 -4.4911686 0.00 269.14 0.88 36.7156686 -4.4911722 0.00 269.10 0.96 0.000 38.242 15:56:37.95
75 0 -23.4 -23.4 0.492 -3.690 0.0 0.0 0.0 36.7156688 -4.4911686 0.00 269.14 0.88 36.7156686 -4.4911722 0.00 269.10 0.96 0.000 38.242 15:56:38.04
75 0 -23.4 -23.4 2.829 -1.230 0.0 0.0 0.0 36.7156688 -4.4911686 0.00 269.14 0.88 36.7156686 -4.4911733 0.00 269.14 0.98 0.000 38.242 15:56:38.15
75 0 -23.4 -23.4 3.936 -4.551 0.0 0.0 0.0 36.7156687 -4.4911709 0.00 268.92 1.12 36.7156686 -4.4911733 0.00 269.14 0.98 0.000 38.242 15:56:38.25
75 0 -23.4 -23.4 4.428 0.246 0.0 0.0 0.0 36.7156687 -4.4911709 0.00 268.92 1.12 36.7156685 -4.4911745 0.00 269.11 1.00 0.000 38.242 15:56:38.35
75 0 -23.4 -23.4 3.198 -4.305 0.0 0.0 0.0 36.7156687 -4.4911720 0.00 269.65 1.03 36.7156685 -4.4911745 0.00 269.11 1.00 0.000 38.242 15:56:38.45
75 0 -23.4 -23.4 3.813 0.123 0.0 0.0 0.0 36.7156687 -4.4911720 0.00 269.65 1.03 36.7156685 -4.4911756 0.00 269.14 0.92 0.000 38.242 15:56:38.54
75 0 -23.4 -23.4 5.658 -1.599 0.0 0.0 0.0 36.7156687 -4.4911720 0.00 269.65 1.03 36.7156685 -4.4911756 0.00 269.14 0.92 0.000 38.242 15:56:38.65
75 0 -23.4 -23.4 0.615 -4.428 0.0 0.0 0.0 36.7156687 -4.4911720 0.00 269.65 1.03 36.7156685 -4.4911767 0.00 269.15 0.95 0.000 38.242 15:56:38.75
75 0 -23.4 -22.6 3.444 -0.861 0.0 0.0 0.0 36.7156687 -4.4911743 0.00 268.98 1.09 36.7156685 -4.4911767 0.00 269.15 0.95 0.000 37.812 15:56:38.85
75 0 -23.4 -22.6 0.615 -4.428 0.0 0.0 0.0 36.7156687 -4.4911743 0.00 268.98 1.09 36.7156685 -4.4911778 0.00 269.23 1.01 0.000 37.812 15:56:38.95
75 0 -23.4 -22.6 2.706 0.615 0.0 0.0 0.0 36.7156687 -4.4911754 0.00 268.98 0.96 36.7156685 -4.4911778 0.00 269.23 1.01 0.000 37.812 15:56:39.06
75 -1 -23.4 -22.6 1.476 -4.920 0.0 0.0 0.0 36.7156687 -4.4911754 0.00 268.98 0.96 36.7156685 -4.4911790 0.00 269.24 0.99 0.000 37.812 15:56:39.15
75 -1 -23.4 -22.6 1.722 -0.615 0.0 0.0 0.0 36.7156687 -4.4911754 0.00 268.98 0.96 36.7156685 -4.4911790 0.00 269.24 0.99 0.000 37.812 15:56:39.25
75 -1 -23.4 -22.6 5.043 -3.444 0.0 0.0 0.0 36.7156687 -4.4911754 0.00 268.98 0.96 36.7156685 -4.4911801 0.00 269.19 0.95 0.000 37.812 15:56:39.35
75 -1 -23.4 -22.6 2.091 -2.706 0.0 0.0 0.0 36.7156686 -4.4911776 0.00 271.44 1.07 36.7156685 -4.4911801 0.00 269.19 0.95 0.000 37.812 15:56:39.45
75 -1 -23.4 -22.6 7.134 -2.706 0.0 0.0 0.0 36.7156686 -4.4911776 0.00 271.44 1.07 36.7156685 -4.4911813 0.00 269.11 0.98 0.000 37.812 15:56:39.56
75 -1 -23.4 -22.6 1.107 -1.230 0.0 0.0 0.0 36.7156686 -4.4911787 0.00 271.44 0.96 36.7156685 -4.4911813 0.00 269.11 0.98 0.000 37.812 15:56:39.65
75 0 -23.4 -22.6 6.396 -2.952 0.0 0.0 0.0 36.7156686 -4.4911787 0.00 271.44 0.96 36.7156684 -4.4911825 0.00 268.85 1.01 0.000 37.812 15:56:39.75
75 0 -23.4 -22.6 1.599 -3.567 0.0 0.0 0.0 36.7156686 -4.4911787 0.00 271.44 0.96 36.7156684 -4.4911825 0.00 268.85 1.01 0.000 37.812 15:56:39.85
75 0 -23.4 -22.6 3.321 -1.353 0.0 0.0 0.0 36.7156686 -4.4911787 0.00 271.44 0.96 36.7156684 -4.4911836 0.00 268.75 0.95 0.000 37.812 15:56:39.95
75 0 -23.4 -22.6 2.337 -2.337 0.0 0.0 0.0 36.7156687 -4.4911810 0.00 268.11 0.89 36.7156684 -4.4911836 0.00 268.75 0.95 0.000 37.812 15:56:40.06
75 0 -23.4 -22.6 0.861 -1.845 0.0 0.0 0.0 36.7156687 -4.4911810 0.00 268.11 0.89 36.7156684 -4.4911847 0.00 268.56 0.98 0.000 37.812 15:56:40.15
75 0 -23.4 -22.6 3.198 -2.337 0.0 0.0 0.0 36.7156686 -4.4911821 0.00 272.65 1.05 36.7156684 -4.4911847 0.00 268.56 0.98 0.000 37.812 15:56:40.26
75 0 -23.4 -22.6 2.214 -0.738 0.0 0.0 0.0 36.7156686 -4.4911821 0.00 272.65 1.05 36.7156685 -4.4911859 0.00 268.61 1.01 0.000 37.812 15:56:40.35
75 0 -23.4 -22.6 7.380 -2.460 0.0 0.0 0.0 36.7156686 -4.4911821 0.00 272.65 1.05 36.7156685 -4.4911859 0.00 268.61 1.01 0.000 37.812 15:56:40.45
75 0 -23.4 -22.6 1.599 0.000 0.0 0.0 0.0 36.7156686 -4.4911821 0.00 272.65 1.05 36.7156684 -4.4911871 0.00 268.56 1.01 0.000 37.812 15:56:40.56
75 0 -23.4 -22.6 6.150 -1.845 0.0 0.0 0.0 36.7156686 -4.4911844 0.00 268.51 0.87 36.7156684 -4.4911871 0.00 268.56 1.01 0.000 37.812 15:56:40.65
75 0 -23.4 -22.6 0.738 -0.738 0.0 0.0 0.0 36.7156686 -4.4911844 0.00 268.51 0.87 36.7156684 -4.4911882 0.00 268.60 1.01 0.000 37.812 15:56:40.76
75 0 -23.4 -22.6 5.166 -2.952 0.0 0.0 0.0 36.7156685 -4.4911856 0.00 271.36 0.99 36.7156684 -4.4911882 0.00 268.60 1.01 0.000 37.812 15:56:40.85
75 0 -23.4 -22.6 1.968 -2.460 0.0 0.0 0.0 36.7156685 -4.4911856 0.00 271.36 0.99 36.7156684 -4.4911892 0.00 268.68 0.94 0.000 37.812 15:56:40.95
75 0 -23.4 -22.6 3.813 -3.321 0.0 0.0 0.0 36.7156685 -4.4911856 0.00 271.36 0.99 36.7156684 -4.4911892 0.00 268.68 0.94 0.000 37.812 15:56:41.06
75 -1 -23.4 -22.6 0.861 -4.674 0.0 0.0 0.0 36.7156685 -4.4911856 0.00 271.36 0.99 36.7156683 -4.4911903 0.00 269.00 0.92 0.000 37.812 15:56:41.15
75 -1 -23.4 -22.6 -0.369 -3.198 0.0 0.0 0.0 36.7156684 -4.4911878 0.00 271.36 0.93 36.7156683 -4.4911903 0.00 269.00 0.92 0.000 37.812 15:56:41.26
75 -1 -23.4 -22.6 -0.246 -7.011 0.0 0.0 0.0 36.7156684 -4.4911878 0.00 271.36 0.93 36.7156683 -4.4911914 0.00 269.22 0.94 0.000 37.812 15:56:41.35
75 -1 -23.4 -22.6 0.861 -3.075 0.0 0.0 0.0 36.7156683 -4.4911889 0.00 269.97 1.09 36.7156683 -4.4911914 0.00 269.22 0.94 0.000 37.812 15:56:41.46
75 -1 -23.4 -22.6 4.059 -6.765 0.0 0.0 0.0 36.7156683 -4.4911889 0.00 269.97 1.09 36.7156683 -4.4911925 0.00 269.50 0.97 0.000 37.812 15:56:41.56
75 -1 -23.4 -22.6 1.353 -3.198 0.0 0.0 0.0 36.7156683 -4.4911889 0.00 269.97 1.09 36.7156683 -4.4911925 0.00 269.50 0.97 0.000 37.812 15:56:41.65
75 -1 -23.4 -22.6 3.567 -3.936 0.0 0.0 0.0 36.7156683 -4.4911889 0.00 269.97 1.09 36.7156683 -4.4911936 0.00 269.46 0.95 0.000 37.812 15:56:41.76
75 -1 -23.4 -22.6 0.246 -2.706 0.0 0.0 0.0 36.7156683 -4.4911911 0.00 269.97 0.90 36.7156683 -4.4911936 0.00 269.46 0.95 0.000 37.812 15:56:41.85
75 -1 -23.4 -22.6 4.920 -3.690 0.0 0.0 0.0 36.7156683 -4.4911911 0.00 269.97 0.90 36.7156682 -4.4911948 0.00 269.31 0.97 0.000 37.812 15:56:41.96
75 -1 -23.4 -22.6 0.738 -5.166 0.0 0.0 0.0 36.7156683 -4.4911924 0.00 269.60 1.21 36.7156682 -4.4911948 0.00 269.31 0.97 0.000 37.812 15:56:42.06
75 0 -23.4 -22.6 4.551 -2.460 0.0 0.0 0.0 36.7156683 -4.4911924 0.00 269.60 1.21 36.7156681 -4.4911960 0.00 269.09 0.96 0.000 37.812 15:56:42.15
75 0 -23.4 -22.6 0.738 -4.797 0.0 0.0 0.0 36.7156683 -4.4911924 0.00 269.60 1.21 36.7156681 -4.4911960 0.00 269.09 0.96 0.000 37.812 15:56:42.26
75 0 -23.4 -22.6 3.321 -3.075 0.0 0.0 0.0 36.7156683 -4.4911924 0.00 269.60 1.21 36.7156681 -4.4911970 0.00 268.83 0.97 0.000 37.812 15:56:42.35
75 0 -23.4 -22.6 1.476 -4.059 0.0 0.0 0.0 36.7156683 -4.4911945 0.00 269.60 0.97 36.7156681 -4.4911970 0.00 268.83 0.97 0.000 37.812 15:56:42.46
75 0 -23.4 -22.6 2.214 -1.722 0.0 0.0 0.0 36.7156683 -4.4911945 0.00 269.60 0.97 36.7156681 -4.4911982 0.00 268.68 0.99 0.000 37.812 15:56:42.56
75 0 -23.4 -22.6 5.535 -1.599 0.0 0.0 0.0 36.7156683 -4.4911956 0.00 269.60 0.93 36.7156681 -4.4911982 0.00 268.68 0.99 0.000 37.812 15:56:42.67
75 0 -23.4 -22.6 0.000 -3.567 0.0 0.0 0.0 36.7156683 -4.4911956 0.00 269.60 0.93 36.7156680 -4.4911994 0.00 268.70 0.94 0.000 37.812 15:56:42.76
75 0 -23.4 -22.6 7.872 -1.845 0.0 0.0 0.0 36.7156683 -4.4911956 0.00 269.60 0.93 36.7156680 -4.4911994 0.00 268.70 0.94 0.000 37.812 15:56:42.85
75 0 -23.4 -22.6 1.476 -2.460 0.0 0.0 0.0 36.7156683 -4.4911956 0.00 269.60 0.93 36.7156681 -4.4912005 0.00 268.68 0.99 0.000 37.812 15:56:42.96
75 0 -23.4 -22.6 2.583 -0.246 0.0 0.0 0.0 36.7156683 -4.4911979 0.00 278.18 1.17 36.7156681 -4.4912005 0.00 268.68 0.99 0.000 37.812 15:56:43.06
75 0 -23.4 -22.6 4.674 -1.107 0.0 0.0 0.0 36.7156683 -4.4911979 0.00 278.18 1.17 36.7156681 -4.4912016 0.00 268.58 1.02 0.000 37.812 15:56:43.17
75 0 -23.4 -22.6 4.674 -1.107 0.0 0.0 0.0 36.7156683 -4.4911989 0.00 278.18 0.73 36.7156681 -4.4912016 0.00 268.58 1.02 0.000 37.812 15:56:43.26
75 0 -23.4 -22.6 5.412 0.000 0.0 0.0 0.0 36.7156683 -4.4911989 0.00 278.18 0.73 36.7156681 -4.4912027 0.00 268.61 1.14 0.000 37.812 15:56:43.35
75 0 -23.4 -22.6 5.412 0.000 0.0 0.0 0.0 36.7156683 -4.4911989 0.00 278.18 0.73 36.7156681 -4.4912027 0.00 268.61 1.14 0.000 37.812 15:56:43.46
75 0 -23.4 -22.6 5.412 -0.738 0.0 0.0 0.0 36.7156683 -4.4911989 0.00 278.18 0.73 36.7156681 -4.4912038 0.00 268.65 1.09 0.000 37.812 15:56:43.56
75 0 -23.4 -22.6 1.599 -3.690 0.0 0.0 0.0 36.7156682 -4.4912013 0.00 273.57 1.03 36.7156681 -4.4912038 0.00 268.65 1.09 0.000 37.812 15:56:43.67
75 0 -23.4 -22.6 1.599 -3.690 0.0 0.0 0.0 36.7156682 -4.4912013 0.00 273.57 1.03 36.7156680 -4.4912050 0.00 268.64 0.95 0.000 37.812 15:56:43.76
75 0 -23.4 -23.0 2.460 -1.353 0.0 0.0 0.0 36.7156682 -4.4912024 0.00 267.19 1.02 36.7156680 -4.4912050 0.00 268.64 0.95 0.000 38.242 15:56:43.87
75 0 -23.4 -23.0 4.674 -1.599 0.0 0.0 0.0 36.7156682 -4.4912024 0.00 267.19 1.02 36.7156680 -4.4912061 0.00 268.65 0.90 0.000 38.242 15:56:43.96
75 0 -23.4 -23.0 3.813 -3.321 0.0 0.0 0.0 36.7156682 -4.4912024 0.00 267.19 1.02 36.7156680 -4.4912061 0.00 268.65 0.90 0.000 38.242 15:56:44.06
75 0 -23.4 -23.0 3.813 -3.321 0.0 0.0 0.0 36.7156682 -4.4912024 0.00 267.19 1.02 36.7156680 -4.4912072 0.00 268.62 0.92 0.000 38.242 15:56:44.17
75 0 -23.4 -23.0 2.460 -2.091 0.0 0.0 0.0 36.7156682 -4.4912045 0.00 267.19 0.80 36.7156680 -4.4912072 0.00 268.62 0.92 0.000 38.242 15:56:44.26
75 0 -23.4 -23.0 7.257 -2.706 0.0 0.0 0.0 36.7156682 -4.4912045 0.00 267.19 0.80 36.7156680 -4.4912083 0.00 268.73 0.97 0.000 38.242 15:56:44.37
75 0 -23.4 -23.0 -0.492 -2.460 0.0 0.0 0.0 36.7156682 -4.4912057 0.00 271.53 1.00 36.7156680 -4.4912083 0.00 268.73 0.97 0.000 38.242 15:56:44.46
75 0 -23.4 -23.0 4.551 -2.337 0.0 0.0 0.0 36.7156682 -4.4912057 0.00 271.53 1.00 36.7156680 -4.4912094 0.00 268.87 1.08 0.000 38.242 15:56:44.56
75 0 -23.4 -23.0 -0.738 -3.321 0.0 0.0 0.0 36.7156682 -4.4912057 0.00 271.53 1.00 36.7156680 -4.4912094 0.00 268.87 1.08 0.000 38.242 15:56:44.67
75 -1 -23.4 -23.0 3.321 -4.059 0.0 0.0 0.0 36.7156682 -4.4912057 0.00 271.53 1.00 36.7156680 -4.4912105 0.00 269.13 1.02 0.000 38.242 15:56:44.76
75 -1 -23.4 -23.0 -0.123 -7.257 0.0 0.0 0.0 36.7156681 -4.4912080 0.00 268.89 0.82 36.7156680 -4.4912105 0.00 269.13 1.02 0.000 38.242 15:56:44.87
75 -1 -23.4 -23.0 -1.230 -3.075 0.0 0.0 0.0 36.7156681 -4.4912080 0.00 268.89 0.82 36.7156679 -4.4912117 0.00 269.16 0.98 0.000 38.242 15:56:44.96
75 -1 -23.4 -23.0 1.968 -7.134 0.0 0.0 0.0 36.7156681 -4.4912092 0.00 269.36 1.10 36.7156679 -4.4912117 0.00 269.16 0.98 0.000 38.242 15:56:45.07
75 -1 -23.4 -23.0 -0.246 -2.706 0.0 0.0 0.0 36.7156681 -4.4912092 0.00 269.36 1.10 36.7156679 -4.4912128 0.00 269.30 1.00 0.000 38.242 15:56:45.17
75 -1 -23.4 -23.0 0.123 -5.781 0.0 0.0 0.0 36.7156681 -4.4912092 0.00 269.36 1.10 36.7156679 -4.4912128 0.00 269.30 1.00 0.000 38.242 15:56:45.26
75 -1 -23.4 -23.0 -0.984 -0.738 0.0 0.0 0.0 36.7156681 -4.4912092 0.00 269.36 1.10 36.7156679 -4.4912139 0.00 269.27 0.88 0.000 38.242 15:56:45.37
75 -1 -23.4 -23.0 3.690 -3.813 0.0 0.0 0.0 36.7156681 -4.4912113 0.00 269.36 0.95 36.7156678 -4.4912150 0.00 269.15 0.95 0.000 38.242 15:56:45.46
75 -1 -23.4 -23.0 0.984 -3.075 0.0 0.0 0.0 36.7156681 -4.4912113 0.00 269.36 0.95 36.7156678 -4.4912150 0.00 269.15 0.95 0.000 38.242 15:56:45.57
75 -1 -23.4 -23.0 2.460 -2.952 0.0 0.0 0.0 36.7156680 -4.4912125 0.00 269.65 1.02 36.7156678 -4.4912161 0.00 268.96 0.99 0.000 38.242 15:56:45.67
75 0 -23.4 -23.0 -0.123 -5.412 0.0 0.0 0.0 36.7156680 -4.4912125 0.00 269.65 1.02 36.7156678 -4.4912161 0.00 268.96 0.99 0.000 38.242 15:56:45.78
75 0 -23.4 -23.0 3.936 -1.968 0.0 0.0 0.0 36.7156680 -4.4912125 0.00 269.65 1.02 36.7156678 -4.4912172 0.00 268.88 0.99 0.000 38.242 15:56:45.87
75 0 -23.4 -23.0 2.214 -5.904 0.0 0.0 0.0 36.7156680 -4.4912125 0.00 269.65 1.02 36.7156678 -4.4912172 0.00 268.88 0.99 0.000 38.242 15:56:45.96
75 0 -23.4 -23.0 1.476 -1.353 0.0 0.0 0.0 36.7156680 -4.4912147 0.00 271.65 0.95 36.7156678 -4.4912184 0.00 268.72 0.97 0.000 38.242 15:56:46.07
75 0 -23.4 -23.0 2.583 -5.043 0.0 0.0 0.0 36.7156680 -4.4912147 0.00 271.65 0.95 36.7156678 -4.4912184 0.00 268.72 0.97 0.000 38.242 15:56:46.17
75 0 -23.4 -23.0 2.706 -2.583 0.0 0.0 0.0 36.7156680 -4.4912158 0.00 271.65 0.93 36.7156678 -4.4912195 0.00 268.67 0.91 0.000 38.242 15:56:46.28
75 0 -23.4 -23.0 0.861 -4.920 0.0 0.0 0.0 36.7156680 -4.4912158 0.00 271.65 0.93 36.7156678 -4.4912195 0.00 268.67 0.91 0.000 38.242 15:56:46.37
75 0 -23.4 -23.0 1.845 -2.583 0.0 0.0 0.0 36.7156680 -4.4912158 0.00 271.65 0.93 36.7156678 -4.4912205 0.00 268.56 0.91 0.000 38.242 15:56:46.46
75 0 -23.4 -23.0 4.059 -1.353 0.0 0.0 0.0 36.7156680 -4.4912158 0.00 271.65 0.93 36.7156678 -4.4912205 0.00 268.56 0.91 0.000 38.242 15:56:46.57
75 0 -23.4 -23.0 3.321 -0.615 0.0 0.0 0.0 36.7156680 -4.4912179 0.00 271.65 0.83 36.7156678 -4.4912216 0.00 268.47 0.98 0.000 38.242 15:56:46.67
75 0 -23.4 -23.0 4.428 -2.952 0.0 0.0 0.0 36.7156680 -4.4912179 0.00 271.65 0.83 36.7156678 -4.4912216 0.00 268.47 0.98 0.000 38.242 15:56:46.78
75 0 -23.4 -23.0 2.337 -1.722 0.0 0.0 0.0 36.7156680 -4.4912191 0.00 271.58 1.13 36.7156677 -4.4912228 0.00 268.58 1.05 0.000 38.242 15:56:46.87
75 0 -23.4 -23.0 5.658 -1.476 0.0 0.0 0.0 36.7156680 -4.4912191 0.00 271.58 1.13 36.7156677 -4.4912228 0.00 268.58 1.05 0.000 38.242 15:56:46.98
75 0 -23.4 -23.0 -0.246 -0.984 0.0 0.0 0.0 36.7156680 -4.4912191 0.00 271.58 1.13 36.7156677 -4.4912240 0.00 268.58 1.07 0.000 38.242 15:56:47.07
75 0 -23.4 -23.0 6.027 -1.722 0.0 0.0 0.0 36.7156680 -4.4912191 0.00 271.58 1.13 36.7156677 -4.4912240 0.00 268.58 1.07 0.000 38.242 15:56:47.17
75 0 -23.4 -23.0 1.230 -3.690 0.0 0.0 0.0 36.7156679 -4.4912213 0.00 269.65 0.56 36.7156677 -4.4912251 0.00 268.68 1.08 0.000 38.242 15:56:47.28
75 0 -23.4 -23.0 5.658 -0.615 0.0 0.0 0.0 36.7156679 -4.4912213 0.00 269.65 0.56 36.7156677 -4.4912251 0.00 268.68 1.08 0.000 38.242 15:56:47.37
75 0 -23.4 -23.0 1.599 -2.829 0.0 0.0 0.0 36.7156679 -4.4912225 0.00 276.99 1.20 36.7156677 -4.4912263 0.00 268.73 0.98 0.000 38.242 15:56:47.48
75 0 -23.4 -23.0 1.722 -1.107 0.0 0.0 0.0 36.7156679 -4.4912225 0.00 276.99 1.20 36.7156677 -4.4912263 0.00 268.73 0.98 0.000 38.242 15:56:47.57
75 0 -23.4 -23.0 4.674 -5.412 0.0 0.0 0.0 36.7156679 -4.4912225 0.00 276.99 1.20 36.7156677 -4.4912275 0.00 268.72 0.98 0.000 38.242 15:56:47.67
75 0 -23.4 -23.0 1.599 0.492 0.0 0.0 0.0 36.7156679 -4.4912225 0.00 276.99 1.20 36.7156677 -4.4912275 0.00 268.72 0.98 0.000 38.242 15:56:47.78
75 0 -23.4 -23.0 4.182 -4.674 0.0 0.0 0.0 36.7156679 -4.4912249 0.00 270.55 1.02 36.7156676 -4.4912286 0.00 268.68 0.97 0.000 38.242 15:56:47.87
75 0 -23.4 -23.0 1.353 -0.123 0.0 0.0 0.0 36.7156679 -4.4912249 0.00 270.55 1.02 36.7156676 -4.4912286 0.00 268.68 0.97 0.000 38.242 15:56:47.98
75 0 -23.4 -23.0 5.166 -2.583 0.0 0.0 0.0 36.7156679 -4.4912260 0.00 270.55 0.87 36.7156676 -4.4912297 0.00 268.64 1.00 0.000 38.242 15:56:48.07
75 0 -23.4 -23.0 3.567 -0.369 0.0 0.0 0.0 36.7156679 -4.4912260 0.00 270.55 0.87 36.7156676 -4.4912297 0.00 268.64 1.00 0.000 38.242 15:56:48.17
75 0 -23.4 -23.0 6.273 -1.845 0.0 0.0 0.0 36.7156679 -4.4912260 0.00 270.55 0.87 36.7156676 -4.4912307 0.00 268.66 1.02 0.000 38.242 15:56:48.28
75 0 -23.4 -23.0 2.706 -1.968 0.0 0.0 0.0 36.7156679 -4.4912260 0.00 270.55 0.87 36.7156676 -4.4912307 0.00 268.66 1.02 0.000 38.242 15:56:48.37
75 0 -23.4 -23.0 4.551 -1.107 0.0 0.0 0.0 36.7156678 -4.4912281 0.00 270.55 0.90 36.7156676 -4.4912319 0.00 268.73 1.00 0.000 38.242 15:56:48.48
75 0 -23.4 -23.0 3.936 -1.845 0.0 0.0 0.0 36.7156678 -4.4912281 0.00 270.55 0.90 36.7156676 -4.4912319 0.00 268.73 1.00 0.000 38.242 15:56:48.57
75 0 -23.4 -23.0 3.813 -1.599 0.0 0.0 0.0 36.7156679 -4.4912293 0.00 273.29 1.09 36.7156676 -4.4912330 0.00 268.88 0.98 0.000 38.242 15:56:48.67
75 -1 -23.4 -23.0 4.551 -3.690 0.0 0.0 0.0 36.7156679 -4.4912293 0.00 273.29 1.09 36.7156676 -4.4912330 0.00 268.88 0.98 0.000 38.242 15:56:48.78
75 -1 -23.4 -22.6 1.599 -1.476 0.0 0.0 0.0 36.7156679 -4.4912293 0.00 273.29 1.09 36.7156676 -4.4912341 0.00 269.05 0.91 0.000 38.242 15:56:48.87
75 -1 -23.4 -22.6 2.214 -3.936 0.0 0.0 0.0 36.7156679 -4.4912293 0.00 273.29 1.09 36.7156676 -4.4912341 0.00 269.05 0.91 0.000 38.242 15:56:48.98
75 -1 -23.4 -22.6 2.337 -3.198 0.0 0.0 0.0 36.7156678 -4.4912316 0.00 270.93 1.30 36.7156676 -4.4912353 0.00 269.10 1.01 0.000 38.242 15:56:49.07
75 -1 -23.4 -22.6 3.198 -4.551 0.0 0.0 0.0 36.7156678 -4.4912316 0.00 270.93 1.30 36.7156676 -4.4912353 0.00 269.10 1.01 0.000 38.242 15:56:49.18
75 -1 -23.4 -22.6 0.861 -2.952 0.0 0.0 0.0 36.7156678 -4.4912327 0.00 270.93 0.94 36.7156675 -4.4912364 0.00 269.04 0.98 0.000 38.242 15:56:49.28
75 -1 -23.4 -22.6 4.797 -4.551 0.0 0.0 0.0 36.7156678 -4.4912327 0.00 270.93 0.94 36.7156675 -4.4912364 0.00 269.04 0.98 0.000 38.242 15:56:49.37
75 -1 -23.4 -22.6 1.845 -2.214 0.0 0.0 0.0 36.7156678 -4.4912327 0.00 270.93 0.94 36.7156675 -4.4912375 0.00 268.92 0.99 0.000 38.242 15:56:49.48
75 -1 -23.4 -22.6 3.321 -4.428 0.0 0.0 0.0 36.7156678 -4.4912327 0.00 270.93 0.94 36.7156675 -4.4912375 0.00 268.92 0.99 0.000 38.242 15:56:49.57
75 -1 -23.4 -22.6 0.246 0.123 0.0 0.0 0.0 36.7156677 -4.4912348 0.00 267.99 1.16 36.7156674 -4.4912386 0.00 268.83 1.00 0.000 38.242 15:56:49.68
75 -1 -23.4 -22.6 2.460 -4.059 0.0 0.0 0.0 36.7156677 -4.4912348 0.00 267.99 1.16 36.7156674 -4.4912386 0.00 268.83 1.00 0.000 38.242 15:56:49.78
75 -1 -23.4 -22.6 0.000 -5.535 0.0 0.0 0.0 36.7156676 -4.4912360 0.00 270.80 1.08 36.7156674 -4.4912398 0.00 268.74 1.02 0.000 38.242 15:56:49.89
75 0 -23.4 -22.6 0.984 -3.198 0.0 0.0 0.0 36.7156676 -4.4912360 0.00 270.80 1.08 36.7156674 -4.4912398 0.00 268.74 1.02 0.000 38.242 15:56:49.98
75 0 -23.4 -22.6 0.123 -5.166 0.0 0.0 0.0 36.7156676 -4.4912360 0.00 270.80 1.08 36.7156674 -4.4912409 0.00 268.62 1.02 0.000 38.242 15:56:50.07
75 0 -23.4 -22.6 1.476 -1.722 0.0 0.0 0.0 36.7156676 -4.4912360 0.00 270.80 1.08 36.7156674 -4.4912409 0.00 268.62 1.02 0.000 38.242 15:56:50.18
75 0 -23.4 -22.6 1.968 -6.765 0.0 0.0 0.0 36.7156676 -4.4912383 0.00 271.44 1.05 36.7156674 -4.4912421 0.00 268.35 1.04 0.000 38.242 15:56:50.28
75 0 -23.4 -22.6 -0.246 0.000 0.0 0.0 0.0 36.7156676 -4.4912383 0.00 271.44 1.05 36.7156674 -4.4912421 0.00 268.35 1.04 0.000 38.242 15:56:50.39
75 0 -23.4 -22.6 3.567 -4.551 0.0 0.0 0.0 36.7156676 -4.4912394 0.00 271.44 0.91 36.7156674 -4.4912432 0.00 268.32 1.03 0.000 38.242 15:56:50.48
75 0 -23.4 -22.6 1.599 -2.091 0.0 0.0 0.0 36.7156676 -4.4912394 0.00 271.44 0.91 36.7156674 -4.4912432 0.00 268.32 1.03 0.000 38.242 15:56:50.59
75 0 -23.4 -22.6 3.813 -3.690 0.0 0.0 0.0 36.7156676 -4.4912394 0.00 271.44 0.91 36.7156673 -4.4912443 0.00 268.31 1.01 0.000 38.242 15:56:50.68
75 0 -23.4 -22.6 2.091 -1.722 0.0 0.0 0.0 36.7156676 -4.4912394 0.00 271.44 0.91 36.7156673 -4.4912443 0.00 268.31 1.01 0.000 38.242 15:56:50.78
75 0 -23.4 -22.6 5.166 -1.476 0.0 0.0 0.0 36.7156675 -4.4912416 0.00 271.85 1.08 36.7156673 -4.4912454 0.00 268.26 0.98 0.000 38.242 15:56:50.89
75 0 -23.4 -22.6 1.968 -3.690 0.0 0.0 0.0 36.7156675 -4.4912416 0.00 271.85 1.08 36.7156673 -4.4912454 0.00 268.26 0.98 0.000 38.242 15:56:50.98
75 0 -23.4 -22.6 3.936 -1.107 0.0 0.0 0.0 36.7156675 -4.4912427 0.00 271.85 0.89 36.7156673 -4.4912465 0.00 268.16 0.98 0.000 38.242 15:56:51.09
75 2 -23.4 -22.6 2.214 -3.444 0.0 0.0 0.0 36.7156675 -4.4912427 0.00 271.85 0.89 36.7156673 -4.4912465 0.00 268.16 0.98 0.000 38.242 15:56:51.18
75 2 -23.4 -22.6 3.936 -1.230 0.0 0.0 0.0 36.7156675 -4.4912427 0.00 271.85 0.89 36.7156673 -4.4912476 0.00 268.07 1.01 0.000 38.242 15:56:51.29
75 2 -23.4 -22.6 2.214 -0.246 0.0 0.0 0.0 36.7156675 -4.4912427 0.00 271.85 0.89 36.7156673 -4.4912476 0.00 268.07 1.01 0.000 38.242 15:56:51.39
75 2 -23.4 -22.6 3.075 -0.123 0.0 0.0 0.0 36.7156675 -4.4912449 0.00 270.71 0.71 36.7156673 -4.4912487 0.00 268.12 0.99 0.000 38.242 15:56:51.48
75 2 -23.4 -22.6 4.059 -1.845 0.0 0.0 0.0 36.7156675 -4.4912449 0.00 270.71 0.71 36.7156673 -4.4912487 0.00 268.12 0.99 0.000 38.242 15:56:51.59
75 2 -23.4 -22.6 4.428 0.738 0.0 0.0 0.0 36.7156675 -4.4912461 0.00 270.55 1.02 36.7156673 -4.4912499 0.00 268.27 1.00 0.000 38.242 15:56:51.68
75 2 -23.4 -22.6 3.936 -2.337 0.0 0.0 0.0 36.7156675 -4.4912461 0.00 270.55 1.02 36.7156673 -4.4912499 0.00 268.27 1.00 0.000 38.242 15:56:51.79
75 2 -23.4 -22.6 4.182 -0.615 0.0 0.0 0.0 36.7156675 -4.4912461 0.00 270.55 1.02 36.7156673 -4.4912510 0.00 268.52 0.95 0.000 38.242 15:56:51.89
75 1 -23.4 -22.6 4.059 -4.920 0.0 0.0 0.0 36.7156675 -4.4912461 0.00 270.55 1.02 36.7156673 -4.4912510 0.00 268.52 0.95 0.000 38.242 15:56:52.00
75 1 -23.4 -22.6 4.182 -0.246 0.0 0.0 0.0 36.7156674 -4.4912483 0.00 271.60 0.92 36.7156673 -4.4912521 0.00 268.80 0.99 0.000 38.242 15:56:52.09
75 1 -23.4 -22.6 6.765 0.000 0.0 0.0 0.0 36.7156674 -4.4912483 0.00 271.60 0.92 36.7156673 -4.4912521 0.00 268.80 0.99 0.000 38.242 15:56:52.18
75 1 -23.4 -22.6 1.476 -0.738 0.0 0.0 0.0 36.7156674 -4.4912495 0.00 271.68 1.11 36.7156673 -4.4912532 0.00 269.07 0.98 0.000 38.242 15:56:52.29
75 1 -23.4 -22.6 7.503 -0.246 0.0 0.0 0.0 36.7156674 -4.4912495 0.00 271.68 1.11 36.7156673 -4.4912532 0.00 269.07 0.98 0.000 38.242 15:56:52.39
75 1 -23.4 -22.6 1.353 -2.460 0.0 0.0 0.0 36.7156674 -4.4912495 0.00 271.68 1.11 36.7156672 -4.4912542 0.00 269.42 0.90 0.000 38.242 15:56:52.50
75 0 -23.4 -22.6 5.289 -0.861 0.0 0.0 0.0 36.7156675 -4.4912516 0.00 273.64 1.06 36.7156672 -4.4912542 0.00 269.42 0.90 0.000 38.242 15:56:52.59
75 0 -23.4 -22.6 3.075 -5.535 0.0 0.0 0.0 36.7156675 -4.4912516 0.00 273.64 1.06 36.7156672 -4.4912553 0.00 269.75 0.91 0.000 38.242 15:56:52.70
75 0 -23.4 -22.6 2.337 -0.615 0.0 0.0 0.0 36.7156673 -4.4912527 0.00 268.69 0.98 36.7156672 -4.4912553 0.00 269.75 0.91 0.000 38.242 15:56:52.79
75 0 -23.4 -22.6 1.476 -6.273 0.0 0.0 0.0 36.7156673 -4.4912527 0.00 268.69 0.98 36.7156672 -4.4912563 0.00 270.14 0.94 0.000 38.242 15:56:52.89
75 -1 -23.4 -22.6 1.722 -0.984 0.0 0.0 0.0 36.7156673 -4.4912527 0.00 268.69 0.98 36.7156672 -4.4912563 0.00 270.14 0.94 0.000 38.242 15:56:53.00
75 -1 -23.4 -22.6 5.535 -5.043 0.0 0.0 0.0 36.7156673 -4.4912527 0.00 268.69 0.98 36.7156673 -4.4912575 0.00 270.34 1.05 0.000 38.242 15:56:53.09
75 -1 -23.4 -22.6 0.861 -2.214 0.0 0.0 0.0 36.7156674 -4.4912549 0.00 274.08 1.11 36.7156673 -4.4912575 0.00 270.34 1.05 0.000 38.242 15:56:53.20
75 -1 -23.4 -22.6 3.813 -0.984 0.0 0.0 0.0 36.7156674 -4.4912549 0.00 274.08 1.11 36.7156672 -4.4912586 0.00 270.49 1.04 0.000 38.242 15:56:53.29
75 -1 -23.4 -22.6 1.599 -4.428 0.0 0.0 0.0 36.7156674 -4.4912560 0.00 274.08 0.95 36.7156672 -4.4912586 0.00 270.49 1.04 0.000 38.242 15:56:53.39
75 -1 -23.4 -22.6 3.813 -1.599 0.0 0.0 0.0 36.7156674 -4.4912560 0.00 274.08 0.95 36.7156672 -4.4912598 0.00 270.46 1.05 0.000 38.242 15:56:53.50
75 -1 -23.4 -22.6 0.492 -3.567 0.0 0.0 0.0 36.7156674 -4.4912560 0.00 274.08 0.95 36.7156672 -4.4912598 0.00 270.46 1.05 0.000 38.242 15:56:53.59
75 -1 -23.4 -22.6 2.214 -0.738 0.0 0.0 0.0 36.7156674 -4.4912560 0.00 274.08 0.95 36.7156672 -4.4912610 0.00 270.30 1.02 0.000 38.242 15:56:53.70
75 -1 -23.4 -22.6 2.583 -6.150 0.0 0.0 0.0 36.7156674 -4.4912585 0.00 274.44 1.34 36.7156672 -4.4912610 0.00 270.30 1.02 0.000 38.242 15:56:53.79
75 -1 -23.4 -22.2 0.984 -1.845 0.0 0.0 0.0 36.7156674 -4.4912585 0.00 274.44 1.34 36.7156673 -4.4912621 0.00 270.10 0.95 0.000 38.457 15:56:53.89
75 -1 -23.4 -22.2 2.091 -3.813 0.0 0.0 0.0 36.7156674 -4.4912596 0.00 274.44 0.83 36.7156673 -4.4912621 0.00 270.10 0.95 0.000 38.457 15:56:54.00
75 -1 -23.4 -22.2 1.107 -3.567 0.0 0.0 0.0 36.7156674 -4.4912596 0.00 274.44 0.83 36.7156673 -4.4912633 0.00 269.89 0.96 0.000 38.457 15:56:54.09
75 -1 -23.4 -22.2 4.059 -3.444 0.0 0.0 0.0 36.7156674 -4.4912596 0.00 274.44 0.83 36.7156673 -4.4912633 0.00 269.89 0.96 0.000 38.457 15:56:54.20
75 -1 -23.4 -22.2 1.599 -4.428 0.0 0.0 0.0 36.7156674 -4.4912596 0.00 274.44 0.83 36.7156672 -4.4912644 0.00 269.75 0.96 0.000 38.457 15:56:54.29
75 0 -23.4 -22.2 1.722 -2.214 0.0 0.0 0.0 36.7156673 -4.4912618 0.00 269.55 0.91 36.7156672 -4.4912644 0.00 269.75 0.96 0.000 38.457 15:56:54.40
75 0 -23.4 -22.2 2.706 -2.337 0.0 0.0 0.0 36.7156673 -4.4912618 0.00 269.55 0.91 36.7156672 -4.4912655 0.00 269.59 0.97 0.000 38.457 15:56:54.50
75 0 -23.4 -22.2 5.043 -2.829 0.0 0.0 0.0 36.7156673 -4.4912618 0.00 269.55 0.91 36.7156672 -4.4912655 0.00 269.59 0.97 0.000 38.457 15:56:54.59
75 0 -23.4 -22.2 0.492 -0.984 0.0 0.0 0.0 36.7156674 -4.4912629 0.00 273.07 1.00 36.7156672 -4.4912666 0.00 269.39 0.90 0.000 38.457 15:56:54.70
75 0 -23.4 -22.2 3.690 -3.075 0.0 0.0 0.0 36.7156674 -4.4912629 0.00 273.07 1.00 36.7156672 -4.4912666 0.00 269.39 0.90 0.000 38.457 15:56:54.79
75 0 -23.4 -22.2 1.599 -3.444 0.0 0.0 0.0 36.7156674 -4.4912629 0.00 273.07 1.00 36.7156672 -4.4912677 0.00 269.34 0.98 0.000 38.457 15:56:54.90
75 0 -23.4 -22.2 2.091 -2.706 0.0 0.0 0.0 36.7156674 -4.4912651 0.00 271.39 0.65 36.7156672 -4.4912677 0.00 269.34 0.98 0.000 38.457 15:56:55.00
75 0 -23.4 -22.2 0.984 -5.166 0.0 0.0 0.0 36.7156674 -4.4912651 0.00 271.39 0.65 36.7156673 -4.4912688 0.00 269.35 0.96 0.000 38.457 15:56:55.09
75 0 -23.4 -22.2 2.706 -0.615 0.0 0.0 0.0 36.7156673 -4.4912664 0.00 270.95 1.21 36.7156673 -4.4912688 0.00 269.35 0.96 0.000 38.457 15:56:55.20
75 0 -23.4 -22.2 4.674 -3.690 0.0 0.0 0.0 36.7156673 -4.4912664 0.00 270.95 1.21 36.7156673 -4.4912699 0.00 269.40 1.00 0.000 38.457 15:56:55.29
75 0 -23.4 -22.2 2.337 -1.107 0.0 0.0 0.0 36.7156673 -4.4912664 0.00 270.95 1.21 36.7156673 -4.4912699 0.00 269.40 1.00 0.000 38.457 15:56:55.40
75 0 -23.4 -22.2 6.396 -3.198 0.0 0.0 0.0 36.7156673 -4.4912664 0.00 270.95 1.21 36.7156672 -4.4912710 0.00 269.37 0.99 0.000 38.457 15:56:55.50
75 0 -23.4 -22.2 1.599 -2.214 0.0 0.0 0.0 36.7156674 -4.4912684 0.00 268.75 0.44 36.7156672 -4.4912710 0.00 269.37 0.99 0.000 38.457 15:56:55.59
75 0 -23.4 -22.2 4.182 -0.861 0.0 0.0 0.0 36.7156674 -4.4912684 0.00 268.75 0.44 36.7156672 -4.4912722 0.00 269.35 0.99 0.000 38.457 15:56:55.70
75 0 -23.4 -22.2 1.845 -3.321 0.0 0.0 0.0 36.7156673 -4.4912697 0.00 269.66 1.37 36.7156672 -4.4912722 0.00 269.35 0.99 0.000 38.457 15:56:55.79
75 0 -23.4 -22.2 2.091 0.492 0.0 0.0 0.0 36.7156673 -4.4912697 0.00 269.66 1.37 36.7156672 -4.4912733 0.00 269.28 0.96 0.000 38.457 15:56:55.90
75 0 -23.4 -22.2 3.936 -4.182 0.0 0.0 0.0 36.7156673 -4.4912697 0.00 269.66 1.37 36.7156672 -4.4912733 0.00 269.28 0.96 0.000 38.457 15:56:56.00
75 0 -23.4 -22.2 2.337 1.107 0.0 0.0 0.0 36.7156673 -4.4912697 0.00 269.66 1.37 36.7156672 -4.4912744 0.00 269.30 0.99 0.000 38.457 15:56:56.10
75 0 -23.4 -22.2 4.920 -3.813 0.0 0.0 0.0 36.7156673 -4.4912697 0.00 269.66 1.37 36.7156672 -4.4912744 0.00 269.30 0.99 0.000 38.457 15:56:56.20
75 0 -23.4 -22.2 2.829 -1.230 0.0 0.0 0.0 36.7156674 -4.4912719 0.00 273.63 1.04 36.7156672 -4.4912756 0.00 269.34 1.05 0.000 38.457 15:56:56.29
75 0 -23.4 -22.2 5.904 -4.059 0.0 0.0 0.0 36.7156673 -4.4912731 0.00 273.63 0.95 36.7156672 -4.4912756 0.00 269.34 1.05 0.000 38.457 15:56:56.40
75 0 -23.4 -22.2 1.599 -1.845 0.0 0.0 0.0 36.7156673 -4.4912731 0.00 273.63 0.95 36.7156672 -4.4912767 0.00 269.36 1.01 0.000 38.457 15:56:56.50
75 0 -23.4 -22.2 5.781 0.246 0.0 0.0 0.0 36.7156673 -4.4912731 0.00 273.63 0.95 36.7156672 -4.4912767 0.00 269.36 1.01 0.000 38.457 15:56:56.60
75 0 -23.4 -22.2 2.952 -2.583 0.0 0.0 0.0 36.7156673 -4.4912731 0.00 273.63 0.95 36.7156672 -4.4912778 0.00 269.46 1.00 0.000 38.457 15:56:56.70
75 0 -23.4 -22.2 5.412 0.123 0.0 0.0 0.0 36.7156673 -4.4912753 0.00 270.90 0.98 36.7156672 -4.4912778 0.00 269.46 1.00 0.000 38.457 15:56:56.81
75 0 -23.4 -22.2 2.091 -0.492 0.0 0.0 0.0 36.7156673 -4.4912753 0.00 270.90 0.98 36.7156672 -4.4912790 0.00 269.64 0.99 0.000 38.457 15:56:56.90
75 0 -23.4 -22.2 0.615 -1.476 0.0 0.0 0.0 36.7156672 -4.4912765 0.00 268.71 1.04 36.7156672 -4.4912790 0.00 269.64 0.99 0.000 38.457 15:56:57.00
75 0 -23.4 -22.2 1.845 -3.567 0.0 0.0 0.0 36.7156672 -4.4912765 0.00 268.71 1.04 36.7156671 -4.4912802 0.00 269.88 1.01 0.000 38.457 15:56:57.10
75 -1 -23.4 -22.2 0.492 -1.230 0.0 0.0 0.0 36.7156672 -4.4912765 0.00 268.71 1.04 36.7156671 -4.4912802 0.00 269.88 1.01 0.000 38.457 15:56:57.20
75 -1 -23.4 -22.2 1.968 -4.674 0.0 0.0 0.0 36.7156672 -4.4912765 0.00 268.71 1.04 36.7156671 -4.4912814 0.00 269.94 0.90 0.000 38.457 15:56:57.31
75 -1 -23.4 -22.2 1.107 -2.952 0.0 0.0 0.0 36.7156672 -4.4912765 0.00 268.71 1.04 36.7156671 -4.4912814 0.00 269.94 0.90 0.000 38.457 15:56:57.40
75 -1 -23.4 -22.2 3.813 -2.829 0.0 0.0 0.0 36.7156673 -4.4912787 0.00 273.82 0.59 36.7156671 -4.4912825 0.00 269.99 0.96 0.000 38.457 15:56:57.50
